811.086554274
924.345982497
924.604956826
926.27691443
925.120660443
924.138894205
924.825744846
924.018752625
936.381178849
941.863290047
939.322129082
928.067707507
927.196982497
924.597592996
927.179305447
925.728963035
923.196681836
922.516228316
942.259791602
942.89671762
938.991161353
933.390174572
923.95879572
926.25149144
926.057028794
926.28053035
924.996831128
923.927812062
923.15336537
935.85382465
930.627547045
928.683869362
925.420222957
925.812454086
927.25666991
927.130638381
927.511591829
925.416341245
924.409281712
936.798803815
924.109475301
923.969028005
928.026262933
923.688726459
924.620866148
927.920060335
927.157046322
927.029792526
927.396138186
925.827041634
922.204889883
924.197354726
928.222632828
925.169157977
925.043373152
926.529423511
927.067892954
927.024734138
926.041476839
938.635213702
929.346221098
923.671353559
921.691357448
928.916374562
926.726989883
926.887154475
928.675493188
929.74201596
929.765206695
928.483613858
929.70220942
923.096022957
921.310525088
929.460290548
927.290994161
927.892780849
929.078144025
930.011619938
930.831577657
941.614464383
928.986830284
928.104977423
922.747296498
921.363367561
931.979305718
927.607604515
928.547431296
930.611388478
932.018548676
930.620312573
928.551529389
928.638624367
923.745006223
921.826638662
931.529086737
927.973668872
927.650152529
930.364097703
930.179321526
941.82462797
929.10746594
928.251438692
927.916097314
921.715097238
921.250236873
927.317270323
925.752350195
926.72941323
927.117648891
927.830745426
928.483427404
926.614614636
926.534195018
922.235867756
921.553755348
929.112665111
925.893791829
927.053994163
929.28739782
939.663179907
928.489247567
927.872523939
927.537147528
926.538266641
923.245990665
919.545056787
928.710513997
925.94245214
925.589393774
928.695838069
927.877133126
926.813600623
926.76610977
927.510176333
923.115014391
923.279131855
933.14411042
924.814677043
924.589792996
942.066651734
923.747395874
924.275602569
924.630667186
925.626467315
926.023724125
922.884357448
924.311866641
929.903938569
926.812731128
927.713482101
925.327920233
924.9958607
926.116536965
925.134625535
924.050506615
927.444872034
934.82756804
943.917545101
934.962553092
936.792082944
927.17815247
924.816825292
925.155799222
925.123253307
924.038968093
923.81233035
930.001903577
936.4423507
957.452655266
936.942829638
930.638120965
924.715785298
924.931488915
925.8805317
924.645934656
924.178656165
936.97327605
947.116471229
960.351633113
938.927685481
928.194921851
928.690783048
926.516577207
927.970127188
929.445203812
926.64406804
929.129230949
943.65198717
961.642777691
959.568147299
940.646260886
940.234895023
932.692124806
933.631652799
932.309227061
932.946722784
934.11783126
953.467421298
960.50290206
931.834270428
936.315438569
924.331303384
924.284652275
926.653397276
926.990579767
925.208304669
921.822131466
922.87161338
937.271554044
944.999606532
932.277266719
925.215052898
925.471998833
925.2185393
926.281223346
926.621617899
925.493592996
923.129170428
933.242143913
932.436255941
929.680714619
928.680214619
924.992268482
926.575326848
928.906964578
929.0974819
927.484175944
926.637538132
926.110155642
926.8298028
924.890949067
928.111485226
925.632049416
926.488606226
929.053037369
929.659433801
928.527196185
927.610444358
927.90916965
928.372931277
921.904204979
920.451326721
926.096767795
927.051185603
926.018364202
925.833787077
926.174243769
925.584629428
928.761175234
928.052012067
922.062675613
921.299518864
926.070659666
927.678991436
927.088246399
926.359362539
925.923028816
926.387196651
927.515384585
925.819174609
930.459790191
925.101325681
922.642366394
927.256006223
928.456507201
928.742483067
928.14367757
928.61823014
932.021616433
931.111637072
930.69928933
925.20050856
923.663859588
929.306510307
928.52160218
928.228169327
928.623425234
928.75192053
929.537373198
918.559755773
929.064059579
928.621123442
925.629909339
921.847479191
930.601893816
928.674695601
928.962935383
928.289887807
933.219620569
932.459708723
930.504535826
929.095422897
925.076237743
921.211813691
929.795491249
929.233047489
929.037930712
930.396735592
929.022884301
919.795009785
928.844501558
927.686913941
928.03330919
924.012764202
920.766130688
927.054077402
927.641476839
927.435715064
930.88247352
931.179970004
929.389199455
928.700746106
928.654311137
923.606305058
921.457399844
927.709320109
927.079270144
928.219864149
928.350155495
923.928111806
927.293578107
926.659818855
926.462557243
926.182249221
923.945782879
921.442411513
926.903826916
926.743294667
927.817951713
931.350275701
924.700850857
925.809718847
925.684561526
925.732811526
923.100190272
920.677655776
929.493373396
927.246562257
927.791831841
923.027745504
927.239976246
928.295787383
927.416184579
926.928084079
928.163069677
923.008854086
921.113318942
929.228988725
927.149056809
927.285685214
926.261017517
926.429183729
926.507611522
926.79124601
927.704462826
923.213275768
924.071518086
936.241649689
927.870566926
925.378386088
924.210819844
927.43278513
927.465415726
926.407799611
926.190133852
924.903149027
926.421511474
929.539737558
950.614638414
938.513676779
927.017703228
925.549506615
926.757383807
926.313458933
925.38963035
923.684524903
928.8136979
938.182348367
955.514602798
923.311010156
929.501843252
929.862534033
925.781925292
927.212026459
925.979562427
925.332728121
924.889586931
935.709713841
962.532853033
961.378649825
937.739800544
936.837572706
932.932422404
932.337694282
930.07453909
929.652000778
930.280279938
946.932029549
960.028437621
934.358505263
929.712238725
924.919247471
925.031423735
927.153654475
926.828468482
927.267383418
925.597867315
924.027280545
928.850471023
935.005830482
930.139046285
924.089691051
926.334701946
928.327513429
927.552360062
926.762243675
925.789760311
926.264270428
924.031043952
926.88650234
922.775963438
927.640466356
926.492943969
927.732186065
927.462574543
927.562536785
927.132746205
926.631844687
926.240182561
920.712721509
920.111858032
929.009299494
927.097418451
928.190057243
928.504430074
926.570800234
928.488468069
926.684632542
926.884995329
918.101097027
924.94160856
922.828068845
927.39515986
929.897147528
928.555569093
929.320715232
927.70815933
929.153380452
932.338750779
931.543949766
925.235267315
922.972742513
925.296088681
930.025368626
927.61320397
927.186382548
926.933127825
926.459015582
927.828430685
916.629012529
928.97617134
925.946978599
924.298207393
924.691177043
925.148445093
924.298683411
923.060526295
922.841183872
930.22343319
931.062410206
929.805782236
926.515854086
922.940884436
924.061698833
925.177504673
924.822234424
921.641058044
921.744141855
924.215533307
909.000659349
929.95220335
928.925040125
927.061926848
923.502278599
926.999879767
928.206494938
927.159517913
925.232788469
927.576052221
929.785730035
929.678166732
929.188830152
927.108352666
923.135149027
926.709901167
927.613737539
926.69726986
923.884555512
925.652775136
909.357186129
921.731957928
923.809153876
923.916303078
924.84046049
924.009219455
925.002619066
929.484189642
929.690044782
929.229576549
928.924011302
922.873222828
923.967328009
925.145300351
925.608970817
922.946068872
925.058351751
928.437827492
928.703174455
925.000865602
906.948854845
921.015318005
921.132152318
924.677559408
925.945583561
926.333908949
924.0553
925.888601711
928.783237446
929.646756231
930.595502143
923.355450331
923.762701987
925.020061526
925.812091511
926.546197276
923.154950584
927.737168872
927.002774231
925.913238225
908.777631517
925.094014414
925.607386054
925.992629529
927.591088396
928.950851246
925.125569261
920.93230105
930.562197588
925.832763721
926.771799144
928.628325545
928.166257788
928.517625389
927.710087617
929.072653816
923.780723735
920.26663555
930.94531182
925.573021401
916.036663665
925.21798249
925.558173998
926.857570261
926.167073959
928.201701051
926.721161089
922.951843252
921.609285492
945.328559098
931.778478024
925.023509339
926.308423511
927.521022188
926.055600234
925.52488677
925.9174393
927.19379541
930.692381415
949.584984837
920.577018395
924.885835862
925.080168806
924.735143191
924.483644358
924.641471206
922.65954648
921.52179191
928.859107351
953.03104549
959.45385892
933.290295101
931.72598367
927.356454687
927.467615714
924.24577713
925.107730066
923.418674057
938.748006998
954.798680016
925.345579461
929.079546091
925.516383268
927.446559751
929.037335539
928.118863318
928.236278318
927.040820163
926.505609576
923.115191365
927.260258265
928.397544146
926.666223433
927.095080965
928.621814325
928.63094743
928.429750097
927.234137797
927.157398988
921.537121354
928.750900078
921.469671723
927.308138468
928.359927598
928.344048657
926.306022196
926.54660514
926.432119938
928.019544003
929.720797118
923.838379377
923.567500972
927.201068067
928.262950175
929.191428961
925.990820802
924.867472536
926.055223997
926.990002726
927.609227804
920.711763004
924.442956031
923.397759922
925.595750195
930.153041667
924.845021417
921.741499805
921.181228761
921.224984418
931.680078722
932.077518894
927.254467886
924.168868821
923.910340078
929.454667835
922.891329439
917.792138737
918.295437427
917.844510522
926.409130892
909.562237853
928.662952474
927.245065784
924.428911284
924.663798054
922.815260514
922.622971952
915.041091582
915.378927096
925.299254482
929.367194001
926.4141418
926.738985598
924.455832296
924.592315175
922.407703545
921.757806389
913.652316959
916.494346979
921.042610764
899.193651355
925.258169914
925.087207716
927.091551402
924.339587549
924.664644747
924.700129334
923.467507986
916.350103704
918.772930994
921.490175507
925.020174201
925.911589634
927.382073959
924.778959144
925.180136187
924.956084534
924.675954811
917.381173489
919.057956725
904.364862583
914.840552437
922.105406628
921.286410756
925.354309459
926.024660311
925.562693774
929.296197896
929.382392676
918.257014815
919.381079532
917.129857366
922.608976228
922.669971161
926.130189179
925.059114786
924.261742802
927.287575545
929.097812622
919.345332164
901.90086062
915.091317739
917.592206547
921.794320733
920.50888508
927.606675749
924.762222957
924.128667704
929.525580997
929.689544393
923.284657443
917.13040491
918.413757989
921.983103233
921.669082976
927.855511872
923.739779767
924.623394399
929.258791667
925.700629673
903.629826991
923.428042885
921.898516758
922.612816128
926.862694585
931.257251266
926.841061503
924.154246693
928.931714008
928.481347995
928.813479953
927.62188469
925.637064667
926.903852746
929.578600078
930.137242601
927.08758677
923.094463244
932.155677168
929.343739977
903.824273048
926.091709615
926.469475857
927.79208528
926.759939642
928.157089529
927.963034255
922.680987938
919.710863477
935.966872473
926.010691051
923.70849144
925.95033009
926.906610743
925.427367847
926.165191514
926.60001051
923.65979541
923.183580319
939.225965785
919.026481597
925.689984442
924.91008557
925.703865759
926.932531128
927.184342023
923.976651362
925.089535798
929.001833139
948.349013997
960.384884182
928.007071956
928.30342007
924.81384014
925.796351225
924.861264489
924.943227927
923.581590821
929.976805988
951.74042846
921.390568918
927.3854648
926.960936551
927.31369638
928.587688206
929.141778037
928.205235111
927.111273258
926.983865706
921.743175807
920.139300661
925.569005445
927.69959673
928.003944336
928.158060748
926.446434969
927.347215037
927.878662773
927.10480615
923.234461868
925.551866406
921.069334111
924.280911708
927.845413001
929.967156153
923.780941566
924.21415037
925.445911959
925.392384735
931.150044393
924.489503502
922.984801167
924.476566537
929.27309891
928.180410436
921.172594468
920.01416251
920.80071718
923.382502532
927.859579665
913.699027027
926.583634099
923.969523735
924.937881712
929.188790109
923.244430074
915.751309821
914.391281481
915.992960639
931.563207246
931.142500195
927.695607477
924.721708171
925.011383268
926.772085703
922.274587067
913.759574659
914.251082651
912.40891462
924.402104443
903.623905845
923.579102104
929.298709225
927.315346438
927.332501362
922.46451325
921.666903779
914.828233918
915.603904056
920.244692008
925.155860094
922.699261886
928.396517523
927.470843519
927.195562865
922.061024153
921.159774357
914.98517271
915.224559282
916.677816764
902.788321555
917.827024172
918.452073655
925.699436916
925.759402102
925.141792137
921.074082976
920.378761979
916.004174337
917.44551248
917.809815523
916.975635867
916.517801949
926.217299182
926.022847022
925.35430428
920.509082587
918.804322945
915.09926248
915.480447738
905.239633333
914.109898635
916.337306433
916.999304873
923.615975857
925.770328143
924.632570261
924.289179587
922.282634451
916.721886895
918.484120905
915.550784795
918.746303042
918.209755651
924.607196651
925.55040288
924.859316732
922.876031944
920.21419478
914.714553216
898.763172035
915.455576443
914.653299415
916.189157895
918.072970772
928.087166667
926.275813546
925.266780545
928.198800935
926.575626802
917.039208577
913.320989474
914.424558674
920.235003897
918.904219408
928.165047508
925.961477821
924.653622568
928.526100078
925.795959486
901.701103259
914.337534684
914.165240546
916.067626901
919.977365018
928.369021036
926.351534838
925.397997276
925.096031505
929.067635903
929.719755841
920.854646921
920.269656274
921.929110678
923.985750682
930.171173744
927.432260413
923.250502724
927.786271101
926.502564422
905.419048627
925.206134294
926.356315933
926.864047137
926.186594858
929.280433411
929.126115654
924.2246607
920.668198366
935.853923376
925.078849805
924.706742412
926.979509346
927.290830218
927.407455218
927.919981316
927.441705607
924.573419681
921.071505251
938.988970062
910.964557994
926.157516732
927.488147082
926.711664072
926.637581549
928.420735695
925.103791051
925.697624903
928.468278988
942.61462466
952.109928849
928.610249708
927.284426293
925.525403113
925.407072763
925.012169261
923.852946693
923.706884481
930.322583204
945.478917963
926.631037876
926.518096461
927.613304399
927.838543402
927.761911604
928.179996106
927.42146067
926.605038536
926.754851693
921.851954086
917.982841307
925.642336965
927.58585325
927.552610354
927.709049085
925.133848072
925.670753505
927.915271417
927.593042445
924.127466537
926.616459375
921.166843252
923.927892218
927.767832944
928.902885903
919.458163226
921.250151988
920.959029996
923.895307363
930.973290109
925.248736965
922.684121401
923.83934358
925.153709388
925.10813245
916.296215511
914.356925565
915.282339829
919.230135567
925.589223997
906.343714005
926.156761775
924.643557977
925.098745136
928.307678613
919.217758083
912.82037193
915.312700585
913.877076413
924.570397116
924.344614575
926.456543402
925.24574854
925.795702608
924.144263732
917.667051811
911.8338
911.015109984
910.277016374
920.357508772
901.500542779
917.787547935
925.920800311
925.963583885
925.882144803
917.207888542
915.887331645
911.316629485
911.649917317
918.254803822
919.909419493
916.649814035
925.920385903
926.298051771
926.002400545
917.122035478
915.490395168
912.484147036
912.969387046
914.72924337
898.232879371
914.742681092
915.862298246
925.23543397
926.125184508
925.243996497
918.609158613
917.669676539
914.074134555
918.333445181
916.953041342
914.778469396
915.94576053
924.684952492
925.412705722
924.936716232
917.502736555
916.007068589
913.979094067
914.103465679
892.556847424
916.494641576
915.643807018
917.528913807
925.326181075
926.709012456
926.257726742
919.669591972
918.449944661
919.63720952
919.768450254
913.363236349
915.287952827
914.60554191
924.026246885
927.274415726
927.00585325
920.838398675
918.162212393
915.008315133
897.525680441
914.067573156
913.344575663
912.421104873
913.617560624
926.383299065
926.000184897
925.626898793
921.866669914
924.5680682
916.847522231
916.214014821
914.537853744
916.540293177
917.505054581
928.807435748
926.825905021
924.870363813
929.011190884
923.119914686
890.088312352
914.250684211
912.926403899
916.021351267
918.860543648
923.432289669
927.361674582
926.441083268
925.024292218
931.007214174
932.07507905
919.110148148
916.706925955
917.567834762
922.470019868
928.392392676
927.270178279
924.937424514
927.948870867
925.409437914
900.552489395
925.830601401
921.982989482
922.470619641
921.606655629
928.80835411
928.913021417
925.102954475
922.541819914
935.353191754
926.868244842
925.966229272
926.60177609
926.853275312
926.689400312
928.243699883
928.715069677
923.768462646
920.010101906
937.510608865
904.74324
926.963100778
928.044896109
928.890336318
928.387126119
928.397297781
927.794203581
927.273448813
924.644522754
937.032684559
951.196133748
926.235994166
926.122328277
926.769731128
926.413001946
926.036727237
924.852205058
924.816704669
930.365631661
941.198622473
921.527954617
926.640920233
927.801042818
927.464718178
927.373218069
925.538223131
925.985981308
926.541380841
926.392572207
922.475836965
919.52472501
924.002272374
927.012279595
927.128426012
924.950885469
923.237134398
924.474212783
925.187727414
925.899392134
925.768472763
921.868512119
922.079731907
924.783894942
927.377742601
927.256390187
916.61739127
918.319039361
918.102191738
921.780047137
932.425697702
926.310708058
923.360935409
924.221559533
925.506974679
922.321065056
914.263895517
913.344649513
915.345387524
918.398659782
926.282712783
912.159209248
927.797348774
926.016363424
926.068475486
925.7998321
919.963656274
911.669928655
912.521878315
913.260887719
923.517214731
925.473110678
927.217906153
926.552762554
927.040598677
920.087860094
915.987127825
912.146391186
911.782870515
911.017216459
918.115336062
909.935435566
917.62074386
926.406397196
927.03496847
927.189069677
917.846121637
918.84802885
914.534507998
913.563095981
919.558561061
917.494702028
916.787669396
926.921061916
927.583347606
927.011342935
916.902203119
917.92074386
913.264665236
913.628252048
914.413472883
889.000212825
912.875531201
912.333623635
924.697542267
924.81521487
923.540683924
916.083477379
916.296793762
914.15516309
917.513072961
916.908212641
915.69100858
915.138346724
924.697775526
924.908512262
922.843961464
915.883483431
916.100062768
914.988120562
915.13109364
899.92518956
914.029778298
913.027901326
914.779934477
921.901823988
925.758809579
924.460651615
916.01537154
916.660050292
916.105113539
917.671063597
912.528371194
913.7502539
913.820861934
921.058698209
925.607363707
923.82172752
916.592648596
916.906425731
913.876457277
891.215983097
911.23909286
911.570632852
912.518853354
913.027311232
924.942065031
925.996704165
925.457698715
917.195983242
917.721222525
918.955088958
912.192269606
911.603181747
913.320093957
914.630271061
927.250491822
925.332769949
925.481755936
922.216379431
923.66043219
891.348677153
911.232337363
913.347904446
911.900576833
913.61079922
917.210988304
925.692220794
925.76509926
923.733758366
930.576900662
930.394673159
915.32128577
914.830547758
915.603683821
918.717184334
922.876098597
926.996364097
924.945096498
926.243388954
924.720510125
908.772239122
924.74648014
916.251551832
917.772356586
918.087916212
928.453608103
927.617046747
926.68458661
923.268054475
935.614057176
928.11472752
926.129405605
925.576081808
927.564036619
926.779349435
928.633731698
928.223995327
925.01556537
919.445339946
933.733062622
903.526446408
925.735754086
925.670303113
928.741360592
927.819051402
927.895262461
927.236179837
927.044915921
923.798979774
934.145492026
947.941475894
924.545213619
924.967048249
925.925606851
925.898836902
926.352383418
923.605620623
925.774570428
928.442013224
939.907084759
927.534347656
926.738888759
926.504274533
925.523245717
927.142030386
926.839160109
927.918807557
927.627993769
926.793369548
923.149772763
919.020568261
924.438318677
926.209442757
925.98208567
922.177309821
922.172269786
922.541720858
924.817249318
924.019111804
927.126954068
921.453084017
922.11181323
925.658550195
927.957874562
927.285466693
915.600196025
916.197539571
914.628989088
919.833164005
931.179485392
926.316896458
923.661570039
925.554672635
921.877343981
920.213720187
913.799538791
915.789435867
913.619431579
918.031318784
924.546075214
914.155908735
925.956405995
925.862373297
925.397688984
919.276217849
917.498284879
913.711157566
913.478887285
914.955305382
918.465281481
921.034687719
926.255725467
926.00485325
925.303178279
917.941341264
916.313150097
912.23668345
911.891561451
912.795159969
916.919082716
889.466201889
916.792891618
925.415913162
925.528045543
923.536174776
916.601364912
915.512747368
912.075204058
912.007120219
917.45302341
916.475326053
914.939080702
927.043063888
926.097532892
925.919483846
913.900163353
913.531374269
911.000795472
909.228486339
912.584765418
891.691133648
914.17324883
914.281027691
923.299262174
925.21206812
923.900553738
916.013163807
915.726452242
913.220897346
917.474613193
917.427200234
914.634429407
913.775317863
923.836793533
924.760399766
924.059613079
915.295957115
916.966538402
911.532120609
912.88567747
877.846266351
912.03465002
913.194056942
912.422524776
922.342794312
925.814594626
924.357258567
916.254707602
916.558091618
918.134800859
918.141939914
911.297400702
912.857392746
913.289054992
922.504000779
925.123558411
923.564954846
916.164205458
916.93680117
913.842738876
887.978371361
910.774938329
909.263458057
910.523055772
912.128118611
926.15061044
925.372150642
925.242908525
916.718891618
917.863481871
917.453156847
913.143217714
914.013450254
914.646351657
915.367489669
926.989269081
926.292079439
925.537377968
922.400819564
919.735894388
891.795467767
909.861597504
911.911091299
911.439799532
915.013623782
917.092447563
926.439975078
926.241025302
924.783105447
931.420164784
931.87523023
914.478274464
915.17649805
913.884319298
918.002487919
922.408197973
926.183017134
925.69069638
925.419273541
923.07954595
886.036434252
920.998656542
916.690237037
913.727598987
915.579678878
927.687033113
926.76450409
925.573676139
923.923728794
934.517852198
928.482964188
926.345202882
925.969886249
924.011423452
925.959940397
929.711504673
928.952337227
924.252998444
920.382905095
932.886348503
905.358079639
925.740565979
926.864267419
929.638281153
928.750604361
929.196889408
927.441169327
926.643116044
923.638079736
931.304848308
945.650143857
925.877385603
925.880547082
926.721491242
925.844970806
926.724783963
924.776775486
924.131722568
928.153738234
937.886478413
924.654324863
927.163589654
928.809948598
927.0120331
929.169127776
925.389434359
927.166194001
927.13716433
926.802544782
924.180710117
918.688241151
923.623430739
925.772331386
925.259968847
920.077124318
921.514585737
922.174110245
925.155530191
925.342003896
926.647236668
924.819882031
922.816794163
925.870181712
927.395120764
925.251396572
915.820589864
914.432757115
917.031576053
919.873458301
933.882761496
926.251337096
923.611862646
925.60153912
921.757777951
920.811340218
915.617333723
914.513529641
915.410558285
918.704650682
922.822609509
903.042775991
927.109101246
925.853159984
925.623028416
918.651273578
916.253319174
913.367363105
912.974196178
914.338881825
917.72865731
920.142070565
925.356936526
925.425217984
925.688952103
916.43754308
915.273440936
910.365555599
910.604684744
910.979893484
916.83175156
899.625017296
915.712807797
925.455201792
925.708739198
924.864499416
914.613739181
914.533776218
910.937662763
911.655806011
917.090532579
916.140551482
914.563421053
924.27655785
924.994973141
924.591750097
912.838911111
912.88548655
909.212508977
910.082514052
912.680820062
884.75443189
914.206041342
913.900562232
924.765540319
924.989945893
924.283383028
915.773336583
914.812815205
913.32109758
918.691474629
918.665850507
914.719229329
916.028265211
925.857953253
926.458029194
924.270755158
915.66891384
916.588580117
914.001779859
913.576176425
879.798736697
909.503076893
913.490409126
913.749170113
922.507636151
925.644557632
924.830324766
915.697676023
915.961617544
913.987613193
914.933527713
910.447617486
913.408835023
912.66899922
922.905605376
925.065692877
924.885273364
914.949299805
913.478645224
913.05732904
888.589626672
910.893165496
912.550130316
912.904650156
913.342087754
927.72603545
926.914234722
926.992268692
918.63771462
919.480072125
919.463661725
912.236005072
910.732239563
913.874216069
913.024169657
926.761093458
927.805483067
926.84025107
920.264642634
922.164703429
892.030994888
912.280691498
911.191538222
911.28450585
913.510141186
917.666790253
926.259177181
926.750635656
925.276539689
930.930397351
931.796191423
915.717369981
914.721041732
914.257252242
918.961474464
924.651641326
928.726535826
926.550597898
926.785532296
925.110273754
894.40406921
924.578456564
916.894010522
917.532791504
916.672992206
929.344314108
928.974240358
927.463039704
924.66467393
935.172700895
929.854199689
927.928187695
927.530264122
927.041726033
927.671299961
929.612160826
930.106311137
925.181138132
921.8167993
935.970945158
904.596579898
925.774612301
925.578066174
928.6741418
928.213957555
927.693745717
927.135666018
926.60266991
923.024246304
932.476215091
945.956302488
924.694236965
924.468029961
926.046026859
925.809072402
926.047804593
925.368484235
925.204785603
927.112887592
934.763068067
913.963768326
926.45369506
926.900202103
926.841910826
927.605935748
927.59281457
927.482544605
927.253229751
927.762399533
922.337487938
918.679239984
924.771382879
926.327303349
925.753327492
923.23946046
919.800329306
922.571430853
925.339410596
924.718722244
927.629515765
920.148662627
922.713025292
925.045351362
926.980280093
926.304730814
914.662434528
915.235408577
916.576629774
920.581931048
932.135074016
927.355086838
923.912395331
926.102905447
926.350958301
925.417546376
915.191844055
915.343112758
914.37688577
917.362127046
923.481575604
904.892239514
927.944507201
925.887713507
926.247111327
919.279333593
915.397381917
913.662854524
912.760421607
914.590148986
917.237589084
922.077351267
927.231173744
926.261632153
926.416094979
916.798963757
914.856482651
910.087230979
909.525040968
909.557738197
916.74701053
893.065922895
916.192938402
926.260721573
927.161655897
926.007658233
915.43345614
915.044025351
910.367253219
912.254630511
917.609403043
915.90699337
916.359700858
926.171509544
925.990281043
925.202530167
914.412033918
915.286157895
911.028722981
909.230734973
914.062464871
895.398433124
914.56574064
914.23674961
923.782890144
925.852081355
922.71558622
913.856023002
915.544318519
911.573811475
912.16264676
913.274298985
915.747917707
913.940726989
923.968134788
925.70106812
923.303391981
914.60825692
915.4518
910.461343482
912.81586534
885.038686614
912.327459618
912.921943448
913.855351404
922.121644721
925.868568704
924.183695212
914.46311501
916.931320468
916.330624659
916.68588295
913.893128856
914.174565523
913.438402106
924.357697584
924.894468665
923.973144803
916.089928265
917.267109637
913.632921155
896.902843222
909.590273614
909.232685525
911.482840094
911.216062793
925.119692248
926.322740755
924.862242896
914.891362183
918.224328265
916.773891143
909.879784237
910.624173234
913.919189938
913.04851345
926.308542267
926.833518879
925.34999494
919.391386984
920.313991816
887.6030244
911.223369099
910.877436427
913.325186817
912.911614815
918.865226121
926.902904206
926.121488906
924.653824125
930.174977795
929.477968056
913.216482651
912.211311891
912.838809747
917.988553001
921.577279813
926.831740654
925.733592218
925.517396498
923.668860202
893.276083465
924.278899494
917.088022603
917.536610136
917.755413094
930.69311492
929.878715232
928.189988322
925.174481712
936.538388954
929.689946672
928.006596341
926.165534086
926.314519283
927.532340865
930.537589564
929.169756231
926.124474319
921.949411513
935.148940513
908.40932549
925.109071206
926.155473336
928.9892831
928.87078271
927.91135514
927.197634488
926.84018334
923.593089105
929.696283936
945.694897356
926.157828794
927.652207782
926.079932269
926.265110938
926.921490463
925.872653562
924.768650973
927.83437184
937.156099145
917.755180501
928.479450797
928.212237446
929.701339174
928.417104012
926.798071679
926.97919478
927.774656153
927.639524922
924.287900778
919.985417347
926.505673541
927.986186599
927.770199766
922.837688352
923.351901403
923.274879236
926.429634593
925.843351383
927.910472557
919.805972624
922.499833852
925.571803891
928.569449162
928.600872614
915.801047935
915.679153216
916.095195246
920.89443297
931.597463966
926.630521993
923.34493463
924.998721401
922.799161667
921.681820343
915.275049532
915.450748928
914.915349844
916.505596648
924.34636438
905.443476863
925.76129856
926.009300117
925.448745815
918.190993375
916.07756742
913.800574103
912.019620125
912.7855078
917.921279922
920.554804678
925.545163162
926.132458544
925.453728299
917.131623928
913.915062378
910.658317206
910.87425517
910.995244635
916.847207878
899.919779175
914.666584633
925.096586677
924.904254963
923.984924873
915.831007797
914.632454971
912.321918845
911.058182741
916.646271167
916.583870905
914.409728337
926.3186194
925.655417283
924.087749319
914.551446394
913.414401559
909.686552478
908.927178376
912.379444791
883.200952756
915.260327223
914.767773401
922.882178418
926.524147917
923.652259245
916.188217544
914.929164912
913.549351678
917.247437158
916.173544106
914.779810842
914.600135725
924.771950136
926.170564422
924.587359284
916.199849903
916.742907602
911.851909836
913.483166667
885.032012603
911.105337237
912.344775351
912.047350624
922.844664199
926.270268587
924.07400545
916.129443838
916.28811462
917.803778298
916.807888759
909.776254489
913.132578003
914.423201248
922.446684846
925.516987933
925.158966135
915.624377778
916.284321637
913.203518345
882.722179921
909.448823185
910.297740148
911.252403276
910.127735959
927.318559018
926.242181004
925.642741534
917.147288889
918.982739181
917.246501366
908.303920016
909.44530199
910.993579173
911.093654971
926.529353972
926.216729467
925.349040093
919.625863991
921.036609357
889.579370968
913.587528081
914.309656128
913.469133385
914.425979727
918.037661466
926.346424844
926.573503698
924.580901556
928.873478769
928.088276695
913.729183626
914.895091654
915.086229329
916.702073655
921.775172253
926.288568925
926.185182172
925.501078958
924.250469237
896.247175314
923.481479735
916.57683827
916.200254092
916.3760947
928.190083788
927.947677055
926.394100039
923.589884047
935.107105018
927.815462437
926.488597741
925.43360148
924.727640436
925.225169069
929.073334502
928.777871495
925.532899183
920.698090237
933.816323221
898.989207236
924.824012845
925.56044492
927.844655763
928.031385903
928.433013629
926.388996497
926.61568587
922.8290607
929.586929988
945.674826983
927.711627626
928.087182101
926.150647334
925.9213297
926.400796419
924.971897276
925.1348587
928.732411902
936.034630249
916.177360219
927.669120187
927.721188084
928.649564642
928.515529801
927.654644332
926.6710331
926.640134735
927.765481106
924.760757977
920.642810191
925.669871206
927.571616044
926.302234515
921.61769887
924.263535283
923.455339307
926.136416829
926.16086176
927.393803425
923.252203675
923.087194553
926.097821012
928.177149591
927.581147643
917.172103314
916.933518908
917.006573099
921.477857032
934.515526685
928.294724406
925.836893774
926.872618529
922.700091157
923.133024162
916.905188451
915.863249123
915.70660117
918.885885814
925.515276306
898.826462898
926.443686259
925.734848968
925.658834177
917.45518901
915.362975058
913.537223653
912.575333853
913.24726131
917.277088889
919.657535283
926.680521807
926.506638381
924.967405995
917.189627825
913.593812086
910.888966055
911.657039407
911.703858369
917.08451014
904.18086073
913.268946199
924.014298287
924.766080965
924.062291942
914.093151657
914.116547368
909.424618416
910.40813427
916.521049551
915.874839704
914.032287329
924.799039735
924.613348774
924.50840288
911.048146199
910.977290838
905.800603435
907.110546448
911.29102419
888.088205199
914.502961778
914.965778081
924.01269926
925.296561308
922.720999221
915.232656006
916.050860819
911.364821624
916.227893052
915.200919984
913.150234009
913.700712168
925.099286438
925.841857921
923.138828727
913.85348499
914.60182807
913.311999219
912.700544496
883.447489169
910.792371585
912.650023791
912.948134555
923.496646669
926.031791748
923.951803036
915.99020078
917.137402339
917.178678376
916.396957845
911.434752537
912.405191888
912.642802262
924.247150039
925.778512262
925.235358895
916.645407797
917.36151501
913.994213505
893.03891978
910.172455894
910.078193133
909.859934867
912.409806552
925.684537982
925.672412612
925.304956793
915.122989084
918.246947758
917.652101444
910.502902068
910.352263363
912.82950429
913.076867446
925.889765966
926.741182561
924.926253795
918.456692907
920.908834762
889.6069107
910.074380655
910.181173947
910.95573791
912.474254191
915.28268655
925.600616044
925.39536123
924.871551751
927.304032723
926.328343981
915.067386355
914.292655361
915.434300195
916.029437256
922.760696804
927.688523939
926.148741534
925.253818288
925.733240748
898.469016903
923.681158489
915.590335931
917.705963367
918.225998831
929.159759642
929.775254383
927.297017127
924.973076654
937.017422015
930.138482289
927.071425623
927.237742011
926.114764706
926.501156603
930.682977025
929.443928349
926.607827949
922.529817581
935.217637884
905.341752355
924.894512651
925.500283768
928.284623053
927.642698209
928.475009346
926.710623978
926.91820436
922.864500194
929.123080902
945.783836314
924.050770817
924.234279377
926.971504866
926.638657454
926.515342546
926.316179767
924.738581712
927.113194088
937.199438958
919.508745597
926.763210035
926.031531724
926.856920592
928.521232087
928.195795171
927.9258582
927.364640576
927.360859424
922.612316342
919.018010891
924.582076654
926.03530296
926.604985592
921.650261784
921.513275916
922.312118426
925.151649396
925.43330257
926.067122568
922.029259578
924.563968872
927.18794786
929.943224776
929.631705103
916.616284879
916.806832814
917.121579501
922.389609899
934.303030775
928.347334371
925.545507004
927.409593774
925.864756525
924.920775614
916.110183626
916.629769591
914.082729045
919.012896726
924.862218713
908.397176793
926.241749708
925.088568704
925.020175165
919.779008184
915.820868277
913.97024883
913.796943838
913.50549064
918.204475634
920.642994932
925.52704595
925.684713896
926.004570093
915.903221746
912.156444444
908.209730784
909.365036286
910.101214202
916.84124688
896.097247739
915.80876248
926.926272586
926.824396263
925.567326197
915.70188577
915.777212949
913.180931277
912.097454936
917.590415919
916.350157956
915.305459649
924.847207555
926.011325029
925.655372664
914.924312671
913.843477193
910.994008981
909.906523029
913.691776044
883.861448602
913.295762481
915.11049064
923.786312817
924.603977812
922.5847174
915.434751657
915.012353216
910.413595628
914.91939071
915.432559719
914.025516771
913.461158736
923.039573432
924.41646088
923.69003933
915.158763651
913.842423392
912.244032397
912.081001952
884.403387008
912.602351288
913.271632215
913.291727663
923.135105181
924.986517711
923.460320358
917.016109162
915.619394152
918.174859485
918.188936378
911.810565964
912.653160296
913.170342434
923.758109077
926.234348774
924.921919035
917.749940351
916.514044444
912.185787276
878.862039811
909.207740538
909.08439641
911.704151716
911.975240546
926.669104402
927.479292332
926.644247956
916.367458869
919.181904483
919.460777518
912.14776815
912.214681623
913.711318253
914.796484211
926.988415498
927.317374465
926.598894511
919.521272408
922.749281761
893.847965788
912.012921576
911.883826833
912.628393916
914.2918846
916.649294072
926.541621885
926.377441028
924.925253696
930.283776393
929.400103663
914.770840156
914.309536452
914.259283821
917.954963757
922.657093531
927.744487928
925.433740467
926.682982497
924.805149922
892.412468295
923.639523958
917.474537802
917.088752143
917.728274854
929.665223218
929.020358785
928.249435967
925.13943463
937.896149358
929.450814714
927.925386682
927.858700429
926.315833658
927.574794702
930.359288941
930.870219626
926.034411284
921.713764294
936.282471801
904.786614841
924.163490074
924.702861035
926.875606698
926.883095405
927.710264019
925.788841183
925.579922538
922.76824786
931.095406457
944.129729393
924.283650973
924.549595331
925.8327645
926.261753601
925.375470611
925.006998444
923.901103891
926.867757293
935.613791132
922.450235133
928.467905873
927.884463215
927.923406773
928.1995331
928.868360202
928.462511682
929.112340732
928.576907321
923.394707782
920.351110463
927.136460311
927.951111371
927.129773364
923.147307752
924.549882353
923.180785742
927.82726529
927.045022586
926.926511284
923.622714732
924.008246304
926.192575486
930.689943514
929.442968835
918.894778254
918.060867498
919.868365302
923.20671679
932.58580561
928.181567925
925.299576265
927.252848249
926.293470772
924.420754967
917.315008967
916.841214815
916.967551657
919.390671863
928.20344583
904.361268733
926.165636824
924.765706111
926.119864539
920.204998051
917.844862822
915.217838534
914.423663807
914.169398206
919.444691228
922.107418713
926.848994548
925.94995835
926.047268976
919.441616524
913.493254191
913.497032774
913.879244245
912.545569033
917.6745154
899.557600314
916.195321637
925.475813863
926.827370327
926.344507591
914.950699415
916.297214425
913.567136169
912.685100273
918.231946157
916.108918487
916.175296296
925.364086449
926.102045932
926.234054496
916.598444444
914.373002339
911.587282481
910.365461568
914.346382364
892.882611242
915.122394696
914.78837037
924.313581386
925.983865265
923.882288828
916.777217154
915.91585575
914.014126024
919.586863051
918.389626219
915.15901131
914.952322543
925.404213479
926.086024523
925.128222265
917.396096686
917.252020273
913.499832618
914.631561451
899.747349431
913.263518143
914.040831123
911.106782761
924.011537203
925.481416894
924.950412612
917.52988499
917.003009357
918.633515412
917.371157689
914.634869192
913.73934152
913.443508382
924.379679003
926.048574543
925.210884391
916.142470955
917.583536062
913.384566914
887.123925197
909.291300819
911.959113929
912.753093604
913.531682917
926.865897586
926.210315687
925.080940444
916.674196025
916.440860819
917.276624659
910.306600078
912.674312915
912.342312671
911.728444055
926.226946262
926.258969638
924.803722071
922.836647701
921.539931021
886.70175915
914.750458268
914.181049922
915.41601248
916.458635478
921.110134503
929.07778933
927.637847801
926.35385642
932.224313985
932.207062719
916.882030409
916.695725926
916.681803899
921.445318394
925.66213484
928.364158879
926.272655642
927.804429961
926.770044393
905.387482528
926.20188824
919.035468433
918.577454014
920.467026111
929.951112972
929.456208414
928.340154924
924.799066148
936.561700895
929.125580381
928.022542234
929.190865212
930.072467082
929.339179198
930.562943925
931.109398364
925.454050584
921.212157137
936.232395177
906.657334249
925.1674819
925.901482678
926.973939642
928.496329829
929.096021807
926.41519346
926.237542234
923.067876265
932.939427071
945.756151244
926.992896498
926.611255642
926.688144414
926.864773063
926.287250292
924.134830739
923.428640856
927.677469856
937.993596812
926.439500391
929.037689615
927.465902686
928.623349942
928.989656542
927.358438474
927.676671729
928.00878271
925.831770728
922.262163424
919.946024115
927.346998833
927.893189957
928.342768302
929.228922478
926.336572653
926.973510323
927.368524143
927.393165498
924.411079767
925.0634
921.649382879
925.751010506
930.069190421
929.587859034
921.044591193
920.858198363
921.289217459
924.383868329
931.872288274
926.262612301
923.110579767
926.273601167
929.595231788
928.830780288
915.597001559
916.390789864
916.812632112
920.080872224
927.288516556
912.572144984
926.733208252
924.4514
924.762043969
925.953724971
918.832217764
912.932775828
912.048882651
913.978152827
925.090883821
925.605483632
926.250345794
926.317523939
925.527575321
920.695056898
915.766910366
913.524570203
912.64700858
914.347594774
920.466559064
898.921328746
917.445587685
925.892750779
925.985520047
925.54672791
916.929268901
915.004199532
912.408691767
912.365901288
919.190961749
918.25128655
916.089159844
926.069847352
925.379551966
925.271897626
917.146223782
916.246754386
913.654832228
912.769410847
915.309716738
899.329261587
915.921433528
914.411584405
926.182879283
925.650547295
924.487202024
918.020221356
916.519811769
914.543075693
915.846610222
916.645587983
915.441326706
914.359902924
924.167338785
925.707400156
923.692340599
917.024609899
916.338384645
912.628563402
914.588021858
896.5544778
915.143107728
916.008776218
915.924364912
924.516602804
926.882987544
925.414288439
918.554080702
916.40500117
918.059170113
919.13532618
915.268114665
914.933469396
915.460347894
925.014156931
926.806877384
925.568673414
918.2635682
917.570898285
914.918961764
893.330343689
912.205119828
910.914457488
911.773176218
912.9252846
925.767905374
925.530273258
924.155453873
919.912651208
920.34437037
917.05076014
912.590950078
913.90849493
915.862732554
916.461580507
926.666231308
925.095072791
923.940371595
926.203721854
924.240984412
894.013374754
915.976468226
917.022106906
914.872900195
919.625255361
922.18682424
927.960860981
926.227790191
925.119106615
931.84669887
932.633645501
917.540717739
916.998335673
916.80505653
921.15140748
929.689037008
928.660538731
925.502584825
927.64260428
925.912879283
902.810557519
925.993398364
920.960403194
921.705929852
922.25425633
930.020393066
928.112662641
926.031044765
923.725685214
934.670054842
928.238267419
926.513646166
927.498332165
926.658553738
927.427191199
929.012340343
929.093582165
925.122605447
921.793896927
937.481949456
909.409682477
924.43911284
924.28286537
928.677482477
928.134844687
928.057598287
928.004217984
927.416859478
924.444403345
936.424237262
948.026074261
926.548019448
927.664254765
925.76592607
925.789553523
925.602535019
923.273082879
924.218659533
931.558213536
940.497172628
920.343000391
929.666694671
926.489230829
926.409555858
928.431851246
925.835482087
926.448001168
924.396210588
926.524924484
925.328444574
927.140339168
928.174583658
926.711463215
927.041667186
928.958590343
927.722880452
928.014293224
927.994334891
926.641483067
923.361930739
925.44466875
921.548838195
925.059302217
928.671938084
929.430447819
919.992136735
920.623742111
921.923295286
924.070509544
930.719628505
924.442936965
922.12395642
926.554354864
928.606277259
929.752799377
919.21079774
918.20678332
919.849358924
924.34090261
927.844979353
918.093590607
926.214034644
922.172642802
924.917414008
928.739225078
921.567257109
915.617779337
916.467639766
915.953082651
930.694252143
930.814802493
927.127097314
924.439673541
924.647398444
928.080355279
920.042862485
915.580531774
915.682945809
915.660244444
924.185852299
915.856053229
923.169455573
925.748931491
925.423889062
925.322968081
919.207556508
919.430402572
915.328268045
913.868592434
917.330416927
922.642965692
920.332038581
927.433632788
925.714405605
925.052114831
920.040314497
917.648965705
915.007212949
916.696892746
914.980475039
896.799357564
916.870272231
917.055681995
924.849667056
924.679173608
923.759792218
918.629078691
916.418546163
914.569485959
917.484573713
917.378682137
916.867818324
917.547867057
925.187933411
924.314238614
923.148398054
918.571969992
917.317565472
913.19425624
915.156900156
904.536162809
915.308864665
915.333862042
915.587298519
924.704454829
925.266531724
925.191482678
920.551402415
919.080554949
918.565111588
917.835884555
915.319363495
917.790937646
916.512566251
924.859096963
925.182872713
924.668500973
921.852803272
919.994877631
915.653207098
901.441810758
914.363235959
914.621177778
915.511136062
916.65117232
928.009514019
925.498852861
924.695616972
926.255021426
924.936479938
917.68742807
915.971100975
914.4162846
918.959452455
920.187911925
927.589731802
925.620849358
924.666854864
928.644142523
926.507507405
901.21086651
914.525605458
914.101231189
914.29997232
921.141617842
927.34704402
926.297826392
925.629081323
925.259598989
929.117751558
930.137936526
918.873277085
919.787549493
921.192819953
924.25697351
929.44796416
926.793529778
924.127591051
929.094553481
926.096833009
909.481582844
926.445451538
927.395880795
927.188462018
928.040394235
927.384376558
926.448104361
923.830214397
920.944338779
936.123106184
925.944991826
924.901513619
926.429678349
926.854272586
926.262077103
926.956730245
925.550096146
922.632027626
919.639994555
941.131613142
905.732815614
924.180495331
925.802703113
926.965684313
926.644414947
926.923152199
924.952008949
924.584331907
927.236819914
942.562980949
954.652999223
926.895698172
927.838855698
926.438521012
925.888857198
924.469756809
922.735824125
922.948357588
930.115004277
946.111846034
927.192310547
932.848704006
926.608552918
927.81876965
929.370647334
927.985468665
927.858114052
927.298188789
926.174175097
931.73082536
936.996811357
931.671941268
926.445412451
927.73939572
929.926843847
928.871318536
928.193043597
927.513776956
927.934608408
925.005136523
931.187040187
919.284920264
927.209236484
926.919035033
926.862087972
927.537968458
926.663185748
925.807666277
926.769115609
927.832063449
922.122899611
921.192798522
927.310573318
926.798009342
926.233210977
924.79509739
925.435767822
925.436848461
925.634772497
926.132396417
921.029001174
925.353142802
922.886401011
925.923121354
929.216893302
925.598445872
922.419590573
921.649694975
922.180385275
932.982691858
932.288888975
926.274425068
925.753060311
927.351476654
929.561832165
922.715913941
914.48006703
915.308287217
917.276473889
926.370103623
900.251965071
930.546112972
927.169081355
923.665392218
924.867622568
923.303498637
923.14768173
916.02627046
915.462729435
921.167126267
929.544872954
928.988109077
926.346159984
924.269674708
924.080667315
922.831181145
922.653289443
916.281216849
916.573010136
921.190932137
907.10919169
926.240693297
926.987203819
927.273362398
924.485201556
924.50147393
925.003554733
923.995076354
915.850482651
919.258292398
919.119584405
926.570834698
927.127441933
926.986367847
924.656580156
925.260888327
924.575675886
924.084217374
916.598596101
919.502547758
893.899530244
914.960318129
922.080467264
923.416424396
925.741515376
926.0451393
926.281577821
928.177933775
928.297918972
918.399712281
918.007305263
915.627932164
922.091730709
922.095597038
925.669567925
925.452641634
925.957370039
928.927985976
929.009463187
917.35177115
903.696894118
915.079173099
914.148834308
920.198265107
919.868720296
927.265537174
924.311054086
924.685820623
929.025452279
929.258837101
919.601414263
915.975096686
916.29976968
922.080300351
922.121720686
927.164749319
924.602333074
926.387677557
928.867407321
925.291225078
906.255251666
920.142477397
920.177752143
921.478679267
925.224679782
929.063206467
926.315242507
922.845809339
929.315050953
927.680255742
928.779517322
926.383084145
927.052184651
927.458269965
927.450110592
928.949040109
924.733937354
920.780729288
932.398240762
928.122022188
899.578403219
925.745734138
924.983610592
926.52167095
927.020837227
928.396769949
926.730009731
922.301744747
919.668546869
938.776074261
925.753084436
924.473505644
926.189495134
925.767949786
925.526481121
927.119834177
927.268912417
924.661877869
924.752569428
945.291552488
919.066010563
925.522415014
926.044479191
926.30174358
925.959092607
925.86666537
923.903768093
923.736106615
927.126105018
947.443450622
958.423221143
932.396280436
931.21646091
925.857932685
925.625549805
924.095255154
924.287655387
923.210727343
934.860559098
950.914889191
924.402592347
933.138334759
926.591172374
924.666533463
925.213014008
926.268058755
925.76120428
924.383371595
923.749140856
928.45407079
933.173227838
930.503662777
925.574853696
925.178456031
926.413322694
926.367062281
927.057170105
925.899246693
924.529214008
932.243328666
927.60681655
929.018317775
932.210673668
927.3010607
927.569324125
929.705357087
929.705035047
929.422581549
927.598741534
929.472427404
925.958845196
922.879970051
931.11354648
929.767051382
929.447686649
929.037524143
930.032356308
928.901115654
929.459257399
929.149949766
920.47246578
925.037682101
922.688168806
928.794301439
929.357405216
927.806618529
927.622107519
928.296696533
927.9607164
926.164363707
925.638906153
925.555003113
924.321064955
928.033863477
929.259529389
926.764153756
925.387205298
925.564438036
926.146465524
928.589754673
919.077024658
931.669169003
927.065637602
925.805049008
928.719318553
928.205336449
928.105448598
925.195388781
923.760342034
931.32260187
931.926461838
931.925152648
928.948035422
924.344737743
927.249090626
926.240529984
925.579616822
922.869316323
923.456641855
927.269156213
905.442026275
930.266538761
930.263202182
928.04296847
924.087303891
929.020228705
927.684791277
927.51
922.878199532
929.580709665
929.56162797
931.308092715
930.321370861
928.479627092
923.750576654
929.837982879
927.867669393
927.16125
924.611060016
927.331399844
905.231081993
920.881711336
925.888083398
926.127190105
924.847512062
923.228437743
926.666442802
928.263729751
928.495984424
925.084856976
926.829835152
922.70584924
927.292969614
927.679364238
925.796001556
924.68268677
925.103014002
927.475484034
928.550380062
925.840807093
907.183673197
921.505178488
922.023965302
926.039361901
924.266078691
926.103068093
922.607235409
925.361105406
928.47913162
929.318281931
930.264003896
923.849954422
924.726970004
926.269821971
925.395319315
926.08590856
922.3798028
928.668321276
927.103061503
925.02936668
912.772349785
926.586932217
926.526926373
927.231387612
926.754357866
929.00970366
924.68883768
920.201344613
930.363045897
925.95991631
926.92872752
926.621767134
925.208940031
925.224333333
926.758705333
927.646505255
922.275002335
919.257255932
932.182859642
925.238228405
915.771962412
924.355930739
926.036841183
926.376143246
926.558488906
926.258271312
926.368253017
923.998063788
923.619210035
943.477480949
934.033940879
925.91578249
926.741807782
926.496647334
925.504623735
924.782493774
924.044623735
926.926931155
933.915497278
949.236070373
917.464640313
924.762777518
926.539965383
926.497245914
926.376415564
925.608159922
923.153630105
923.7665317
931.448911353
955.933364308
960.085603187
932.726484448
933.480374028
929.194780241
927.319996499
928.406978996
925.797054842
925.971923765
939.94106182
956.859789658
921.87688433
937.235210731
928.348143524
925.769217814
924.816851751
926.514436187
925.280419066
924.499326721
922.973917153
936.287333204
947.94357465
935.034748056
926.087892996
926.578775486
925.773728405
926.236733852
926.202299611
924.625317899
923.744388716
933.962681571
930.2468
928.891864308
929.062597978
925.725693385
924.291271206
924.702664072
925.935341767
924.404407162
924.672527237
924.732889105
928.441649164
929.318954899
929.332342535
924.102309728
925.385866926
926.482279875
925.314739198
926.316264408
925.916239393
925.905841634
922.349615234
923.529111241
922.197428238
927.623433683
925.410728016
926.701747762
926.602121885
927.045504673
927.467558411
927.921327365
927.577704944
922.667000389
920.863357448
928.213747569
927.42130868
926.446061503
928.866728866
927.208253505
927.467522975
926.875116433
918.088705951
929.723439471
924.022341634
921.765700895
928.974220537
927.20969093
927.540469833
929.24866381
929.891786132
931.831695754
930.329559579
928.946390814
925.143415564
923.058896149
928.330981719
928.198933826
927.259324251
927.42777873
927.933181535
928.860742111
920.705238263
926.782686137
927.452646028
923.767964202
920.001940879
929.601239984
923.865307123
924.059850525
927.095133229
932.5560709
931.69818582
928.343876558
928.687859424
924.074312451
920.525150914
929.557960327
925.927603737
926.747331257
927.343605765
926.854938839
913.150730513
928.699232178
928.228257788
927.212744938
923.556648638
920.906936989
929.264043174
927.400305956
927.810738809
931.310181924
931.529609272
929.500322166
928.35283567
928.805529984
923.672315953
921.310183586
927.942316608
927.303082522
927.95401051
927.162249318
916.76127593
927.406043631
927.385964953
927.880336449
927.032272975
923.584679377
922.443481914
927.915840918
927.207710393
927.425367458
931.753967667
926.939123832
927.516202882
926.946496302
926.563348774
923.145380156
923.424478413
928.873682614
926.802835019
927.155764111
913.925411281
928.377869548
927.176856698
928.555941589
927.271923316
928.110181394
923.228547082
920.739987942
933.433313764
924.175603113
925.008890272
925.845388089
925.185054496
924.531500973
926.659716621
927.860632931
923.525717231
924.568252333
935.135618585
929.180818359
918.97531964
925.706732296
927.690514208
928.294152978
926.473930323
924.940705058
924.361599222
927.016401011
931.661169907
950.709795879
938.022351225
929.426485803
926.622150195
925.126914008
926.566137354
922.473726566
923.146309218
931.301831649
939.521018274
955.010198601
921.628377491
929.269632439
929.518455076
926.280650331
926.711502139
928.293392454
925.225942046
927.406710618
936.613766719
960.455673533
959.101035756
935.10556182
934.25898056
929.481338001
929.226061844
931.150360949
930.954811431
929.523215008
946.111568597
960.235297707
933.532664197
950.786650991
932.075525865
931.698872034
929.201546091
926.919657721
926.030399844
926.901215869
926.877273046
947.946812986
957.521455288
951.026371695
932.068135745
928.808851809
926.240584825
926.384116342
925.331793385
923.405523143
922.66458382
941.148412131
934.386569482
940.351198678
940.493497278
927.384220148
926.632244652
926.155559144
926.587254475
924.876322957
923.165694163
923.701177363
936.781462077
935.7887986
941.994528383
925.662321401
925.167321012
926.353692098
926.496637213
925.564980545
925.023116732
922.854710895
932.437254581
929.294402567
934.366439347
940.208316485
926.636726459
926.269977821
927.558423511
927.756857921
928.589610354
928.75713624
926.705495913
926.43970245
929.12435317
941.247989891
926.448294553
926.017290272
927.942016738
929.102523161
929.073990269
927.879525107
930.794958626
927.240039689
923.095740568
924.603383508
934.121442068
924.920114008
926.245431907
927.920103542
927.671767913
927.790021409
925.479594784
926.758197742
922.717489693
923.882067678
927.896789576
925.618031141
926.395482678
928.074614486
927.645078302
927.134814642
927.825418423
927.226992993
927.270721292
923.67562816
921.665043952
932.485791521
927.326618918
927.342502919
927.856481308
930.06890148
929.562915498
927.477734527
927.038000389
923.726663166
921.325948658
933.435572151
926.279073541
927.27813624
929.8428419
928.220377336
928.24808548
929.410381231
927.96394784
926.652359673
922.203078958
922.479654998
931.91369156
926.457391592
927.208256909
925.552146028
925.238132009
928.640011682
928.09968042
926.85297392
923.360675224
923.551612991
932.938654609
925.569145971
926.467068898
927.831636682
931.345683841
929.620109034
929.26543419
927.653835734
927.99612067
924.06439051
924.344297161
932.872177363
926.379512451
926.977796109
930.178630206
929.592511483
929.20285325
928.866184897
929.676609186
926.165384286
925.350374806
932.956404743
926.542859922
926.722085992
930.814063573
924.772142857
926.133514986
925.796344881
925.958301556
925.701177821
925.237443796
926.280888025
946.688335537
932.002169261
930.862855642
925.728672246
926.48524601
925.603494356
923.888371206
924.360081323
927.440367172
933.104384137
949.25844479
933.422226371
926.296276064
928.847580708
923.002714397
925.125450973
923.445844358
924.299842412
924.011253307
929.089580093
940.201283048
958.063357948
936.762891093
931.343521976
924.467786075
925.192671723
924.998150136
924.640563983
924.611614158
942.678927294
939.675472784
958.812418966
932.89845575
934.981152022
939.389162519
929.470317386
928.975933489
929.06474718
927.818682348
928.041283437
950.891935484
960.499307035
958.445416634
956.120084726
953.422460941
944.673088647
945.155296267
944.800344868
949.894226672
951.175727944
958.112576759
959.735225806
935.544899494
