628.381039267
307.844767123
307.833511049
311.766491442
310.368726521
308.853226632
309.891560212
307.437928592
275.488600998
263.428666709
270.430554867
299.63271237
301.97957549
308.1090207
310.333986184
308.548249431
306.793947978
307.325625759
264.877648443
280.246928413
270.557732758
282.421618725
305.986773975
305.52516587
312.663511175
313.758076474
310.431364184
308.424961445
304.853084069
276.825274107
288.157029762
292.086990978
307.481760137
309.718265814
312.379715393
312.310262899
310.785954295
308.428277
304.796151001
310.783191421
304.431489654
301.576185893
296.495763678
310.373226455
307.693856738
312.084191853
317.333432801
314.056097519
306.826942439
306.925111322
304.445515334
300.526894399
295.185475479
310.536327539
311.903342258
318.014903343
319.737856489
317.959940548
309.074379091
311.952815915
309.571841046
305.257127593
301.477296764
294.273091859
310.219719252
311.26558261
317.127656129
317.111816894
311.456789624
306.231179475
309.004266636
304.910094317
304.236593032
295.277363822
310.428041789
310.345533845
315.624435504
314.873169735
309.304031609
309.059036539
313.017601392
312.539747088
303.525011871
301.183157121
289.24791084
308.325495205
308.836271383
313.904326341
309.186139802
310.067881691
311.005009994
310.260542393
304.590274127
301.403831748
289.825243798
308.13720098
308.311451672
313.465587117
311.570218547
321.813972643
316.208632838
311.872038628
311.285099217
306.233156458
304.733065043
297.357681796
312.171586658
313.823944736
315.95031393
316.609792425
315.353413915
315.160726562
313.484554442
306.467961872
303.728235546
292.566700528
308.852665912
311.333748755
312.810694986
316.62896691
317.875024112
317.163998651
312.957097232
312.487968058
306.422765932
304.496160876
293.842037869
309.837616937
307.386300467
309.96074296
317.082121764
317.6615357
313.974200897
313.53367968
305.656703291
300.261446709
283.078775368
309.401980561
305.542434801
320.529644409
323.894092628
326.530837656
323.903450014
313.809126387
310.626379803
304.653554829
303.422347745
290.511524798
309.425812844
309.562701712
313.984606042
315.913929059
313.930003911
309.110100346
309.682191595
294.833022182
280.740909447
260.533332602
284.597506518
325.957604727
300.786239998
310.688138353
309.609841317
309.25874945
309.539558838
310.560176779
290.89077864
277.817255111
230.528455219
276.469518726
292.515832644
307.364363185
308.843886058
310.964385879
305.410623779
303.423899712
276.24670845
255.837852506
220.74372252
309.82041196
299.383052036
298.948293163
305.691862225
305.929819754
299.474837583
298.270934817
293.945743477
262.019004743
220.031545176
218.38700286
267.553291085
268.67249038
286.065449565
284.389553011
285.025444494
287.235859349
285.889858157
241.705171331
219.878816869
307.179292371
277.150817999
306.293245437
304.421583204
309.519954495
309.445069794
309.530836183
309.786498947
308.777050016
274.591222382
258.284815584
284.010989384
306.835651366
307.916378543
310.470693746
311.632889681
310.023301909
308.934988083
308.266331609
283.533095638
336.353387235
291.268454783
295.587292731
308.544414107
309.382687479
313.840099581
311.922570928
312.946086567
311.718259666
305.868783944
294.630198226
299.012059476
298.897637503
310.227504701
311.041100189
314.366941887
313.616169192
313.091747055
310.302981854
308.135915089
390.374104616
305.798814685
304.456480382
301.872200077
309.637562976
314.729667714
326.446441823
328.870202935
326.87528035
309.884460454
308.942664395
307.758242328
306.881669815
301.374654933
310.928250519
316.892248434
327.942881156
329.085090976
327.568852571
315.491461843
392.455730357
312.091943511
306.88057772
305.393661375
301.403363053
315.418644363
315.157213454
326.598019865
326.069909455
315.84516809
310.267517469
312.56957498
304.329017156
303.586577993
299.465781461
318.001920244
319.293281123
325.362331677
328.084732481
323.711897032
451.052609268
321.010966789
320.714226143
306.922833437
304.213680198
295.056772149
314.963124898
315.440805418
327.479139102
314.717765732
313.625457915
318.976642693
318.390196298
305.549509878
304.545026218
295.33588963
312.918016366
314.558651108
320.361352554
325.363866986
441.87572666
323.253922814
320.6629208
319.544013103
308.220305623
307.237908304
301.000303067
314.231353046
315.141925651
315.737298238
316.471516502
321.307483045
318.599000603
317.43741487
308.075402876
307.174311358
298.973338051
315.169496436
317.1064292
324.960894364
420.894805544
329.790697518
330.548435897
324.103127533
324.480075979
307.715117795
308.06633838
301.600191095
312.34938846
310.909804327
314.228609237
335.167198074
332.484588187
325.52032931
325.708188357
308.37705371
307.377161543
294.327637535
311.449644582
310.193365623
419.493585028
322.461160672
323.583383808
322.641596654
316.000054893
312.153216103
307.534350384
306.235196352
291.707777675
307.622434741
309.163491743
320.679686003
324.089638597
320.195476011
314.24926413
311.475122441
305.614041288
296.899802139
276.647124719
300.406332353
408.152042133
307.341575222
312.745405737
313.053199998
313.479839314
310.028036542
309.458268523
299.07813237
289.688967064
245.619107412
276.944433026
300.637506895
308.796329311
308.340303364
308.597693638
309.275442345
306.838332324
292.372150654
274.271615848
234.692746619
406.391911412
293.272134916
293.344380848
304.659527972
306.522671199
307.160894209
302.795925342
302.202387568
278.845019234
221.146572431
216.883588667
273.788029306
276.215156342
290.650686152
290.72240017
293.509761355
292.876192693
289.205570469
254.70273041
224.241135356
351.76392734
290.030549092
308.419987758
309.824668997
311.313585828
311.435043055
311.320463194
308.038523294
308.615700651
293.20167697
279.75139539
291.946983518
308.301663644
308.19359073
311.947287705
315.563310502
314.081844976
311.570690697
310.400422525
299.811739719
374.160067191
300.94271762
298.202398529
311.310743134
311.124094757
318.144012878
319.435943463
319.272030302
314.967030869
308.269133194
304.842450964
304.597606105
297.344507761
312.920112308
313.037945013
323.133908441
327.889795195
321.852414945
319.022632774
317.189690918
436.877123069
306.071586091
304.375934314
302.518417674
311.73761308
318.167337217
326.243740616
328.955561454
326.74147764
309.671139191
309.022438435
306.342904476
304.48293371
305.467511977
313.670297187
323.736134612
334.096463742
334.960571062
335.276783918
324.778588227
459.615086095
320.265218259
310.586021085
307.190458649
308.882794172
327.279337878
332.64511655
341.567248396
347.602424108
322.772510526
316.848255702
319.777542015
311.002678395
308.985393958
308.66934855
328.803477072
331.470842449
347.194252028
346.052429822
338.726005563
485.401205744
323.501099237
322.832809633
310.29275144
306.120207507
303.520609608
322.205689729
324.305748037
337.769625841
329.267239617
326.368149798
325.411717997
325.008575083
310.709036568
307.348059142
305.284946561
325.575526041
328.985139576
340.337692274
339.920867488
476.306731832
347.361812785
340.777232643
336.231133013
316.89677805
308.617354599
306.765794647
316.946227096
316.825744784
327.089236616
327.080842575
342.724609665
337.138448412
337.008987934
313.839480608
308.765742697
306.140288832
319.145163811
320.89433496
338.109399074
483.99499242
347.564996298
344.454877388
335.701815432
333.136035761
309.556144234
307.702207013
303.818892668
314.715033065
313.89316994
321.44180667
340.7338146
339.350410096
333.15529541
331.371790256
310.142351675
307.691024226
301.202364398
313.809919119
319.119702884
483.635121088
337.792223618
338.519693402
335.264958135
322.754629873
316.244118637
309.211694345
307.157637953
290.71103918
307.554747731
308.520336317
321.595165507
323.001241789
322.004765597
317.103167586
312.039014352
307.109639888
306.549537731
286.749097494
307.451895283
458.83883911
311.872792092
324.5231394
320.208613526
323.802863227
312.394436378
311.077490564
307.42537852
303.707871416
257.136160326
290.693882323
304.81180526
314.16025946
312.810077654
313.174472882
310.2423257
309.007388949
296.433849232
287.015274807
248.04043925
430.923833946
304.963972684
308.942844922
312.771448924
312.41097089
309.142130607
311.033676855
308.522207181
291.555539639
241.899343147
223.227171449
284.169181588
287.913556758
305.874905241
306.648233595
309.789747882
303.858185474
309.338880427
271.679986326
237.779204271
394.043013576
293.541625639
309.285732994
308.111718312
312.412795231
312.736210721
311.679430822
310.282785795
309.716728708
303.190735823
292.47800538
296.397182014
312.602242791
314.270369956
317.193393297
318.852745408
317.636930016
317.557235986
313.644750396
305.811360855
377.530709478
305.148323509
303.216523048
312.4041102
315.204107437
331.855699966
332.574322771
330.727725045
320.708512597
309.823845032
303.407902686
306.342579122
306.193383285
316.093383532
315.861492428
334.457898782
338.48538467
336.560472163
326.517657578
322.278533286
428.086550058
307.96221631
307.514476793
307.85385189
315.76177284
332.842033992
351.593192926
350.631286765
349.865481454
314.552960077
315.146981092
309.702000473
307.317991288
308.098455288
318.215017484
339.149744719
359.992334154
356.240500034
358.594240257
333.869038007
481.942107738
326.41357352
312.71856675
309.455333044
308.540238311
339.1157202
343.471921622
363.243556731
367.29257151
338.409371646
327.100476572
332.170992075
313.793845714
310.349127418
311.528856752
341.073219344
344.124661807
363.990031089
366.656526671
352.012616377
523.304317006
339.670537044
336.39052097
316.948869656
310.76478865
311.838679942
337.56534157
341.948035743
360.353551452
352.916563192
347.965097703
336.620159319
337.45167288
315.924747781
310.255359784
311.474738275
334.237704286
338.145519206
359.650369496
355.839666183
504.99115675
362.967347094
352.883805453
350.074939886
323.824645589
310.109087902
311.694034377
321.877635487
325.049906615
349.629508242
349.255882227
356.434055992
344.510630183
344.19243433
320.404232559
309.905515588
309.953687209
326.674785924
326.905384048
354.780856376
519.046454542
364.640533783
359.72235069
348.824749695
349.277201267
312.325969604
308.709539344
307.86445452
318.696211596
320.706016261
339.469850917
357.721048752
355.275990673
348.368118942
345.970140651
310.301827258
309.553417095
306.214605026
317.175989815
326.931635244
496.837986936
345.295303555
347.721097413
348.144103058
336.086484649
319.522804756
309.867012098
306.562728601
298.630849608
308.759195929
310.395237884
331.088652785
336.435538756
334.426224769
324.651427056
315.629127565
305.941342288
305.31562718
289.650646041
308.067412997
498.634505549
314.242764645
327.515255082
324.103367489
324.749799703
314.854586754
315.214175667
307.742525666
306.527162362
276.374332945
303.564904356
309.988442303
320.412467855
318.064717655
319.000363071
309.403033837
311.401484374
304.659386405
300.893635279
268.962669023
454.863162857
304.128124103
307.686778717
311.342350325
311.020745223
312.374915527
309.29697798
307.513969867
295.096733581
253.096230549
223.09305375
300.975462683
300.284971336
309.910491741
310.938701585
308.033237723
307.205979194
306.61448979
289.920627307
245.732197132
396.948340227
299.545139094
312.876637839
314.763189772
319.324179076
319.712486652
318.072360059
315.84810358
315.990980038
307.438474228
304.253409115
303.839981859
313.422222781
316.267497944
322.930183591
330.146383854
327.58373782
322.548410385
318.811615259
307.18973152
399.734601401
306.684844165
309.033091674
315.432767218
316.406404979
339.181949723
339.61568654
337.599357058
329.538060628
313.607463603
306.744499983
307.41964874
307.658328817
319.290709457
321.32839065
351.059164689
349.770378115
351.501780353
342.113917062
327.663276084
465.498299406
311.041415882
307.385204436
310.298815917
321.142880647
342.52018876
366.252037623
368.732804751
366.495373832
323.000247133
321.730213912
314.156355248
309.372880693
311.024158035
328.493428761
348.886245054
372.626420691
373.279595515
372.206555735
342.746634963
500.995626911
341.952247522
314.87495335
310.347975987
311.611485731
347.668782954
347.886960988
371.242640452
373.623565218
352.714434956
338.793479625
344.84507958
317.079721072
307.640350284
310.293208594
348.943870906
353.38550349
374.536937218
377.074398256
362.294667724
518.610205175
357.171307529
356.698723384
327.2676414
315.69633946
315.298582005
345.678642719
348.406987719
368.034548343
361.426212558
359.390814314
363.484866333
360.291751695
325.594970856
313.737257365
316.812045116
349.251279914
350.917867269
369.236284541
366.17799903
496.908030042
370.573603326
361.014415077
357.642150317
331.203741394
312.267182798
314.742638364
337.638258648
341.433289787
356.984890972
357.698966936
367.199963227
356.775188504
356.314457302
328.621884568
314.992399742
314.822792043
343.646425013
346.759147463
366.938233987
529.706620694
370.772865529
371.529157277
362.296680909
358.227512897
317.577256233
311.189512738
309.313789991
326.39892897
329.702620301
354.338307089
372.987828298
369.289361191
355.783023368
356.159493971
315.228275886
309.55383239
309.315657997
323.74477374
332.817457952
518.776037207
367.182331203
368.010621169
364.620553547
351.558838574
329.229988017
316.977033456
310.486686101
304.63475195
314.421133784
313.835620334
345.967969388
350.596995352
347.536150863
336.945777284
319.83896148
312.113557073
308.255508923
298.850424743
316.198038869
488.30313916
322.159321974
333.872516127
332.748509892
333.562635457
316.591752261
317.566258729
308.148400832
306.656591444
278.195822497
307.915983985
312.438675686
321.688899147
322.143981669
324.574789179
313.434361735
312.839996508
307.71972622
305.999348153
271.401318852
469.413298633
308.018840518
309.91450252
314.926604109
316.543259987
313.900974421
310.467341478
308.537804094
297.799925108
266.115827818
241.981254597
299.722517876
300.72639783
309.668707757
311.390713285
308.711790695
307.094515398
307.389941903
289.373943913
258.542094041
391.139129642
301.745225219
314.814613184
316.691069324
324.136770047
323.526564305
324.182853466
320.731765383
320.177067143
306.299844095
305.175694789
305.984125877
320.731349685
321.443617077
328.45160961
337.526375954
332.51147258
325.31933874
322.99900724
308.386573924
389.238902133
307.673791766
309.575772395
322.593961942
324.048657265
349.276099133
351.401546683
348.003718345
338.162874742
316.891767809
308.890982569
308.183558657
312.187593288
331.582244683
335.421916784
366.579345079
369.898439234
367.29403351
354.080846567
336.742054687
499.495924059
314.954448932
308.478019886
311.452457719
327.394442008
353.626129968
375.391696636
371.940811761
372.030489721
338.758468526
336.746552596
319.931742653
312.666383914
316.65371593
338.754778893
357.672276035
382.672774393
382.089514427
380.984863112
354.032228697
516.123523863
354.313233919
325.067543009
315.383328545
317.27560902
362.21962963
367.180508949
384.148964839
384.450360976
359.474321528
349.976679046
358.469590658
327.576831673
315.46196939
317.721158345
360.765870678
364.896384107
378.384157449
382.383798022
374.039751488
535.501867735
362.928687224
361.754374873
331.762878945
318.490348326
320.913887712
355.254886619
357.704703629
374.778806233
363.331159403
361.448156614
363.685013604
362.028236609
333.51742535
318.353853743
322.103622378
358.472824062
361.28885563
378.131539532
374.665706316
550.334136685
373.179868531
362.453514818
362.832389549
333.442969794
319.011519266
321.138159976
352.490742935
358.078242285
359.136398152
358.961167419
379.711766275
368.548163076
368.689364492
336.202253004
317.397049868
315.938162428
353.625662187
356.171846379
371.320934537
539.814762465
378.687326698
378.362432879
367.575118489
366.664168123
326.024824547
315.239828538
315.252721373
342.779874505
337.422920435
360.096085266
373.303754112
370.057369209
363.345262711
358.90470509
318.594665711
311.764127862
311.125718049
326.136054991
343.594944718
564.082627371
374.376809687
373.293130256
368.586652345
356.259476341
342.291143943
318.70649768
310.745524373
308.869954704
313.123608774
314.184455227
355.68569882
361.361721117
358.765436636
345.352521931
328.4797382
314.172535367
308.857526322
300.870001106
322.238890285
520.73271853
325.472633595
345.057351996
344.732153373
342.707906624
322.438013826
323.343987179
312.349688124
307.253865044
281.709379587
309.406521467
316.672341621
329.760269764
331.239253138
328.205910948
315.10415371
314.305301564
307.641910226
306.162960278
275.865638225
488.991078399
309.90181828
311.684354465
313.675188311
316.299623164
313.482077027
310.733555334
310.449079624
304.083161108
276.227880673
243.939389285
306.150602951
307.299013681
314.532122519
315.125716079
310.58251999
308.112680788
308.348069531
290.521378716
267.606003716
435.969876132
303.883047784
318.513560427
320.41771785
326.463319095
332.37742443
333.859927526
323.916405606
323.772848225
306.859812095
304.974615976
308.931533974
323.741912449
324.686581209
335.95480644
344.862868079
338.590140732
333.628918899
330.238323452
309.257735323
415.092381829
308.044335782
310.526513358
327.69879721
328.904928529
364.526159855
362.830215202
359.745611105
346.076800676
317.930184666
309.683660528
311.090744661
316.999294351
337.737401926
342.358481014
371.300445913
376.379164974
369.709038408
357.527633669
339.340367597
475.141037549
317.0507748
309.922368161
315.147895195
337.032776141
356.403832264
382.990481107
385.177483945
378.029416198
341.524856857
339.598122828
323.043141962
313.169478457
317.131297825
349.202862792
361.773130467
382.3322213
387.14095691
384.76648324
357.203355935
466.592608005
359.097564288
327.293250611
315.551341792
319.801333958
359.748180715
361.351445987
378.15380819
383.036977402
361.09861209
351.694098789
361.256915562
327.816757179
315.586356707
318.615037214
363.046164574
361.85000092
383.051289908
381.405891382
381.87347555
567.126908074
373.225917858
374.419397274
336.462394826
323.269823232
326.537277638
361.679277214
364.03135045
379.368636388
365.89636333
363.916805527
365.879746443
363.873580526
335.523305482
321.471643409
326.99795519
361.398664177
363.767699344
378.037205646
376.403541383
511.578578729
378.210999144
370.278475734
370.099013127
340.361969282
320.168627908
323.323111793
362.270807652
360.986313027
367.687177764
368.41408646
380.501589337
373.68257811
372.290455838
341.459749736
320.513355721
325.032537235
358.447201702
363.314585397
380.369289454
546.87489086
389.179658449
383.194885556
374.445523209
372.756167117
330.715002648
318.789927293
318.695045503
356.125670582
349.876220156
361.128146218
383.750351874
383.245442192
369.888317691
369.12982751
325.394868292
316.609291201
315.689798399
342.133795301
344.701591773
543.194294197
380.36213888
377.764860125
375.391558805
366.023766149
354.482771382
324.609877931
315.163482591
313.042451634
319.552011547
321.11757781
364.297882527
367.005419014
365.296805261
352.280399029
339.994074498
317.904877601
311.385641965
304.740822345
325.95866805
473.215881357
333.370837768
359.803205486
361.204870459
357.643377882
329.620626129
327.241466379
313.967147801
308.738113123
281.836828653
310.751956051
320.020212066
335.048423788
332.364863208
329.032214654
317.125026243
318.875404809
308.521684644
308.657142929
283.140864296
509.024173448
312.128523619
312.855721296
317.493728039
320.142228327
317.368613602
312.581074628
313.124130961
306.006128722
281.186002184
250.701144625
309.112881109
309.580047453
313.818133966
314.318555906
312.802692971
310.07798809
309.270551949
295.13145464
269.352303955
392.601075841
305.168167958
323.031720121
325.045524661
329.870367218
330.605292911
325.940458511
324.084922351
323.540370673
307.659716403
306.100833435
310.791829071
324.898640607
329.132953229
344.228397607
346.604910604
346.557703617
334.873797232
336.614469072
307.664139971
417.009800634
308.438039797
313.114628965
326.405286443
328.786168914
361.535103448
364.464202484
362.987085099
350.223126308
320.123562859
310.504541943
311.452851314
316.380555331
343.778014885
347.864610113
373.174289267
369.817274857
369.533144424
359.485594963
340.00131907
455.727540154
323.635980539
313.671265849
320.28969903
348.510178214
359.036603393
377.380825321
376.348905174
375.565613241
352.560810686
349.482264135
324.214143085
313.545184548
320.387360825
352.864669115
363.573425476
380.477475301
383.81095007
380.411733713
363.100407388
567.710399887
361.636991303
333.213003719
321.508832728
327.206358936
363.722644775
367.110922552
384.450303137
386.314998427
364.450069502
357.09058415
365.202846074
327.94887429
317.478804122
323.569491019
371.483788817
374.479236486
390.05160633
395.891350144
385.783193079
548.204177456
370.178760365
369.722937745
339.119954484
323.959501123
329.515654214
364.635650502
369.309585603
383.041032904
367.439307795
365.611213206
369.399424519
370.849625075
337.725684933
323.717295352
328.39814931
363.945512781
364.950453403
385.359955638
386.351379282
597.857011433
386.632160867
374.727047756
375.39318911
342.479509838
322.060203143
327.604815451
361.177645161
362.759205331
365.383636181
366.658859106
388.942018826
375.913477765
371.79580952
341.927442162
321.959452351
328.101691246
359.572257073
363.786862655
386.858325791
560.63375274
393.348114791
392.564566304
378.457986731
376.414914986
332.424867151
319.075519693
322.419131725
359.118382061
350.872466439
364.998221567
383.191439891
377.650844611
365.336886972
366.038446469
329.821308828
316.396994921
315.179776587
343.774776048
352.65332571
541.152544767
383.893296316
384.014932892
381.358987123
365.405476059
358.092772958
326.629559812
315.153872132
313.54145141
319.937870413
320.719062296
373.265075364
380.585798947
372.048199438
356.56413076
342.143193006
321.027861014
312.60125703
306.147193902
331.84044209
571.30895445
342.806232351
362.087946059
368.44876044
363.306391893
329.178022323
328.972473871
316.257914831
308.59496853
284.760488151
313.282433491
322.171219178
334.760750283
337.504249703
336.530274899
315.517582518
316.549309757
311.136538067
308.161112347
284.59380952
493.522012373
312.139018971
311.49779601
317.632747133
319.411956001
316.944439666
312.894209566
313.322238198
305.795688811
285.819268447
256.128571923
310.036383686
310.030369846
312.325626052
313.331827928
313.533135457
308.995286328
309.68459208
295.71996901
273.838663883
415.497670348
303.535239272
318.258139769
321.901189918
326.089884081
335.315073455
331.95728054
327.682241467
325.027174439
307.284719955
305.859469191
312.838018941
329.102592947
331.571092244
346.313366078
343.695152399
343.383899509
334.529413337
332.698262615
308.451466339
395.310504437
307.270980223
311.61447428
328.721613228
335.540851657
366.028897211
364.908934827
362.608858043
353.688557279
317.763363782
310.958171092
310.160691939
315.746051618
344.103586247
346.035084366
369.362918038
370.748950613
368.793589134
356.327208466
343.46744273
504.508275679
321.835954495
312.413509987
318.542017165
350.162343068
362.449901795
375.11732331
378.936201715
375.455663623
352.901958804
349.007469913
329.653174625
315.765499145
322.659415367
356.645610406
367.951951899
390.266098831
386.731613923
385.216057651
362.194623766
529.283036192
362.193602085
329.255444598
319.307436597
324.154473961
368.252951793
370.077979719
385.68808014
391.779260653
365.513666034
356.388407993
366.199466782
334.600921712
321.832849184
326.746789908
371.409355676
374.495541682
390.984888383
394.456297953
385.659937499
571.789966358
373.213396379
372.975697174
339.352653872
324.825306528
328.822418193
366.738776087
371.141698726
382.810985111
365.562178688
363.292790178
370.847487332
365.429384166
335.488637249
319.707217621
327.933963875
365.929154266
366.761387066
385.241642077
389.661028429
604.777477872
389.180756692
373.429286375
371.423929343
342.493414656
322.506281584
325.409781093
362.66474044
364.165736719
375.521285792
374.120421498
384.822348214
370.221273768
371.914006647
340.831226084
323.84385252
325.132257025
369.014813282
369.739368251
383.797499335
555.090792261
392.029027154
386.413172068
377.336194034
376.900188203
330.750609074
319.321159184
319.206647713
355.37835298
350.480839292
362.741597067
388.568223733
389.561422948
375.343594955
375.579406287
328.832273712
315.982241234
314.827851414
347.309229775
349.571187407
543.602772838
383.344371825
382.953311611
383.289753336
372.058114598
357.167913767
327.012182763
314.508930187
312.653669665
322.253493242
321.272156945
368.40733554
373.571219356
367.064991355
357.264572162
340.912128715
318.066039694
310.995117258
304.504831779
330.887343921
543.24091608
338.387160098
357.96935181
360.298723944
358.019519603
326.951536134
326.861129934
312.672046356
307.25841512
285.186195615
311.189691177
321.65487871
332.952837987
332.926131617
330.782150982
318.851869534
315.867106541
309.696089781
305.622465027
280.818937167
511.955594397
312.982571398
315.390889499
320.278349102
321.860767315
317.582984404
313.576761493
313.509679143
307.502748928
284.109361703
255.287255428
307.752927065
308.452961275
316.683585079
316.48712636
313.488342255
309.019614626
308.781975421
297.874097804
279.51167527
472.121473808
305.495644194
322.681469476
324.505844294
328.240788822
328.26376199
328.122299961
324.773299023
321.725637255
307.022225367
304.999868323
310.144580083
326.498494729
330.613064929
340.793931884
347.958486583
344.986638621
336.600742372
336.200714716
308.540658934
421.500531804
307.597115736
313.022153084
332.895510527
334.059024226
367.329504954
367.978183399
364.268767793
352.158607315
319.863435166
310.119566581
310.131969723
313.787559086
332.199948798
335.769457323
371.02599621
371.576899583
369.876241312
358.735751362
343.192070271
488.606513176
321.356162347
312.300692117
319.484319329
351.650231949
360.796779795
378.775987981
381.634782615
376.446531977
352.695558125
346.359863362
324.828690004
314.398182133
319.150587426
357.170456062
367.893421061
390.024106686
391.70341272
389.798336325
363.449587635
556.337715898
362.58381955
330.081248629
316.752041517
322.645047023
366.099125964
370.977352573
390.030585188
387.418420409
365.304338492
356.514029147
364.288765513
331.403329881
320.216438064
324.92816232
368.261314517
373.11109644
388.886701493
391.774665285
378.621382847
533.39770281
370.945547595
367.140799264
337.356662975
322.074458376
330.568981785
366.524016151
368.422027237
386.683113272
378.012107629
378.477291301
367.747964679
366.223587545
337.3926985
322.03834507
328.833813115
364.1500155
367.583405835
390.280881561
386.033030569
572.323029633
383.093843963
373.93567779
374.186340665
342.512960929
321.835599684
326.868692277
367.370669008
370.53670861
371.119294655
370.564086659
381.566872684
369.621392815
370.261702899
339.263140342
322.375301261
327.219340703
363.908523318
366.328133715
380.595516994
526.238972073
395.690204788
391.879390385
379.267159413
380.109164226
334.026724698
319.901392229
322.095613587
361.061642938
351.339596774
365.496835596
389.647468509
386.565615052
371.860323958
371.567927836
329.043015267
316.848086327
316.690846039
350.081201317
352.343152991
556.55758468
384.774440031
384.361342124
379.825813882
368.868905556
353.994771141
324.910619619
314.611533366
312.296351887
322.290082188
323.089028392
372.683347007
373.879384334
373.453490186
358.751791167
345.840228368
320.145096719
313.187974566
307.69463707
332.691373583
547.126127888
339.194660112
362.011352216
361.081650037
359.24695924
324.848072933
324.637611923
311.974625118
306.286940432
283.037414609
310.666185062
321.467804205
337.445410652
338.10380901
336.189364242
320.141567149
319.221061991
309.344726704
305.129450184
281.521815686
480.697571433
311.540413616
312.89919057
317.787671082
319.381663064
317.21417256
315.573496628
312.498990868
306.986775697
287.805767465
255.995686086
310.771727907
312.166458828
315.388450908
315.532764963
312.032607362
308.278815551
309.203582781
297.563765385
275.43060931
448.215500073
301.93688762
318.50497303
317.233639997
327.898713326
336.350849396
333.664831039
327.826644666
324.443581913
303.632851088
303.98147233
307.799699083
325.453971538
326.990452757
341.890057189
343.18340055
344.022975794
335.460275049
334.666061005
308.024820519
432.640544775
306.950869349
311.601861689
326.348194109
327.684966835
363.994283242
364.086477144
360.593003149
349.493989213
320.511610382
311.10975989
311.129607326
316.595999916
343.016493913
345.524134487
369.450840817
373.113333471
367.17520238
361.988332881
343.399236547
491.723313884
322.873030069
311.342994047
320.910999157
353.454794739
362.334553832
379.407638515
382.937346228
377.126501637
355.692133095
350.794644595
328.703693602
315.690151642
322.81399547
358.926148534
370.159148424
385.757942713
388.783798785
384.936504119
363.959229611
529.012085471
365.577546047
333.675884618
320.511142391
326.251653775
366.039155033
371.076313999
384.288451926
388.53659121
366.952768139
355.963671406
367.008658493
330.968745365
321.774171264
326.747620201
369.070071405
372.271333367
390.634805934
393.491428311
383.911187185
574.780774223
369.533896277
368.702211064
337.962170833
321.703621289
330.373906312
365.414934598
368.603846911
384.261397769
369.557133841
369.391764863
370.195280992
368.482856682
336.950280068
322.365142309
329.727262417
365.884758666
368.904270339
388.771974648
383.276939682
580.484637061
388.33376608
376.361071931
377.04417159
341.778881372
320.432104257
326.428398479
364.304714373
364.449250984
368.955992396
369.502263283
386.837532342
374.023545934
369.075965959
341.75332882
321.234934547
324.479258912
364.495210706
363.576105012
387.615909618
576.353063978
391.132561011
393.645904243
381.875115563
378.58819015
330.733426517
318.810395274
321.195695545
356.274782458
350.715883681
365.930450269
393.950717429
390.225666328
376.113173714
374.313625633
327.628613376
316.630455196
316.971373191
350.558869405
352.43606449
551.211758533
377.744448515
373.542198012
377.175344634
365.24151901
354.741618282
325.019335588
314.598285658
313.075658533
324.845510667
326.892917724
370.506964012
370.263017239
367.256594283
357.064897458
344.676626856
319.801791959
312.310479316
307.908337704
332.176586565
536.961850448
338.980424329
361.059185799
361.577951468
359.161669042
330.264465958
329.274492903
315.950943623
309.821875358
283.485971645
312.950269916
322.677099772
337.641421455
339.09701802
336.193177594
318.802237692
318.365297168
309.104755674
308.032867347
284.23863953
529.48829918
313.545024414
314.370480233
322.883976853
321.51165686
319.043499558
317.972557071
316.327472534
308.517702292
289.162384055
255.965900056
309.420511767
309.738046213
313.939342971
313.702051203
311.010102152
309.696152216
307.934018894
295.684470259
277.06053162
456.001041826
304.739683691
320.849019614
319.540254461
327.545253649
334.772573976
333.320618396
327.873591687
326.760007727
306.899117565
304.072180484
310.083537022
325.861562445
331.001988701
345.224806458
342.5871364
344.465849692
337.237679057
333.232262723
307.990155986
416.217706226
306.582988614
311.581519178
328.451301177
331.72290097
359.985824199
363.345693699
361.119110916
348.831326261
315.739969251
308.656299237
309.431094554
313.999061646
339.385535715
342.720229241
367.682363025
369.643776919
366.581359006
355.164427014
342.374391329
522.074124348
320.810732877
311.304143327
319.066466787
353.241111799
361.394427726
374.028346352
379.563108378
374.256022651
354.998473719
350.511255519
326.09080789
312.942155212
320.232835507
356.635063608
368.802518922
386.439776142
386.919797149
382.888936863
360.654252248
496.238621071
367.285175645
332.20951784
320.298538554
325.872830704
366.605092849
368.372512733
387.616163403
390.213877236
365.675377802
357.161672525
368.74923646
333.734141819
321.337352331
326.03164708
374.311094478
377.612368226
398.886517882
400.257998616
384.047657145
560.964011199
366.831695663
366.15195328
336.096552017
323.722364237
332.161626492
366.677844241
368.527401868
386.738793275
372.652920299
368.963960124
372.478941035
368.417425891
335.66571837
321.795861754
330.85302424
368.292276913
372.327084022
383.910797351
385.708342336
590.517629834
389.69415389
375.875373094
376.098573353
341.346803903
320.453391641
325.544836356
363.120272986
365.339119294
370.282850546
369.098222545
388.298318162
375.828887465
373.167161467
339.614660007
320.420000926
325.23855321
362.178960238
364.148105244
381.679315667
545.170911686
395.350629069
389.397962269
382.095195329
377.383054396
332.901483609
319.19213588
321.220667931
359.387540461
352.096853299
365.230412393
387.875483049
385.691595777
371.448822233
372.144553929
328.027671459
315.491619261
318.167452281
350.260810069
352.037557348
552.648623006
387.031062389
390.652239336
388.210242164
373.695907576
358.384901296
326.694741219
315.134403041
312.475845983
330.605720554
332.031137942
366.94008429
370.209831419
369.077858673
358.185544794
342.356204916
318.249379247
312.671562429
308.656993841
329.325310351
530.012677368
341.508844139
365.558298605
363.194170627
359.340737231
330.628357149
328.333669073
314.349452231
308.24315466
282.071301742
310.636656076
323.23587489
333.789563821
336.633648471
335.901501571
317.860328251
317.550495489
308.25884515
305.520316105
281.426271185
498.981383603
312.969817413
314.023817173
321.270246638
322.053571061
319.029015555
314.262127861
312.670304409
306.66980926
289.198014882
255.032648421
310.63880074
310.789704987
312.94012322
313.999022883
311.628012304
311.25976698
310.879330928
297.267698111
275.804182614
441.97752688
305.82528836
322.547319943
321.177116287
327.355121359
327.371021427
328.347384446
322.712399846
320.579056769
306.710457997
305.792253074
310.170410167
326.662552196
328.139015491
343.707705271
343.661717181
343.96120174
334.269990433
330.999229946
309.993536259
418.119313368
305.458882925
310.458497345
325.273732453
326.487007346
366.867876104
364.503251451
361.980850941
348.57129076
317.071745902
308.322093185
306.057487594
311.622257226
333.490430717
335.438061531
370.102690559
370.412556605
369.764449443
358.731998255
340.946605489
481.544984847
322.646423851
313.141891601
319.841767313
347.456219258
361.782037376
379.002656177
377.72607358
377.636303582
352.349318155
346.963167257
327.353450368
314.689530463
320.347642886
357.404329794
371.77394056
394.553680264
394.461965666
387.489401936
364.967103098
543.971850092
363.056809278
329.066092254
316.581040823
323.236845862
363.524178091
367.970550846
382.276678406
385.32604826
363.402658382
357.267534792
365.634650888
333.396089775
319.038142053
323.414458137
369.590703221
373.555546663
390.22752037
389.535454701
381.961811623
582.695149735
371.357812661
367.91521671
337.770742372
323.311757393
330.867858525
367.17458326
367.818356776
386.627836949
371.363562961
369.846580343
369.516933758
369.591774134
339.619765676
323.545988735
329.458733053
366.263286832
368.076785393
384.909829571
386.00366653
570.035754737
383.743244854
374.566416442
373.02440547
341.260110721
324.050291148
327.629079312
360.081856918
365.538332982
364.117394719
364.95059874
385.213998752
371.117055723
371.983763848
339.44349149
318.704752453
323.005471742
357.883278488
361.770080675
385.777338833
605.868727608
399.797141667
393.638528417
382.622458316
375.26091084
331.962811347
318.169406424
320.847507761
360.644918596
350.115415693
362.812490343
382.650131376
383.606378572
373.242787084
369.286138152
327.623121075
315.999354549
315.33613563
351.394089179
349.007905761
542.788321883
382.597795125
380.59788158
375.388643362
365.824074363
355.621782406
325.223381875
314.04234869
312.171595459
325.059810424
327.171948676
368.241406901
370.706050059
374.723274726
359.48816795
341.750461051
318.095995598
311.619005246
306.032137864
332.58944877
549.790478111
344.42392811
359.690882891
362.076056523
358.774270407
325.795128245
327.365148423
311.674943495
306.422355034
280.393627489
310.320389972
320.960510576
335.34959692
337.362765769
333.654217081
317.735362523
318.322820722
308.6788793
306.425874697
280.22638273
505.962059102
313.792729695
314.774234777
323.526349514
323.067603433
320.417915943
317.671406318
316.760899852
308.843559894
286.317301692
258.746093967
310.456399036
311.455936277
316.144113582
316.639096424
313.213205127
311.567475769
312.016851795
298.010177347
277.399099641
430.478567156
302.740409074
319.99080789
321.172551381
326.987144886
327.91177647
327.032640009
318.764366412
317.558833033
305.210988316
302.906160856
307.303950885
323.142806907
327.616050097
341.678782417
342.620138281
343.42356905
331.701456614
327.067044484
307.954103556
412.421870906
305.957018757
309.924832978
321.366773366
324.369348501
359.572164829
359.97004138
353.864745085
344.127379996
316.836872293
306.952522929
307.33927972
312.355377586
333.258311563
335.39802986
364.711550563
363.257038919
364.405516767
353.294257409
335.804893034
500.489429104
320.538620178
311.27674242
316.289505615
346.797369812
355.785942959
372.056492382
372.441967049
367.833739426
349.422200593
344.971318784
322.974933723
313.936524888
318.813710382
350.442369997
366.368470108
379.346458289
379.621968801
378.074122773
359.667146657
521.477407103
360.760397578
329.93486033
315.956626879
321.834150327
362.948721149
363.538829885
379.68688728
380.694034715
361.616552067
353.701971449
361.238833168
328.776389659
315.75025985
319.350857098
364.138318692
367.416727988
384.463353387
389.122919935
378.109626734
540.831682062
369.594656251
367.392725299
335.067964003
321.946314519
328.995347065
363.54971171
365.96471975
380.633265509
361.189442819
359.861510582
370.288262279
368.630157023
334.175381639
320.079682435
325.245343309
363.989485844
364.754813131
379.734808429
376.302082865
515.133937353
381.730250044
367.105039556
370.12281334
338.170931994
319.128770068
322.822484975
358.018476811
363.082079325
364.973160609
365.046348227
378.731371729
369.976710989
369.955209683
336.925854757
319.476282342
323.64199561
359.202162702
359.908271269
378.494909085
563.306575009
389.320596732
385.076621905
375.109943613
371.931050195
328.233573566
316.382424405
318.682365107
354.047067038
351.161061215
363.070843377
383.004532733
382.928072845
372.398327109
371.579086277
325.247102375
315.065034874
317.361089321
340.451371097
349.281714983
564.387474851
376.277501488
378.70442182
374.78900731
363.505287717
349.060490272
319.084635967
309.239738654
309.179545277
317.72451286
320.12751005
366.963264903
368.326804595
363.856024609
350.087543888
337.229280168
317.213783107
309.937371188
303.516207581
324.792605121
503.884634023
333.890960076
356.106154175
358.054163585
353.224026248
324.856102577
324.334655684
310.90878558
306.037621038
282.645993592
310.182407332
317.569710855
329.590278086
325.420927067
330.524827145
316.484210737
314.93710947
307.686494286
305.411139657
279.917646091
490.333018452
310.876360397
312.434004898
319.668455757
318.693445266
317.490872683
313.075864256
312.917620533
306.322099468
283.517688647
255.122618812
309.234360945
311.284214853
313.16936936
312.058355444
311.572934762
309.773385056
309.994516394
298.132466639
273.096712282
396.767692824
298.885220695
314.355933574
314.309630136
320.66480311
326.613942244
323.689030534
320.741162784
319.820565383
306.137063079
303.305482231
304.187029828
317.390778503
320.334680265
324.509864208
333.543450592
333.21664694
327.10074437
325.117512444
308.369438639
400.88759987
307.755184388
309.259764806
318.175711946
319.138726072
351.188327991
352.545285718
349.550253164
340.180735729
315.33568911
306.928111418
307.854156303
309.762910658
323.047420154
326.549318552
364.934286623
363.693258262
360.915058212
352.166850705
332.491948217
472.144284071
317.575268998
310.052884063
314.051861995
332.752851469
352.612409896
375.629445686
372.20308942
370.805939346
337.215407039
336.19837253
320.814734524
310.57901357
315.832819815
343.620156763
357.922975559
375.184125007
375.78469951
370.04130473
352.466182195
526.550164246
355.01857038
327.135232854
313.697024663
318.479041415
358.087401493
362.097551179
381.129063341
382.075605794
358.169475827
350.924895362
360.668684331
326.673268588
317.468491275
320.493977578
356.849593778
361.180708163
377.156963515
378.184606039
371.24676185
529.545845393
361.61534252
362.014904864
329.049591594
316.234738433
323.17509013
358.012748393
358.730032886
376.958026309
363.64427696
363.221274329
363.394376039
362.335160618
331.380428927
318.429520329
323.815190695
358.531729605
360.375533651
379.224715413
375.112663143
535.489514664
373.087675615
364.423330664
362.986179708
332.393750957
316.373457591
320.179688566
355.15078153
361.107533744
359.040503339
359.181482177
372.9332478
362.876414995
362.780395132
331.921755949
314.924486303
320.220183883
355.033510712
355.733304374
375.754046575
547.333714706
381.077003334
382.054952645
371.979634405
366.22634587
325.418527645
316.49999785
317.725064405
346.702292424
344.136451555
360.564110238
374.077583637
373.713576742
363.170134741
360.25042049
322.11732033
315.631738759
314.368790684
332.366987106
339.549697529
539.115600804
367.826373002
367.08273508
367.588417156
356.232951262
343.669577676
317.669757509
311.646562519
308.119977237
315.189843159
315.015278439
362.159204807
363.002362027
360.253426257
349.681625374
325.775344034
313.92807991
308.716054739
302.105093189
322.603845212
511.487858404
329.883740366
347.702656433
350.211549892
346.575183569
323.359923413
323.727331084
312.105724194
305.853583721
284.258958512
309.733391322
317.265751002
329.075924933
332.829085168
328.54440207
315.577578524
315.053484996
307.593684485
304.894961632
275.641572561
470.17740152
310.1632998
311.504685865
317.045186784
316.016553208
314.945673977
313.855995081
313.594361574
304.292502441
276.864397029
250.593435285
305.141647548
307.962123026
313.564336988
313.857419962
311.76883914
308.905733761
309.198758633
289.093268648
268.592469732
437.914083044
294.627991883
312.254648507
312.80572412
317.433752764
323.972759514
322.677638907
318.819578466
313.974178526
300.000253123
292.719634387
300.596803166
314.63192003
315.492921848
321.265794763
325.216700273
323.576512243
319.27774837
317.6920993
306.802934501
399.554653229
307.670289449
308.28960698
314.688832847
316.143517592
353.522987669
353.212008156
346.956282265
340.767337357
313.084299378
307.383364088
307.316257014
307.080280267
319.719513622
321.205812435
352.938112495
354.321300408
353.69358881
339.932625496
325.177931175
444.767545513
313.600929708
309.413825945
310.533570355
322.751609397
344.423997956
362.402652604
362.935722406
361.749176661
323.818841349
323.832878656
315.841049786
309.702437874
313.926819256
328.191896489
349.664389022
365.212857261
368.339312621
364.936099174
339.609920941
447.13316299
340.693641061
320.549996648
312.017996003
313.738568274
351.390071906
352.547797953
368.441611763
371.212196658
356.188851663
343.25281127
350.899308384
319.764457386
312.787400941
314.40212467
352.821014956
356.14396205
369.912932806
366.916695979
366.334412928
537.383535443
357.956366771
357.881545286
328.564521078
315.7271903
319.376907236
354.009812603
356.88330751
369.377473427
357.904296081
357.102811421
357.800047699
354.99563578
327.458501545
315.564180011
321.747110063
357.380864605
358.706139686
370.706506156
364.97593305
504.270772195
370.099090182
365.886994984
365.152957233
331.640009617
315.267678327
317.493600746
348.447226175
352.935585914
357.218194341
357.286618376
369.741754691
360.714009327
358.676297098
329.686537073
314.333117806
316.533687002
345.30796756
348.166457506
366.476095222
521.142352964
372.933408074
372.217014785
360.699817202
359.714718827
318.906875421
311.329283975
311.612449338
332.012627254
333.289927817
355.007623198
366.909873562
364.232259817
355.545091373
351.618573246
316.74787949
309.889905603
309.106542988
323.733209069
333.13593691
519.415017515
370.254307166
370.078378631
364.048079291
352.074752614
331.03523676
314.947101379
309.948591962
305.360810882
313.978960641
314.794824611
357.46434183
353.724500175
349.081508361
337.148862056
322.97495478
313.288028259
308.06116302
296.783854234
317.416111589
466.986880416
320.477705127
332.67254698
334.521313092
331.005894733
325.876877649
324.799625074
312.495425741
308.268635223
279.031836297
307.836616096
315.016301324
327.727144202
326.506928985
325.423130133
319.890805877
320.677837597
309.531238186
306.411445286
268.202383082
488.781237323
306.545380202
308.03367161
315.591874746
315.830023235
314.727028015
309.049648929
308.781514938
299.156795982
264.873004525
236.5129862
304.001448382
304.708442764
311.834200767
310.701600734
308.447124204
307.917589579
306.982589311
290.258188426
257.269480316
399.215513124
289.392280282
309.756529333
308.661697846
312.641325268
317.973529371
317.83127447
311.587347905
310.387204346
289.283463914
276.205993627
292.124481315
312.08969688
311.858360221
316.700108309
319.596994131
320.515295697
315.091788093
312.76593259
302.177643055
371.548704459
306.471807963
302.692590988
313.856855247
315.274604443
325.431490449
328.588954746
327.980289726
321.822306699
312.066221043
306.940156658
309.422712367
306.572950101
319.104097642
320.832528956
338.99782286
338.475078353
337.616747209
332.730371243
323.493754786
431.145187483
312.667777629
309.032796088
310.932445691
317.383927597
330.238339236
345.773120241
345.829505173
346.268913635
314.460880242
313.698666125
310.33004155
309.89821458
308.044783017
319.299905092
339.646984034
366.29548786
364.800751976
362.106027462
334.240675483
516.674959063
322.974418099
311.830860839
309.713139236
310.264857514
339.248921117
342.510474857
362.471420831
365.745283299
345.233175425
328.617420894
326.688466471
315.852871737
309.380661293
310.809668989
340.116140004
341.856830438
359.398446125
361.397335694
350.27305872
483.498662423
337.925394692
334.898919409
316.732956421
310.163204319
312.646867459
336.99126236
340.019164838
363.693291945
352.596883448
352.433880538
333.266630141
333.468203562
315.658889819
307.832294088
311.757299236
336.246405095
340.18302952
359.770180106
356.934725096
536.583974671
363.318139425
349.434312856
347.636693981
322.895750734
310.096924039
311.363809131
327.243912013
329.342635458
356.721481444
355.995347274
360.457678092
347.03770997
346.015584547
321.618780783
310.7573819
311.610931477
324.315475685
325.742414616
356.199690906
495.468111692
363.662743897
362.114671383
353.054621962
351.967367701
313.926773675
308.719026765
308.773986006
321.172990049
323.195990751
346.82928269
363.042257748
360.894535571
349.941994229
348.712937099
312.183225307
308.023987895
306.282831876
317.275165384
326.404041094
487.167746855
352.172298044
351.395053328
353.026719534
335.578648877
322.638390084
311.762901058
309.120846708
298.542698846
310.785932839
311.281318164
335.928047038
334.504807544
335.893256084
325.325915461
316.395726643
310.032800853
306.539343425
288.531262488
311.547273013
521.262161405
318.15008935
331.68741337
328.667454108
326.765341431
314.206870578
314.477002044
308.324058352
305.740835143
270.386776143
304.575320076
311.289333963
321.408966568
321.743763686
320.839865122
313.395056442
313.12444871
303.388947277
299.089023972
257.667914272
435.202417543
303.78803366
305.301299165
312.152102322
311.761950024
310.805645047
308.175256565
308.316457815
295.124591812
254.525599622
227.347428015
290.186692403
294.36561161
306.693619304
307.317745755
311.637572353
310.646475779
311.85813149
280.434556083
247.22419606
399.457182109
284.967542421
306.325713209
307.053766728
313.428691912
313.910351636
312.336962496
311.376563469
309.639227194
293.814367231
283.557691483
290.343014683
308.695534142
311.620003234
315.128319942
318.322586148
314.461118794
313.050648008
312.861972865
288.662245269
375.78870977
292.242235065
292.716808244
309.594712827
312.681979025
315.457299202
314.866302545
314.670589798
310.476653607
307.856908813
300.424718717
300.68265994
293.48819989
309.40851884
310.499015684
322.185191788
323.108079223
321.474062375
316.634501595
313.033976024
431.033706863
305.934079876
304.402504936
300.961681381
312.001955847
318.754082774
332.243703747
334.464658603
330.939113088
327.844788012
327.151473854
307.69325945
306.349918437
304.234455405
313.751677464
323.445166503
341.146098768
338.305292356
338.666874509
323.418270765
445.924778867
314.250969421
307.2436306
307.125795757
304.809579444
322.767166861
324.910705913
340.770831132
342.832453871
321.964920558
316.559899951
317.481134316
308.934025492
306.45943928
303.5862382
329.571604457
331.586041508
346.795705692
346.526529307
335.833943776
501.898290856
324.137732993
323.561467655
309.579211808
305.021128927
302.733450522
326.137392679
327.936667251
346.319977875
328.880662666
328.016893838
321.658371662
321.308584499
308.247836961
305.569150431
301.806979984
325.126354593
328.738102033
341.550353777
336.563948326
504.494036885
345.997491246
333.845204677
332.886952648
316.235984679
308.126348033
305.021026026
318.759911325
321.112912773
336.122502057
331.853945904
343.489225912
330.81449624
328.855361718
313.355048617
308.299439882
307.433317227
321.281428981
321.33573637
337.437477471
483.539906783
348.868651712
346.73443121
333.546323792
336.777378017
311.16904108
308.946390945
306.006807821
315.908064075
314.102469474
321.977345721
341.939144052
338.171260064
331.005561442
330.473340775
310.609117496
308.23313217
300.729852759
314.056084703
320.382866114
467.094160658
331.375971517
331.812743688
329.080479843
323.501813476
317.427110969
310.479058059
307.922917225
291.784619552
310.978749403
311.594429955
328.063918701
328.648060316
329.18190212
318.132905967
313.986499785
308.566677445
306.596631316
285.230262428
308.687599215
458.260238704
312.719519858
320.736593446
322.626423181
320.188344022
314.523115431
313.205781471
305.93201768
300.327621209
260.952120687
288.05137595
307.096226158
315.746440036
315.268798952
313.753472044
312.735909353
310.598888393
298.427255539
281.831714658
249.240340025
449.394691904
309.118315286
309.499271175
312.130307829
310.880304534
309.313324534
307.013808592
306.867566289
287.990100138
236.539072132
221.661574622
285.778775492
285.527080768
302.00487636
302.752115432
302.014060394
299.634228627
301.701197301
270.244605506
233.089438257
415.347742375
275.430084341
306.638291579
307.969265742
309.50499947
310.030129039
309.317001126
308.039334477
306.766703317
276.905112142
254.080998127
280.966716497
313.025954569
313.836988264
311.436464119
312.130508217
308.816278161
308.111693711
308.089033682
282.380903442
357.690064514
289.709224305
293.59126701
309.959395944
313.10019856
319.44348713
320.88371572
319.355594034
311.798750179
308.677901525
294.458261707
291.243038047
292.345236684
310.562172585
309.03912696
319.683609273
321.715037324
320.992140988
315.675901284
310.657982599
412.949131491
306.399130312
305.707153757
301.303138017
311.196096235
313.263265691
322.31806719
323.866045583
321.291145236
313.067503827
310.728117463
308.162977221
305.270631903
300.449708167
311.249722896
314.755593579
321.54980558
325.59604217
325.093882964
318.862425637
447.247302343
312.754152469
308.226756052
305.064586447
301.063645744
315.080124032
316.576042289
323.078728225
322.474482217
313.016190165
310.423506598
314.368933589
309.272376923
306.618617863
301.784108296
316.222704511
319.931320032
329.334332885
329.145303608
324.332118604
437.952867775
323.827513868
322.365688627
310.003045891
307.865327395
298.317987656
325.751309577
327.156853192
329.472867231
315.850808654
316.070193047
318.541495024
317.748534743
307.89560329
307.012190856
297.197667826
320.771387845
321.679619086
327.124314964
330.072983303
469.360285859
326.723202191
321.114021512
320.699803314
310.188667128
307.799220801
298.891850088
313.414205909
315.665101302
318.630998796
317.595236723
320.946157274
317.031993115
317.451299762
308.306060508
307.63867015
300.559365688
314.320945771
316.945731895
328.378544745
456.216674862
329.582526819
329.267022773
321.547061146
320.099452832
307.281670263
306.636559917
300.376108832
311.862802565
311.921129764
314.512341523
327.802275273
324.927574749
321.233274777
321.867680376
306.75700099
306.753598664
298.610820179
312.331396687
312.922304566
472.385622005
323.699157352
321.939340614
321.585606002
316.515297584
312.195334486
307.433089245
304.472867772
284.197260716
307.725843216
308.657765769
322.48349335
326.868833361
324.364195852
312.684867652
312.139524384
305.893372813
299.806653208
281.224994372
299.159005194
443.066268243
306.286068061
314.334717177
313.830973868
313.608626848
311.093849212
309.832192448
299.26341743
287.423607144
245.612272336
279.168748753
298.027387377
311.088578171
309.171821559
313.231581729
305.557180037
307.49020814
288.925536993
270.567797327
235.628174137
419.269473665
297.789795167
299.029737684
307.643345866
304.753835555
303.396837372
307.790710549
306.177391715
277.474447368
224.74239545
219.189216659
280.851390024
283.485796027
299.627459012
298.658037306
294.026316272
288.441629467
290.907328366
255.945567203
223.375070094
361.891488094
245.443990994
295.343903201
297.93835688
299.7990014
315.035985914
315.149815537
309.583759756
304.269334686
252.763911569
231.402256625
245.347327174
290.30015391
298.236571705
307.655635765
312.808848813
308.148442955
309.611110062
309.620143794
266.846436579
311.71296242
270.450644928
268.641899202
307.298720033
309.71390116
315.253826408
314.588759903
309.76039575
309.000276736
303.353802439
276.787350063
279.576794549
265.791110071
308.400370707
309.506501024
314.337454191
313.538075585
310.83154899
310.07371646
308.145014286
351.08133458
294.898336147
282.146070017
271.022913117
307.868324643
308.118519859
315.064778589
313.990159349
312.442041565
306.118457897
305.545009078
300.154201269
292.253059174
266.713269182
309.053838534
308.836168458
313.359489065
315.107896555
312.799750546
307.345957602
381.992171233
312.216735519
307.01977851
298.621536442
282.424894135
313.180863418
313.089934322
315.83188248
316.97660843
313.388443897
311.745442106
310.775615279
306.995006244
304.326373916
298.455855934
312.246572735
314.192383587
317.388968954
317.204808145
317.336349003
383.829663793
313.658038272
313.356867797
306.516809111
303.568239449
288.193232362
311.614301862
310.800190635
319.472655247
311.476167477
311.118321844
313.842113126
313.027256007
305.140873395
303.330004383
286.749908626
310.388541602
312.164419687
315.209483642
318.249340513
389.134130505
316.058259028
313.651332109
313.274429142
306.739010881
302.156445816
288.108467855
310.345525361
311.275879
324.202974185
323.673275277
316.58920278
312.465699435
313.11795053
305.426942799
299.580733871
288.226379159
310.319903813
312.18708007
317.180574352
376.797344566
319.524871045
317.84583042
312.451784003
311.579115961
304.43973055
298.27145714
287.10062366
307.530718005
307.183942381
310.729192487
312.963255346
312.94484143
310.279423338
309.515818358
301.539763441
297.877711621
285.971528317
309.017823451
305.693395467
363.822547245
321.301461346
320.530486245
319.075266157
311.426791029
311.253416183
301.508075216
295.290657011
256.144563994
296.977446139
298.895796195
312.382390789
313.293544248
311.61465753
309.158171572
310.329987648
297.815343898
286.21388279
250.152792612
288.372618947
398.745601876
301.307141393
314.266785105
314.161054753
314.405734286
312.879214127
312.744690438
293.191695773
270.704870309
225.599481289
277.380608087
292.864293114
312.409568982
314.128598748
313.732513574
310.486148109
310.769627798
264.29085479
270.051059662
221.443869238
353.825118261
279.332290148
271.020558411
303.114932733
303.890386749
297.345317585
301.342377755
298.182239333
246.658281953
219.010437377
218.395492251
232.634543551
239.22891676
258.655861823
258.111816334
258.303634675
248.45204894
245.555098798
225.698022935
219.084698221
331.560480105
