506.903806362
897.35675457
896.965806301
895.018076624
895.704073123
896.845990276
896.133115519
897.266504862
918.651073872
926.041205677
922.096389191
903.025264877
901.459437184
897.12835642
896.378474319
897.136197276
896.789732011
897.17710035
925.156732893
916.012216258
922.105121695
914.732681182
898.310531128
898.719390661
894.053100389
893.268999611
895.191724903
895.980644358
898.645063424
917.773838258
910.093349922
907.763005054
896.747281323
895.997707393
894.760809654
894.380606072
895.971402335
896.360052529
898.257420233
894.573672635
898.778138856
900.375159471
904.642280825
894.817599611
896.735398833
894.398687038
891.290875827
893.224980148
898.238295056
897.500348249
898.710158366
901.889005056
906.141103851
895.188106615
894.824255253
890.873444142
889.723282211
890.499274037
896.297060335
893.410330479
896.721673414
898.758133022
900.294129133
906.929310385
895.981848638
895.591620623
891.665928377
891.659133126
895.879929545
897.831383807
896.338871935
898.695831907
898.757314275
906.154435628
895.552716232
895.946141689
892.050269366
892.771013629
897.054901129
894.204113663
893.611679253
893.611750097
898.703740467
900.294043174
910.421264489
897.10305255
896.713920592
893.991668743
897.018952103
896.282307123
895.137561308
895.531713118
898.723002334
900.284016336
910.027277713
897.125298444
897.120037743
893.968121448
895.111925263
885.937370861
892.0437645
894.369933437
894.765273647
897.576767406
897.587004278
903.850077791
894.037348638
893.681194553
891.619290775
891.625369794
892.024622421
892.433280654
892.43814636
897.574153637
898.735618047
907.310012835
896.34928716
895.185899222
894.357081744
888.333450935
890.881147528
890.871108603
893.608651615
893.986673414
896.808108518
897.566870478
906.969346034
895.975980156
897.45915214
895.874599455
891.657245621
890.875782016
893.20494239
893.219710782
898.344703617
901.857085181
914.33562014
895.970797276
898.25671323
887.10610596
885.468551187
884.312494356
885.473508369
892.894312062
894.820689883
899.145168417
899.26518818
908.581879082
896.004896498
896.399813619
892.857948638
891.297516342
892.861152529
895.530984819
895.172550584
905.722600156
915.501353421
928.32292846
913.46856515
884.019234813
902.255193699
895.203342802
895.207977043
895.613187938
895.222597276
894.849074319
908.904383359
917.863062986
945.01853323
918.52368028
908.473008557
897.555893038
896.008752625
895.280301439
898.757307273
899.908719175
918.58686353
931.045681571
949.679115429
894.962804593
903.5345521
903.536316485
898.780080513
898.819122909
903.420964216
903.459907854
906.96249028
927.538766719
950.030802176
950.821024874
924.032272551
923.257134914
912.351235614
913.528975117
912.738239502
911.622666407
912.418977838
939.23216712
950.034085503
896.147076654
918.241619751
898.374765461
898.759127577
896.77521284
896.372833852
895.605941245
895.230462855
896.428639829
919.359129082
929.065400467
913.545416796
897.576880202
896.79952042
894.812386381
894.782449027
895.558038911
896.35183035
895.958192218
913.867604045
878.927246202
908.158801711
905.836173017
896.384387938
896.393670039
894.007708836
895.167002336
894.000394706
894.055247471
897.900919455
905.707415403
902.32441874
903.491987558
895.575507393
895.183405058
893.595172051
893.939556854
893.593536395
895.184844747
896.729525292
838.416526747
897.566830805
898.374779463
901.481005834
896.366256809
892.884371984
884.297963799
883.474037383
883.893715843
896.235075156
896.281396652
896.417260988
896.446543368
901.87214858
895.939687427
892.071168937
883.854279984
882.686795561
883.860531542
891.6454348
831.739973047
894.38845543
897.161608171
897.991852198
901.873644496
892.837218373
892.44815181
885.010815421
885.017740265
893.138349299
895.479945872
894.337395639
898.323739689
898.761721898
903.04987359
890.90603153
889.740664461
885.409014408
883.807598364
886.527759642
785.24152681
888.516126168
888.52432866
897.537635019
898.352674835
906.519429405
893.216913585
892.823279097
884.56434515
893.475065446
894.29709229
890.090334502
890.068003115
897.548211284
897.968946713
906.135092182
894.392315298
893.213834177
889.278435748
884.959359564
790.326353816
886.554876558
888.500482477
889.298527648
895.985701167
896.014031894
901.869099572
893.209190736
892.410029973
891.965093458
891.917582002
888.062167511
890.070321651
891.231508956
895.971741634
896.418619214
903.032711396
892.421297781
891.662639938
886.477018706
810.906025801
881.868204129
881.494667705
885.42019743
885.421913551
895.983143191
895.654273046
901.880514586
894.381722071
896.236757399
893.905973131
878.048955218
880.37147391
884.648663551
885.039511682
896.372168872
896.047695838
906.555242707
894.838643969
895.941009731
810.886854574
887.728744159
887.355758567
887.34615771
891.267648501
894.386929545
896.74801751
897.201640996
908.12105521
897.511497276
896.757524514
888.534899183
886.616280265
889.326735695
892.833047879
895.157058778
898.738765461
903.784835473
918.222605754
902.9698
820.332849941
897.144889105
894.004093422
893.987999221
893.251230739
895.195601167
895.575131518
903.0321972
909.672535381
936.806884914
918.120465189
902.612321665
895.950023735
896.694407552
896.316725963
895.986545136
896.758682879
907.726746112
919.793621695
942.69324796
825.053148047
906.923492415
906.534990276
899.478359922
898.716183658
897.974508751
900.313860366
900.696634384
917.064339813
949.620507387
951.589896619
920.125072706
918.581090591
909.233800856
908.840920264
907.271224815
907.710223173
909.634410964
931.793739502
948.110150797
867.492493957
909.292361198
896.782113619
895.972162257
895.980419455
895.563339689
895.560699494
895.964811284
895.98482179
907.279385842
915.872201011
908.070297161
896.362671206
896.738016342
894.737080576
892.044802258
892.804753601
894.016092218
895.583801167
902.582332944
852.642776521
901.102001167
903.434867367
895.209685603
895.161771896
890.476930323
889.700594784
890.093826002
892.055786298
896.264730245
898.303127966
898.360384286
904.587854531
893.983309459
894.331674844
885.746172575
883.850993769
888.114480919
889.322525886
890.861412223
802.503574726
897.93117393
898.369691949
901.1023345
895.170732192
891.293041261
885.352709778
882.246861317
885.014964174
896.648432243
896.653275701
897.520145136
897.977950603
898.747050953
893.99550253
887.421944726
879.520949747
877.940103663
878.352546942
885.781529984
778.483992561
888.90736176
895.217691829
896.416136576
896.403607393
884.266170561
880.761786994
873.294970004
870.203333463
886.866481496
891.156675886
888.853153876
894.462772374
894.822891051
896.003742023
882.721202103
881.156816589
869.029568757
869.354614575
875.237710947
752.748666405
886.143015193
886.524319829
895.237605837
896.774525681
900.286268093
887.741453271
885.796174455
876.015135956
881.783146532
884.941692248
885.347757694
885.348533307
894.785805761
896.373949027
899.116599611
886.187593847
883.477079439
874.058908453
875.174454793
756.759195925
869.414595247
872.94309739
875.264884301
890.551690152
895.613856809
897.934589105
891.998080218
891.995565421
884.148682119
884.096247857
872.132581613
875.644594468
876.828935333
892.895283658
895.592800778
898.706306226
890.061900312
888.502865654
875.639559797
750.996143586
867.820679267
869.432836774
876.846176471
879.167306584
895.59942179
896.380143969
899.920565539
892.824474504
893.932854361
888.047932217
873.689104402
874.469340475
879.197761293
880.76403972
895.588178599
896.377480156
902.618653307
893.600407941
889.331719346
754.309317131
876.037419556
876.055012076
878.38297351
886.592832165
891.623629673
895.981471206
896.412737456
908.872465967
897.059989879
896.678017127
888.497018692
887.335041277
888.127383567
891.220985592
894.312384346
896.731118288
897.175518864
911.609122862
897.123666926
778.855050117
894.433832296
886.631435967
888.547990269
887.009112106
894.373070066
894.409371206
897.19233839
899.143653053
930.203438958
909.172574874
898.702029961
892.82432464
894.000584274
893.582073569
895.20228249
895.611383658
904.575034228
911.232642302
935.300625972
804.374111937
899.151633217
896.470203812
894.065912062
893.663318288
895.594387549
894.09794049
895.245823026
908.470530144
938.763930016
948.506938593
913.545469285
911.228767885
897.995340723
897.61736795
895.276206534
899.530414625
896.055019059
921.348743779
941.121794323
834.888458415
907.299229483
896.370501556
897.10500506
894.761543402
894.328643692
894.762281043
895.529919424
895.9401884
900.274333722
907.266560093
904.972662388
893.999232775
893.214724017
891.647247956
890.444268302
891.269760218
890.89172246
892.830383028
897.552079736
847.474624512
897.994387398
901.119614158
894.786762164
892.826039704
881.157290109
881.907135125
882.694469237
888.912873053
896.257531931
899.050459922
897.213240373
898.776479191
892.434381861
892.429279486
878.760622517
876.030496689
878.365036619
884.240536215
887.31848676
801.817561596
895.982248249
896.402038132
897.190522179
892.795376558
880.391047508
866.329364628
866.653735776
866.706378263
892.292767342
892.730303857
895.566546905
896.750059167
896.764124903
890.449050623
875.338672897
857.321212003
861.153709942
859.271021044
878.774356058
755.20857406
884.194592131
894.041992993
894.831592607
895.999873541
874.946030374
871.778606545
853.814236165
851.822373489
875.945704988
883.786039346
879.523607324
892.861699494
894.457596498
894.837346693
873.733655629
871.403144916
853.751180897
854.539363743
864.983331123
715.859837063
874.819131723
875.985492595
890.881063084
894.073437743
894.474125292
876.844768991
873.330572653
858.422622612
864.612490838
868.464889236
875.56817537
875.982690569
891.681370961
894.831435019
894.475950584
878.360872614
876.424957148
859.955579727
862.280059649
732.730591676
854.911251852
864.300019883
865.892488309
885.894761775
894.460157588
894.854000389
887.318144137
885.372587846
866.932242885
867.320254581
860.789614575
869.761617693
869.771446999
888.598317244
894.841584436
895.234009339
884.632781931
884.961333074
863.461642495
720.166636435
854.92019961
858.862082229
866.682530787
865.557118037
894.007670689
895.59821284
896.769546693
890.068934969
889.284842679
874.768406859
859.245930631
862.748092751
867.494403194
868.666076743
895.166065395
895.205031907
897.976758849
891.24224338
883.903695483
735.677992938
868.929959454
867.044482073
868.643186989
876.445101675
889.232746397
895.554352666
896.758682879
904.165029572
897.050708447
896.282708058
881.097677834
876.411249318
878.383102454
886.203191978
891.605518302
897.530020233
897.589565539
910.430339168
897.126096536
735.673392311
893.213718957
883.859801791
885.794314252
885.011630452
892.04422538
892.419094979
896.358882879
896.803093349
918.557201011
900.200194163
894.799634241
888.554898793
890.486516543
889.707876216
895.531604126
894.761255352
898.355325943
901.478295994
923.259001166
783.552308927
899.909808246
897.595640607
895.193622568
895.195647082
894.425433074
895.194746693
896.36376537
905.765688837
932.526533826
948.492265838
901.897120187
902.267400622
896.012253598
895.652937767
896.795689615
897.574610268
897.586748347
910.065249611
936.852485614
827.476852401
903.039943991
894.400308291
893.227742701
890.119502919
890.076221963
890.878940444
891.66345543
892.055463605
896.758662777
898.71111513
900.311425126
894.005826002
892.044150253
887.331220016
883.056220405
884.190135567
887.73413824
889.718777735
896.724346304
830.549675781
896.429614158
896.433343057
892.438020631
892.390536215
875.259488118
874.856843007
877.203947409
881.535696651
894.302984034
897.49151323
896.785498054
896.776501946
890.467132399
888.503988318
866.712889365
866.253140686
866.312323335
873.717753409
883.423696533
771.759581277
894.768475671
895.608512451
895.20901284
888.518133956
872.95793845
853.409731099
851.030246394
853.426948168
887.283518504
887.67008882
892.807254673
895.216889494
894.823632296
882.632269575
869.436605376
848.693431969
847.911467446
848.29282807
871.711524162
734.528061593
872.475720966
892.477369794
895.204816271
895.194269755
869.009777475
868.272687573
848.292558285
847.455338924
864.604521637
875.180409587
869.744473889
890.480268302
895.968059167
895.574030362
867.11050409
864.349792284
847.136136452
844.737647036
855.679719688
717.440391048
859.585786355
860.819314497
883.504436137
890.949602958
891.733360452
869.039987534
867.480552006
851.742184477
858.306476599
859.084907956
855.715654191
857.63511345
885.006082197
892.102503309
891.371350195
867.099249708
865.14813284
850.940298362
852.891179017
736.601544706
848.684188694
855.705784405
857.648176218
880.023836838
892.857713896
892.862286882
876.037748734
872.073217849
860.637406006
860.652296412
850.630581287
860.300373635
860.80747233
881.947653037
891.698868431
892.525843191
872.140614725
868.621696922
851.772201559
702.783588374
849.411651326
848.696164133
855.727276023
859.272448948
890.477307243
894.017123784
895.614026459
884.192128165
881.463226724
862.264899805
847.127074074
850.254594542
861.621477007
860.846089244
892.409911994
894.846945914
896.026766537
886.966563474
879.926402026
715.85020534
852.651679657
851.822156725
854.168825731
863.252359174
881.86203545
890.908935773
894.450484047
899.167886426
893.926991433
893.547633567
869.358800078
865.474190959
867.44504092
875.652022205
888.840115699
894.404200856
895.587449805
903.813517308
891.27614636
742.443195294
887.404919035
878.755420725
879.143373198
878.754811453
891.211024922
890.833658489
895.575019844
896.410431739
917.355402178
897.084615175
894.021490661
887.331521417
887.716128894
886.949089174
893.5915652
893.943338785
896.409144691
897.203998833
921.716375583
765.363105016
897.170470428
896.412905447
892.043800311
891.268945115
893.598650058
894.796320623
895.980524903
904.150650973
924.756178141
938.794887636
903.40976196
901.859148969
895.581511673
894.818822179
895.94882179
896.747341245
896.410592377
909.658372473
929.466143857
834.899193284
901.468457799
893.219527053
892.061894901
887.34625
887.352628505
886.949501558
887.786878552
888.961377968
897.481263813
897.527795799
898.70801751
889.340219541
888.921140911
883.782148422
877.578956759
880.337162773
886.1913419
886.960232477
896.346101167
837.596059766
895.644146636
895.216212062
887.74670366
886.955862539
866.709089988
865.888409197
869.035259447
875.663021036
891.965049844
896.316841245
895.234724125
894.06324786
880.706394624
878.382004285
854.228176539
851.495184334
853.826549104
863.248273081
876.435827035
738.04811887
892.050541845
895.602621401
894.815587938
883.79455785
863.613015582
845.940417154
848.684954776
848.274255361
875.149997662
875.538948168
888.578464772
892.865933826
891.721769171
876.029332684
860.897341254
840.525454191
838.8942383
840.505833138
863.474402339
719.890573391
861.188236555
885.082634488
891.326205917
890.933282211
856.56458067
853.829146142
838.490308112
838.112474649
858.303313573
865.763378168
858.002181676
883.862804128
890.92515181
890.527654729
858.036675244
854.976652377
842.371920437
840.76797659
847.431940328
697.559290373
854.511859259
855.300930214
880.36579665
889.003511094
888.228036201
862.379492985
860.420909587
845.888039392
857.072606711
857.130191888
853.737366472
855.624630265
879.228073209
888.610432075
887.836219151
858.49593258
856.539233048
843.830320843
846.257033541
680.800895399
848.241607254
854.522584795
854.881353354
878.869813084
888.622395485
888.227922149
863.541781761
860.029581839
859.051612173
859.047723371
841.23299493
849.466446004
849.845532943
876.526816978
890.151119502
891.705211756
864.713357366
861.961749026
848.208031981
692.355297127
843.132968396
842.805773791
849.084579727
851.054224951
883.895902259
890.931361619
892.101428182
871.325872175
875.958058846
858.299849844
847.454187988
848.613099064
854.136454191
856.869908772
890.060167056
893.987237836
895.210446304
884.564079081
871.762702766
671.625750197
847.139729435
845.961466667
851.426327096
860.838144583
871.636416764
889.742639548
894.471151362
896.79226965
893.915557243
893.545549455
860.760928265
857.683227981
858.8451212
869.440009349
882.634671991
892.454407552
895.211384436
902.658649553
886.648264305
711.816762372
884.694608408
870.589111025
870.529630943
871.744368913
886.527428126
886.959625
893.649153696
896.020759627
915.431131855
896.27742935
891.290172051
881.900375389
881.525127726
882.671332555
892.03900545
892.812259245
896.367318288
896.796337612
919.001445179
745.179916471
895.62101323
894.837065759
893.590489295
892.047957182
893.5994819
895.141213313
895.149739587
899.517544535
918.510106962
937.596016719
897.610830805
897.225974718
892.889725681
892.88736965
895.175946304
895.980081323
895.97711323
908.859821081
923.652599533
800.159410016
900.281329961
890.518726742
888.957931491
884.627746495
879.970586838
880.379838006
885.810501168
886.235214091
896.722457198
897.548535589
895.995746304
887.358696651
886.570978193
877.172805999
872.523593689
875.187448558
879.584836449
881.140688084
895.968857977
815.186001564
895.985399222
895.605191051
884.242304517
883.455382009
855.750294232
856.931303585
858.501183164
868.662080639
890.759273861
895.890163098
893.686448638
891.357658755
876.829664589
872.133304246
849.463861598
845.979254971
850.651269006
859.657240452
875.19222993
759.119247649
890.511447645
894.461115953
891.729604669
877.971205298
862.011698753
840.508862378
839.659441498
844.410421832
872.031670694
874.380921668
886.990984813
892.490050603
891.318226547
866.261803585
856.170992206
839.671879485
836.944915367
837.349158346
860.36254386
760.804493537
857.627967251
883.107962617
890.941390814
889.777945504
858.434862768
857.653475634
841.920710886
840.375568084
857.863031604
862.598148986
855.300122027
882.340083333
890.928377968
890.150042818
856.503173879
856.48177076
838.051993757
839.987736637
840.37953453
659.834811172
845.502229719
844.738135335
876.857180756
884.743275983
884.357376411
856.415867005
855.702034698
841.143812329
853.190531409
853.974189622
851.734838144
853.281163807
877.193407249
886.670086415
883.171612301
857.250394152
854.902516179
843.47134881
843.881247366
715.988804945
842.253278298
846.676232059
849.02725156
873.017639019
887.395773754
886.658944726
856.858564912
856.087846784
851.216521654
852.006110417
839.138266589
845.9012461
847.087884555
871.852120717
887.397948598
885.101291164
857.970796802
856.473688109
841.524215373
679.756523585
834.156303941
836.881036286
844.364480109
846.317582293
880.006142913
888.608465162
889.384330868
861.584882697
867.376582229
857.461322669
838.03546469
838.110351014
847.535309162
848.252478939
884.644812695
889.740997664
892.092536395
871.745721075
870.951579111
683.180285883
840.065036271
842.437888456
843.202062402
850.284782846
860.751026511
885.052890576
890.952881666
893.31402179
890.007875341
888.450093884
854.118416764
852.947293567
853.3525423
863.145828527
872.844476228
889.696309969
892.911957198
899.179120965
884.239279206
751.965586829
879.228183411
856.922841387
857.348482853
859.274566251
882.247491235
882.625597195
892.84018334
895.222822957
914.653387787
895.517481121
888.572202024
877.972895988
880.698386054
881.465413713
889.658663162
889.674598131
896.358224903
895.241570206
914.326647219
727.227387122
894.44648716
893.660471206
891.217325545
889.284044782
891.209382399
893.21014675
893.22205761
898.361056398
915.012780241
933.714280327
896.371435798
895.607362257
893.194943558
892.41979058
894.358414169
895.171744747
895.198658366
905.73830105
922.480734837
830.945382031
899.155833917
886.993730919
885.419244548
881.867289443
881.078160499
884.580435917
886.20148676
886.57571028
896.704342802
896.754097238
895.229311284
885.039475467
882.699086449
871.30195947
869.703305653
869.731758674
876.823382548
876.449647059
896.710641884
815.2536229
895.21562607
894.057407393
884.193998442
882.632737047
856.509611847
853.750385185
854.565618862
864.76836268
888.42103545
895.124606462
893.29552179
891.32120436
871.756199455
867.810929072
846.718047563
850.235851852
849.866036257
858.11651364
872.847691348
770.572839796
885.883416504
892.109070455
889.002086026
866.640235386
858.894097038
843.568453588
843.167095164
844.733064353
863.053083041
866.179558285
885.041648754
892.081799922
888.981001557
862.257020671
854.550135673
839.151120219
836.100702302
841.157145533
853.628044869
662.061144038
853.742193762
879.619676012
886.673262359
883.553425457
854.53614152
851.816495906
836.862259071
836.019334504
853.166962934
859.077034711
853.341208577
883.049805999
889.756216037
887.030382639
847.154083821
845.594249513
830.964753708
827.462495316
836.409123341
679.764648585
847.452517161
848.253184087
874.148443319
885.128814325
882.371220016
854.480735179
851.039483041
837.184375098
851.164619048
852.349076503
847.454732059
846.674563183
874.523536034
884.736969638
882.801191903
854.136333723
854.527201949
834.855124512
834.789054276
626.989618597
834.919406945
843.567236349
843.137296137
871.822794312
886.247494548
883.908109034
855.301453021
854.528060039
852.664135884
853.191099883
833.739469372
843.951012871
846.284911856
872.184737047
885.844095016
883.550987933
857.616622612
855.693214425
837.965009368
664.949566876
828.640201015
829.477751463
838.137930577
841.57993055
879.553596416
887.809642663
887.828180615
858.789816374
865.375590643
853.96916192
839.198222005
842.701555989
851.015596491
851.793918519
881.926234813
890.083795171
892.076295446
870.516950896
863.53251364
682.894637579
834.625161076
838.453314085
838.52875975
850.669960234
858.791505653
884.27782905
891.32147645
893.686489883
889.226275808
888.842959096
846.356023782
842.007220749
847.535746979
859.67385074
871.293723305
887.358634735
893.256337096
897.956965759
879.619470405
658.78003937
871.434800234
855.325122027
851.479786438
854.982139127
881.852455006
881.857789248
891.294782795
895.216014786
913.0924648
894.340960296
887.75001947
877.194330736
876.027324893
877.205941956
891.217156931
890.833596184
894.804086381
895.625277324
913.544592377
736.857610435
894.389585053
894.380480732
890.438340343
889.654206386
891.586338396
893.195151421
893.143705607
897.563196033
911.886353948
930.984090591
896.007400389
895.605256809
894.366650837
893.569050993
893.609764111
895.208490661
895.167578599
905.344235706
920.126595488
812.838876466
900.296377674
890.479474688
888.129482087
885.348027659
877.96868173
881.079191274
883.47310514
885.025563084
896.716985603
896.370849086
894.069142412
882.703821651
880.759402259
868.971377241
870.132955183
871.764557071
877.600560187
878.774022984
896.322642273
830.571310156
896.008719455
894.843887938
882.644582002
877.984117257
853.370231579
852.971888109
856.822902496
862.78627085
890.72270265
894.743003114
894.07738677
892.086286882
870.969953642
869.353566251
849.854020273
848.224181747
851.402635867
859.592701365
868.994843336
732.575090624
887.764130062
893.262653951
890.145119502
865.476997662
857.32449961
845.10273752
842.37924064
845.119865445
862.273796101
865.780995322
881.943587617
890.537217984
887.39785514
859.585516179
851.8142
831.823652751
834.542968787
835.707956691
854.069062012
700.98366077
852.950581287
881.508990261
888.603283768
885.891882834
851.822691618
849.864746589
833.691355582
831.354913739
852.773936793
858.297694618
851.016361014
877.227831321
886.271288828
884.335935773
847.152391813
845.981164522
828.626828259
828.249138954
836.787547229
653.271420472
844.747356474
845.831523215
874.162724971
883.593275594
883.198387699
851.767599064
848.712422222
838.365543326
852.727873146
854.284528884
847.447053042
850.566578393
877.242898325
887.45027248
883.192621253
852.579676023
852.579306043
836.399113973
832.91023224
623.311856129
831.341528884
843.971328783
845.068849785
871.418809505
886.241228583
885.067011682
855.294712281
853.737382066
844.147656909
846.501701795
834.067324746
846.28300234
846.297635335
872.582241138
885.114205917
885.066676402
851.029702144
848.671964133
837.207431304
666.150750983
829.817565183
834.555010535
841.64150663
841.657413027
880.749888586
888.222473725
889.73769081
861.156720468
866.923641715
856.281816621
832.219319157
830.653578619
842.80500195
842.028016771
881.939988707
890.542688595
892.482471
866.651313718
865.857649649
681.586273692
838.126593214
836.950583463
835.78749298
846.717611154
859.175702144
883.504214174
891.705169716
894.092425681
887.664551227
887.966859259
849.868980897
846.679214899
849.059758674
859.221526706
872.808747758
890.097179517
894.409426625
899.510813619
880.768024922
688.268192686
875.293483444
858.859366719
857.324265783
858.87597272
882.991773578
883.431742891
893.634920202
896.393350973
913.127625438
895.528445699
887.750908489
880.293158551
879.094057677
881.087556681
889.665527648
891.226136682
895.580329961
897.177111241
915.869196422
725.249252454
893.609724017
892.434168159
888.847396961
888.116938474
890.429525312
893.199642273
893.208808097
897.149742412
913.062903151
931.382423406
897.156445525
896.36286537
891.264114052
891.270644609
893.190295056
895.937737641
895.568280156
903.799737845
916.237710618
764.099356331
899.127409568
887.353222352
886.581900701
883.052110981
882.627944293
883.016825477
885.396068146
887.356360202
897.084370817
897.508071567
895.599513619
884.631070872
881.519670561
872.901428126
867.399749415
870.583660304
876.828013635
876.829966887
896.704065784
810.870533229
895.618940467
893.678438132
880.715303467
879.140969614
853.011185892
851.019929435
855.757507794
864.380898325
888.830809505
895.490890576
894.441516342
893.265743969
879.846561964
877.120043648
848.304826901
848.550879048
850.223969981
858.087833983
870.525284879
742.176756958
887.415517711
892.890876995
890.144602569
864.702110678
856.932227202
840.842636115
839.679796802
843.959452028
863.432254971
868.515648733
885.001756915
891.710706111
889.76658116
860.024739673
851.438022612
832.202300819
830.262736247
831.431352712
853.703096724
675.97579229
853.748826901
881.170777648
890.168159595
886.667895679
852.214187914
849.029264431
831.418700741
833.760065548
853.556098712
858.683946178
851.342536661
880.333461628
887.445767225
885.496990269
849.869089279
847.927330214
830.25472103
828.628742779
841.462007416
690.910883163
848.23300585
849.014466849
875.304917024
886.309275204
880.862045543
851.022323587
850.642933333
833.308442233
841.454904372
842.631753318
850.94674103
850.554640796
875.286379042
885.898127676
882.009545738
852.964445224
852.18371501
831.721232631
836.038814988
650.917248031
837.237285213
844.341878315
844.36251014
871.828668874
885.895459323
883.950903854
851.400702924
851.023353216
849.281611393
849.289904019
838.689058571
848.240177067
847.84075351
874.478465316
885.499218373
883.559757493
854.518386355
853.235740929
840.289532397
699.539433006
827.478047619
829.87706945
839.698566693
840.088145866
878.014434749
887.83369093
887.442665629
856.47317271
864.982127875
853.17909325
832.571400702
834.53532618
847.464406006
846.746431189
882.270635762
890.14117283
890.921821331
865.474720577
863.544449727
667.972139709
836.479083886
836.940552652
839.289292902
849.080830799
861.902976218
884.655442368
891.310409498
894.069039689
887.678143748
886.502843397
846.740420663
845.580088889
845.969014815
858.122642245
868.963272408
888.161430685
892.899318677
897.188650195
879.617940421
682.808149213
875.293656019
856.545632502
856.879398441
857.723980904
884.600950915
884.967178808
894.408592838
897.159582101
914.664651886
895.528441417
888.572395485
876.021596416
875.641874562
877.601656798
889.28879595
889.271095794
895.970466148
897.568432905
915.501022551
749.882015294
894.42148677
893.988346438
890.446969237
889.672429128
890.447204829
892.429843908
893.598195407
897.167845136
910.338022559
930.995363142
895.246545136
894.479643969
892.051945115
892.446492799
894.372128844
895.934258077
895.566741245
904.584199922
918.602062597
784.742252153
901.467598211
890.125933048
891.620507009
883.404179977
877.577867939
879.531275029
883.866554517
885.416411215
899.028455253
898.297262933
897.172188716
885.766730425
884.263169003
872.510993767
872.085476228
870.588801714
877.232474484
877.997924425
896.734746205
802.999575675
896.372382101
895.214532296
884.973330347
883.795745617
854.959224474
854.911527485
858.056016758
865.866386984
888.42984963
894.732381082
893.668607782
891.341266537
872.146188547
869.746095869
850.166564743
848.311870955
850.565325273
855.377073266
871.320240842
742.475176471
885.862464383
893.277337485
888.599328533
863.916222525
856.16352767
841.618288222
839.274604914
843.168647426
861.478068616
864.983535673
881.948808801
890.546587777
887.447624757
859.254017537
850.27377076
834.558062037
832.984707764
836.104493172
854.059189548
700.320258153
851.352695788
878.054023374
887.063333204
883.959450759
852.624620663
849.11062963
836.110779165
833.627920734
852.016723761
858.31649103
850.82352459
881.119337359
886.6631884
884.319852472
849.870077193
847.136166472
830.244808037
829.407814598
836.493292626
648.165736614
848.237871685
849.030432137
874.531595637
885.916129233
881.247537953
853.374888889
849.475464327
837.980660422
848.836788056
850.006189696
847.074160296
848.641100624
875.700075575
885.913109381
882.414864539
852.974705263
851.826689279
834.090229118
837.586856753
646.054404096
832.922138173
840.864544462
840.863060452
871.834319049
887.84910977
884.345406384
855.630030811
854.527163353
850.790095238
849.610639344
832.521725215
843.563329953
848.252585023
871.821361901
886.668531335
885.893076294
853.742109552
853.354156335
835.634677596
646.577632677
828.639925839
829.894360515
836.59073908
838.532845554
881.111239579
888.602548852
887.829691709
858.426148148
865.754207407
853.559420601
827.546890363
830.268282091
840.848953978
844.425662378
882.31759891
889.764075127
890.922352277
865.475035074
864.265479532
669.660512589
842.003765601
845.757169789
842.011480109
851.439224951
860.277971529
884.625892913
891.289443752
893.290877432
885.322693027
883.711303196
848.673291618
849.009331123
851.736209828
858.090363211
869.342807482
888.130413551
893.241247956
897.601348114
879.198540888
692.320475629
874.842584567
857.307245129
856.525198753
858.076692907
881.41495986
881.863617452
891.677458544
894.827327237
913.891688448
893.967184508
886.977464174
876.016588235
875.634328788
876.811585898
889.657725467
889.670048287
895.932852083
895.637278102
913.565570206
703.996563901
893.21472752
892.836407162
887.339442368
888.506848131
889.668200156
890.100987544
891.270140132
896.380618677
909.980068456
931.009039269
896.406235409
896.00843035
893.586713896
893.194657065
894.77174348
895.568483268
896.29861269
905.737903151
917.829814541
780.83628426
899.940569428
888.917112928
889.310785436
883.415837554
879.157777951
879.968924455
882.69507866
884.231897935
897.497024514
897.920877869
895.626648638
884.641253505
881.479828983
869.39593806
872.420843275
870.978343202
876.440382548
879.207112539
896.699985208
815.17294527
896.781526459
895.224598054
882.652223218
881.07677912
857.640250682
855.695064327
856.495238986
865.56453136
891.547068173
896.678339821
895.240921401
893.254230829
873.679067004
872.469466485
852.459725322
849.457308772
851.79494347
861.209902962
871.325589244
715.080499804
887.801074737
893.65419891
889.775080576
863.530848012
856.560236555
844.60889071
841.624799922
843.959350234
861.488444834
865.782660429
884.261458723
892.481902297
888.198113663
861.183640686
851.434008187
834.931184159
834.927029653
837.265357784
857.166403276
731.379359749
849.840577778
878.837472352
887.445724017
884.710851693
852.201715789
850.259040546
833.355151775
832.135090554
852.400063988
857.525413027
848.673738012
878.391970393
886.662582717
884.706680031
844.429949708
841.708920468
822.015723263
821.640037471
836.468043699
665.34365577
849.773922387
849.791886895
875.303961044
885.522840016
880.47839782
852.919231669
851.034464717
835.248827088
848.08426854
848.460765418
846.655433697
848.986193058
876.793647701
885.884584274
881.61149747
850.242688889
848.301339571
837.175822014
835.633434426
642.492710516
830.578993365
841.618037832
841.628332293
871.798635762
887.056710004
883.938854029
854.507197271
854.135810136
849.626857923
849.23985402
833.305692037
842.407829953
844.751681357
873.326789945
886.680341378
884.72911016
856.481147368
854.527895906
839.921756831
683.18663547
829.413929742
832.212761998
836.19275234
842.039322543
878.802661083
887.829205917
887.829330479
857.640481871
864.598874464
853.570622708
833.359171284
834.548508389
846.692368955
846.366048343
882.314531542
890.938548462
890.538376411
865.080778644
865.093494154
671.236740362
834.21099649
830.724456708
833.8442578
844.428111111
857.6183154
883.476940421
890.53490074
893.688901167
881.448028048
879.872648617
851.023911501
849.080684211
850.271115789
857.314010522
870.901714341
889.762572596
892.870943169
896.809316732
881.887162836
702.15980739
873.401213396
854.215045596
857.320138348
858.873173811
881.084143748
883.016325672
892.453084079
895.99648249
915.040404901
895.900050993
886.967285826
878.700667576
877.195705103
876.805471367
890.443610592
890.441560358
896.328945115
897.19383275
915.475304162
733.595094976
893.591479175
892.824804982
888.499400701
887.724420171
890.057426012
892.426710782
893.980704165
897.184422015
909.966818359
931.396398523
895.201061089
894.817955642
893.586767225
893.604277151
894.772313741
894.416320233
894.412537354
904.198696616
918.985444012
790.307156164
899.136601711
887.386040483
887.777031141
884.624804907
884.22594743
883.40184924
886.941086059
887.728253894
896.706820233
897.134172695
895.234401167
884.249609424
883.105316589
870.576567199
870.527745518
871.365656019
877.606589404
880.383268692
895.196380156
814.012019547
897.560698054
896.01251284
886.142874172
884.584475653
853.814935308
855.735651598
856.139909587
866.677380748
891.174603039
896.706852861
897.162938521
895.218271206
879.121636151
877.176291391
850.630044055
850.246568421
849.060385185
859.248574435
872.814506043
752.769557428
886.648261191
892.49708369
889.381448034
867.81593219
857.323127436
843.573335803
843.574013261
843.568615835
862.658075634
867.338391813
883.49216433
891.30687427
889.327313084
859.62598714
847.927898246
829.076536871
829.481044089
834.159060866
853.678631045
687.516313803
853.284946568
881.946211059
890.15716738
887.045719735
853.37525848
851.751127535
837.910064037
835.311802185
854.352956301
858.300312402
851.394673684
878.438851636
888.218379525
886.6135
849.867388694
846.751167251
830.885778602
830.959090554
838.814470542
644.460302087
847.441038222
849.806560842
875.309154266
884.737050603
881.247339821
851.419956335
851.0288846
832.517933646
848.04309719
849.217042155
847.067478939
846.679611544
874.134427737
884.736451538
882.360445483
852.519979719
849.840338012
836.787985168
836.020233411
651.696522047
837.591326308
843.580874805
844.293478736
872.215258668
884.726748151
883.559189568
857.255585965
852.95685614
853.900416081
853.904837237
836.006286105
845.099814743
846.296845944
874.511200623
888.96187933
886.622364733
859.934131774
857.589469786
834.871288837
624.485234135
823.661664456
827.146786968
837.757107644
842.105585965
879.968741332
888.996459712
888.611960685
857.261883041
865.758236647
855.465833333
836.419413349
837.654594616
845.913289002
848.309835478
883.10440109
890.552944336
892.090298949
865.472837101
867.03371629
683.943188753
839.601853687
840.058627535
842.792930967
850.647376608
859.515983229
885.051429907
891.698702608
894.08841284
886.111051032
884.117849182
851.007345419
849.452769981
847.522750097
857.714236555
871.292835152
890.092582944
893.680065759
898.77747219
879.994617212
677.927579362
870.63352201
858.473245129
856.542598207
859.978989474
884.204485392
883.418277367
894.393561308
897.163665759
916.207714119
895.911018295
888.918658489
878.762227892
876.790992598
879.530626412
890.434498442
890.847633178
896.361833463
897.184600933
916.26066161
726.824789556
892.42775399
891.659838069
886.546890187
886.552423287
889.275904206
890.09604165
890.86807318
896.370462257
911.507053287
929.432411742
895.245361479
894.450100389
891.269976255
891.268648501
893.228898015
893.670671206
893.649007393
903.801788409
917.40991093
804.465639671
901.097026449
889.361829895
888.580604126
883.855516745
883.858436137
884.235010125
889.296922118
890.093542056
898.263449027
899.086475301
897.944575097
886.96102609
884.23649338
872.13022088
872.525419945
870.970953253
880.334790027
883.077033879
897.127777432
818.366658851
897.551766148
895.603418288
888.492761979
886.14449591
858.507288776
857.702056898
861.952962183
870.238479548
890.760827035
897.462240561
896.785272763
894.844492218
879.096735386
876.795215037
854.135540351
854.517563743
854.512648733
861.990006625
876.361637568
736.46807807
888.196852861
893.249581549
891.316173998
867.818616913
861.606876851
847.844529251
847.444658736
850.166948128
865.756307212
869.270138012
886.592314642
892.085463994
890.151289218
865.076786438
852.601379727
841.162328521
840.383934842
840.835046022
856.842038207
710.752020024
855.293634308
881.548999611
890.521878894
887.84062826
854.552547368
854.529609747
841.151203668
839.591518533
855.925643777
860.261820203
854.513504873
881.554407321
890.151247567
889.375833009
854.543603899
852.18905614
836.089378463
832.200758096
842.326957082
684.88266706
848.6117383
850.622582846
877.281267523
886.624020639
882.793674582
855.698843665
852.965655361
839.587445572
857.840497854
857.445466641
848.231041732
849.397540562
878.029779509
887.455371351
885.128307513
855.703216764
853.740034308
840.372541553
843.482599298
712.349054967
839.210224346
848.635850234
846.683460998
875.312411765
888.224824835
886.67220397
858.416444834
855.691134503
853.971875536
853.116240437
841.030221398
847.137623002
847.522137232
876.46637164
888.218802647
887.046192682
858.011167251
858.027589474
841.527584861
659.572143307
831.420577838
835.334655482
843.575577223
845.154887285
882.71918419
890.164037369
889.756613468
860.811076383
864.980092398
855.13060437
836.084802575
837.65893133
845.196736842
846.356185575
884.244625389
891.29593733
891.295687038
872.864820343
867.039634061
662.844222353
843.955018331
841.626454758
845.918657566
853.392671345
865.799213255
888.939869159
894.810919424
896.410220233
890.379393066
888.829174133
852.182900195
851.032905263
854.528702534
865.507286828
875.190787997
890.860915888
894.843045136
900.673807004
885.425339174
728.016694935
878.845478972
861.215880359
859.270480125
862.769523383
884.585834048
884.973879626
895.561848579
897.1625607
915.051123298
895.909565979
890.88665434
882.247546942
884.95727464
881.868463576
891.213635514
892.771653037
897.137522179
897.556145858
916.649383508
740.785467242
894.768388478
893.992964188
888.888750779
890.443188084
891.220463785
893.210201635
893.592201246
897.912566537
913.846184364
931.377448678
896.409196498
895.238415564
893.601202024
893.987844687
894.375485403
894.800466537
894.785515175
904.203622326
920.544001166
827.825824609
903.809642163
893.216855586
893.612176333
888.490126947
884.231508567
886.184076324
888.516482087
888.543818217
897.492663424
899.104489304
900.265341634
890.499593616
889.679928349
885.327386054
879.510202182
879.910344371
883.846672897
885.410265576
895.948909728
828.978848828
896.371533852
896.381452918
891.242458333
890.059461059
865.869839049
865.092680047
866.636420109
873.708901052
892.32432723
897.068774231
895.994844747
896.003224125
886.91051344
884.964832489
854.515006238
854.920134503
857.304572876
864.005243085
879.145718738
763.441337382
890.152317633
894.850509728
892.51138249
879.532424231
863.629608492
845.191168031
845.177736842
849.479005458
875.499042495
876.336564302
887.753288941
894.031687038
891.69883768
870.138642245
859.273765394
845.104192668
843.934658736
848.623386505
863.469261988
708.324845458
860.80045947
883.493516745
891.696716621
889.767624367
859.273443102
856.13383788
838.825855248
839.201554038
859.361961358
863.802926706
856.459060039
883.113784268
889.372127287
888.984236668
858.824401949
856.108416374
842.713458837
840.760834959
848.160740538
704.36055381
855.285598051
854.110618324
881.934260903
889.759974309
886.661725574
860.80413523
858.844331645
844.245067889
854.714926258
855.112996879
854.123963353
854.121940351
879.99649338
888.999733359
885.898242118
859.646368277
857.313717849
841.144188841
844.586735363
694.424715914
845.382918423
852.587496686
853.759336452
878.474771807
890.165850136
888.992274426
862.313594152
857.250561014
858.234639875
858.631481467
846.66675312
852.951644055
854.079891966
879.231123832
890.557255352
888.994631763
862.364157443
860.417104832
845.046292236
680.81167676
839.133395394
838.103858034
846.355387914
850.254719298
884.265981698
890.138326586
890.144135461
867.805209665
870.054528265
856.341960608
844.7212578
845.894093994
854.531362573
855.695207407
886.971580218
890.90800506
892.50213463
879.907742891
873.668761886
688.277443571
851.800495906
852.456273508
850.628586355
860.002073684
870.119964147
890.080148364
894.020415726
896.774222957
893.094524347
892.709788079
856.094421442
855.69231345
857.629174659
865.559704714
884.572471757
893.230520436
895.607835798
902.231225292
886.975610202
720.163457793
881.54131581
867.466269965
866.270684334
868.268923646
886.139562524
885.345622517
894.006620864
897.160068093
913.882132633
896.308333982
891.283520436
882.298115265
879.970122274
883.076688474
891.612850467
892.39520366
896.750835798
897.9697993
919.011631415
759.403319875
895.591917121
894.038669261
891.61811215
891.651934216
892.43373842
892.85301596
892.851394706
899.527985609
918.136088681
934.125582037
898.771730455
897.622352392
893.25775214
893.210075127
894.41344786
895.181798833
895.973940467
910.023540646
923.268664075
795.781594521
906.133753014
894.371105489
893.98370689
890.83155919
885.781803738
886.558498053
888.923660958
892.052322304
902.17782147
907.230669778
902.595332685
892.80555508
892.430410276
888.101512461
885.384783489
886.557020639
888.899228972
889.723148307
896.732475097
830.548498047
896.056173862
896.815296383
893.178846573
892.391367212
863.608508376
864.357641605
868.671358395
873.370011297
893.917211449
896.718804669
896.011080545
897.942272763
889.273598131
888.838817296
863.130586126
862.729999221
862.754360483
874.100352552
884.954519673
789.915006654
892.455702219
894.443977043
895.232892607
886.961610592
870.996413323
855.685048733
856.077499415
856.084979727
885.655318005
886.482728087
891.71547139
894.440401556
893.279527626
883.405383716
867.110299571
852.951722807
850.63902768
853.360923977
873.219707716
783.661275147
872.078561574
888.190074348
893.26246049
892.859904632
864.724348402
863.558314497
850.123350371
847.053848674
861.032067083
871.216351267
864.293833203
888.544623442
892.484788634
892.845630206
864.330275916
861.214516368
849.397849454
851.739356474
852.524803432
696.401932417
857.183362715
858.47394622
882.317012072
890.165933826
889.049831907
862.448444098
859.692408648
850.160439548
859.459037832
859.853833853
858.402310721
859.971443275
883.489452882
890.536495134
887.515017121
861.233410366
858.894005456
847.054334243
852.48873947
729.024883876
848.640532371
853.055903352
853.054889712
880.42417134
890.945594395
890.946121059
867.106089988
863.537489867
861.369695669
859.860895086
848.616655226
857.311477786
857.687409587
881.563877336
891.301401323
891.305122227
869.805499416
866.621828917
851.714564353
712.713372203
846.684548752
848.301267057
854.93071384
856.497792593
889.698567368
893.621710393
894.397924484
879.917482665
878.716541099
862.248192203
852.57245731
852.94668499
861.22222993
863.548114186
890.890457766
894.411430518
896.377529961
886.962542056
879.494881138
714.680306243
850.26288655
849.089330994
852.976176608
864.410676665
880.294879626
891.680990269
894.838154086
898.781618436
893.535163551
893.147957944
860.807647311
864.307070148
867.811249805
875.259154266
886.888801714
893.604278318
895.602168872
904.971839751
890.489285325
763.509370544
888.955544959
879.538243475
877.589322556
880.69489365
884.630649533
885.025181075
893.65017393
895.646436795
916.996177363
896.695245232
892.473424514
883.837729751
884.231051402
884.992426012
888.554436746
887.769962631
895.595919455
897.184390898
923.660880638
744.673877599
897.528015564
896.394038911
892.427161152
892.028296613
892.807725185
895.191549805
895.56091323
903.412364839
925.531873639
941.884573649
900.309668611
899.927122909
894.793485214
895.571240467
895.939960311
896.741232685
897.121042412
909.273756221
930.232595645
829.358841797
910.416758849
895.588515953
896.365183268
894.37216777
890.884781627
890.903239004
894.373276761
895.573328016
910.343666667
918.51329366
908.088156748
894.799651362
895.191977821
891.605983255
889.665325935
889.320430907
891.646669132
893.597166602
900.640600545
853.757298088
896.797549203
901.474971606
893.209827949
892.425642273
885.020968458
883.448572819
883.448954829
887.773570261
894.319905411
896.687790272
894.503742513
898.398220537
890.102593227
888.154446477
874.869435528
875.665408259
876.433390339
879.93392014
886.162497274
803.228467319
894.06027393
894.885657332
895.274462077
891.622336449
881.547942368
869.435009349
869.0213806
869.413851967
893.107700429
893.493817686
894.781512651
895.269632685
897.177692218
890.068838006
874.569385903
853.037720577
855.782610288
856.569522603
877.222733152
722.265770801
886.514970783
894.007255352
895.21647821
895.999649416
874.111440592
872.951606934
855.751289556
851.79368694
870.479928683
882.953130943
883.401038956
891.667136629
895.222774708
894.81657393
873.711254383
872.167112583
856.408544852
856.084414815
865.736284711
750.0124657
875.201062744
877.53612159
890.908585053
894.068121012
893.678298833
876.052094273
873.709546942
855.281994542
863.800449903
864.595137232
878.646564912
879.08156781
891.289733359
895.22102607
894.46264786
876.818431243
874.485862096
857.619248733
860.347573879
700.429537313
853.355391033
865.939519875
868.632927903
886.686295056
894.476608949
895.244082879
884.19708882
883.032610051
861.867141131
861.861527485
855.684105653
867.441140686
867.823329696
887.434421176
894.454658366
895.22940428
885.745878847
884.962036229
860.720691618
739.716948627
854.143925926
853.767716179
862.355219493
863.245283989
892.853132347
895.602986381
896.405201946
888.477001948
886.847678098
869.309055339
854.134880312
856.910461029
866.335775614
867.119636541
893.611279097
895.603911673
898.766313497
891.220679907
884.252021417
746.873220306
864.722886594
864.317998051
865.115678878
876.062364238
886.514790027
894.394540288
894.83112179
903.836362116
895.500521604
895.508928377
877.185682509
879.144166342
878.378491235
885.403561137
890.82830257
895.198437743
896.406503695
910.809738234
894.792831063
717.799468787
890.504290775
880.350867601
883.07164447
884.237807243
892.816809654
892.030635267
895.959558366
897.175709063
922.061371306
899.824899222
894.374352277
888.198442585
888.157311794
888.174289607
892.833979759
893.232776177
899.918929599
903.033615714
929.863536936
797.415768779
899.90902217
899.132624271
894.410819844
894.805589883
895.190357198
895.988505447
895.963324903
905.745670556
931.753893468
946.547712787
909.650780241
907.308802023
897.922131907
897.528474708
894.862519253
895.295371451
894.49182536
915.889265163
936.074585537
829.435088637
913.175752722
897.944655253
897.141951362
893.656112451
893.278063813
894.030568093
894.033020233
894.823624903
906.526757682
913.583004277
909.243414625
896.382154864
894.801358366
892.036753211
890.480026469
892.431024912
893.236067315
892.864594553
910.369665111
850.574478532
907.71334928
908.471586542
895.590096887
894.430422568
892.776768692
893.153172508
892.80893694
894.754490463
897.461777345
901.821857254
901.466785687
907.293358226
896.703063449
895.927702608
887.722734424
888.119525312
888.124510514
891.618479361
893.56333528
804.168788815
897.537795331
898.384030338
902.272647997
895.158107046
889.740642663
879.920435917
879.16144215
881.101807947
882.676367601
883.066130841
896.37758716
897.213821859
899.945213925
893.594182561
886.251525496
874.086984028
875.588245908
876.031965719
886.173400312
788.353396869
893.154900312
897.10469093
896.823444574
899.54488487
887.730170171
886.187074766
874.065781847
872.501980132
887.640392287
891.578916667
891.220123832
896.718424679
897.161727237
899.926906651
882.324421729
880.759181464
868.653554344
869.753895557
876.798138683
738.530560784
885.735767433
886.146228282
895.956343714
897.552531128
901.491171918
884.652793614
883.467836838
869.355776695
882.93233827
883.769917413
887.681645111
887.684367744
896.714957182
897.537278599
902.221032685
885.797127336
883.077616433
872.84052689
875.978954793
736.083882699
868.248696143
878.334104832
879.167568757
890.966351751
895.992693385
899.502646304
890.084047508
888.510668614
877.104838659
879.439064692
870.957172575
881.073813401
882.251578496
892.896701946
896.005563035
897.588060288
888.492194704
888.490457944
875.564793453
752.448695533
867.433720187
868.550860429
878.3878582
876.823409427
894.423586381
895.20874786
898.749061455
892.01030919
893.14110553
886.863041293
873.309206467
875.648774834
880.336662252
880.368051402
894.822241634
895.633913652
902.655861144
893.212846244
888.167881277
768.607992558
880.683655629
879.925321776
882.246704714
885.793920561
890.442527259
894.774344492
895.634636328
908.097707118
894.744855975
894.734760218
883.463905374
882.279958723
882.298510903
890.106152589
892.80860724
895.587164591
896.392730844
912.393816874
896.35831284
780.043497259
893.627605447
888.544925652
887.763054885
889.313610743
892.438546127
893.596445309
898.363130688
901.862718786
928.267981337
911.113367172
897.932913619
892.480400389
892.818644609
892.859540856
893.263076265
894.440522568
904.186435628
914.731949844
934.935050933
787.958005479
896.482868534
896.513258654
894.850810506
895.231394942
896.376064591
896.794208868
897.582234928
911.241388802
941.864895023
949.28227944
912.763583204
912.781978227
901.844971217
901.055418125
901.841688448
902.63068767
901.861718786
922.487054044
943.447983281
819.128113326
919.388460342
898.425535589
896.847149358
895.964731907
895.986183658
896.340330739
896.402207312
897.178340334
918.166708009
932.172626361
915.894213841
893.701727626
892.926364591
894.805628794
894.79860856
896.740221401
896.350455253
896.362108949
914.673479005
864.39585809
908.917674961
906.970873639
895.608844747
893.265470428
888.940675749
888.189103542
888.557268587
893.637110506
895.92295214
906.475048619
908.126359642
907.332394635
894.777470817
895.190510117
889.30239276
887.744401713
888.882803738
891.661511872
894.779625681
819.207833594
897.994106184
897.627978608
901.508240373
894.817494553
894.002478396
887.345116044
886.56827648
888.50371067
893.961523161
894.732356948
895.638965772
897.591974718
903.016802023
894.765794862
892.435158038
887.678617063
885.002371885
885.776527648
889.655819315
791.78867776
893.98646088
896.789388716
897.215534033
902.270664333
892.82396847
892.051918256
886.904444488
887.281480327
893.866381769
895.459397196
893.216142468
896.390293774
896.815297939
901.887332944
892.051495913
889.726580381
882.631951695
881.852384885
886.125218153
797.043514867
885.792732087
886.960607866
894.836401556
896.04152042
904.205940879
885.080325029
883.91111522
881.872973899
892.705263732
892.317952474
890.059389798
890.430044393
895.973152529
896.795427071
904.985793466
888.944165434
888.553892565
883.407424231
882.233721075
768.99897689
884.967015193
887.752763629
887.754933022
895.230154475
896.045170362
903.451577985
893.604489685
892.430126119
890.763381379
891.148740943
888.44128321
890.824167056
891.206285047
896.345614786
896.032551147
902.265180086
893.196047879
891.642601012
883.400273861
783.271600391
882.250360343
882.689438084
887.747169003
888.52477609
896.73833035
896.800980941
902.645870478
894.370169716
895.10585364
893.467895208
883.838843069
885.387944315
887.785778902
887.79468081
896.757784825
896.838113574
903.470150136
894.798531518
893.600616972
767.820813161
887.348192757
887.339512072
888.897601246
891.273395095
893.987304399
897.144650584
898.749275379
913.561595257
896.716753307
896.343281323
887.373154146
884.275262359
885.439503309
893.59840327
894.772615415
898.338685336
902.284793546
915.524709176
903.793643718
795.471372457
897.919162646
892.837914364
893.608704165
893.594242896
894.801317899
895.181364981
903.401413847
911.233155132
936.836976283
916.972046674
904.181316219
894.442480545
896.338624125
893.278029183
897.545671723
897.161356282
910.443237947
922.095985226
942.312468325
815.229202814
904.635125632
903.86229366
898.36504473
899.518630883
900.296186309
896.849614936
898.812227538
917.872578149
947.696153517
950.420174893
915.869742613
913.941628694
903.437937378
903.81582536
907.29745352
910.422419129
908.870821928
931.048913331
948.509600855
861.60549259
936.918005441
906.573933878
905.035823804
903.767049397
892.600998055
892.208794632
896.900873979
899.559753403
932.940258165
944.592561431
936.861838258
909.225527421
904.158986776
897.132414786
894.06613463
896.724128016
895.249606379
895.252350447
924.367794323
895.342812768
922.157196734
923.330719673
897.619093738
896.069302995
892.885977043
892.49171323
895.191531518
895.570915175
899.853867367
918.52288098
916.32231182
925.245856921
897.152903891
896.373840078
892.816572596
893.203336318
895.175485214
895.18643035
896.313148638
868.690824172
905.747877869
914.365188958
922.125933515
897.140453696
897.12101323
893.20086376
893.200031141
894.369773842
898.609762943
898.219407552
902.619437184
908.089383897
924.418262053
896.353994163
896.720078988
893.179603737
892.814024523
893.977495134
896.671067731
846.281435988
894.022003113
897.199469467
902.630441851
914.751218507
893.243940856
893.63227821
892.033672635
890.43909852
893.5479529
893.943206306
894.743620086
897.551817192
898.787305718
903.458870478
893.58317789
892.445200467
890.438065031
890.38200857
890.80736215
841.224300937
892.808659401
893.214566757
897.586563594
899.546176974
911.191017892
894.761674192
895.142259634
890.038976636
895.45054634
895.456329829
892.812332036
893.200016349
898.344134578
899.506983275
912.344288993
895.571277432
894.758448813
892.759896028
890.808358645
840.047966042
891.997264798
893.215618918
893.594512651
897.193144302
900.323672112
910.790267211
895.542541067
895.145223822
885.767257399
885.776008567
891.587623832
894.377086804
893.193447256
898.725894594
901.849523532
910.808868145
895.527983651
894.354398988
891.214623053
847.87597619
890.840635903
891.227582165
893.598267419
894.370438692
898.745988331
903.012448853
911.586638662
897.141275486
897.878451362
895.888002336
893.957274426
893.581253795
895.52516232
896.316942001
901.084618047
903.074644246
912.39112014
896.376172374
898.658298054
855.370480499
887.780581938
888.56893694
889.330829895
894.032277821
894.027061868
901.08265072
905.398581649
931.080176516
904.905871206
903.728821012
893.955016738
893.972395874
894.35187427
895.559420623
894.783712451
903.811942046
911.650195568
934.189702566
911.145397122
833.728283873
902.23895916
892.083548638
892.552715564
892.087110117
892.883931907
892.902275875
907.359091369
922.137449844
947.332670035
918.105224426
908.098919487
894.110577207
892.590558926
892.960380786
894.164307662
894.170600933
926.034086314
922.549977449
949.293481539
866.338661598
916.646396967
922.117625972
900.734967328
900.359925321
904.954526643
901.958276827
903.884454899
936.551534007
950.415517295
950.799108045
943.825134473
940.326626117
929.401540047
929.801104199
929.416451011
935.256393857
936.83182705
947.329865915
950.436121648
882.390103233
