500.034788243
305.158916917
305.655666718
308.169813381
307.148603642
305.639888593
306.649251444
305.121601399
275.086936953
263.519025887
269.686298823
297.397435121
299.492896538
305.198373755
306.191346054
305.188213573
305.64829228
305.129320572
264.784256806
278.657031324
269.688606661
280.907191542
303.641682339
303.170298798
309.178120037
310.173255018
307.696764141
306.698096025
303.182419031
276.267100689
287.635749234
290.926633912
305.677090186
306.689729813
308.245491766
308.744051302
306.700939318
306.201898533
303.685699189
308.263442576
303.094147025
301.030128273
295.281898935
308.204182269
305.696731479
308.763607622
312.677739494
310.232533952
303.734028854
304.694339306
303.138000652
298.996055497
293.145502704
307.70485778
308.199342838
313.157318066
314.61436658
313.656901951
306.265613456
309.750532428
305.754339395
303.122229236
301.053120506
292.078170866
306.70188446
307.210081295
312.188069027
312.193910439
306.765105233
304.243422861
306.270770164
303.15535898
303.106483961
293.150861934
307.247721318
306.750354693
311.70805724
310.775869903
305.255246446
308.754541524
309.729312695
309.730719511
303.162399616
301.049064517
287.15214559
305.242675252
305.743849175
309.244917776
305.306206703
306.265589373
307.744382335
307.248973143
303.102051881
301.047130353
287.701927113
305.189595901
305.187294943
309.246689181
307.7664172
319.005223698
311.706128898
308.743259794
308.246015188
304.636052562
304.613987911
296.344273618
309.195007803
309.70385069
312.202172448
312.201659846
311.694252037
311.222994645
311.207583993
304.641836092
303.100681689
291.515266566
306.20147606
307.695612986
308.754555451
316.112285557
313.177381938
313.167125254
309.741063721
309.241890433
305.643197085
304.608844976
292.026136695
306.714680451
304.697698524
306.76892666
312.197660865
313.163892209
310.218753462
310.229107717
303.621369952
298.979373441
281.473456438
306.696663254
303.686727634
317.598473714
319.812330677
321.228704635
319.829824511
310.681079924
308.209367343
302.592281148
302.546408358
289.812248048
306.689552377
306.198833661
310.668085067
312.609655388
310.661535662
307.253876652
307.698366508
293.672820662
279.757961986
259.728089852
282.678139594
321.290519227
298.473456654
307.704678209
307.691811088
307.210598691
307.685561822
308.190572887
289.308075683
276.264349727
229.940293943
275.15015634
289.910578368
304.611698188
306.627621198
307.656088928
303.09296327
301.574890076
275.085091387
255.180353937
220.693652638
307.762917484
296.811888339
296.801158098
303.069760432
303.100291153
296.878883637
296.814287824
291.995922143
260.999907378
219.899242767
218.307968834
266.622229717
267.851021014
284.293498737
282.610502427
283.73926217
285.405041271
284.298734294
240.855322009
219.896196514
306.212718923
275.678057243
303.613925001
303.091388425
305.696587725
306.194709304
307.19132097
307.633588077
306.161372311
273.912989288
258.443244503
282.603811345
304.623229464
305.632387981
308.205568615
308.200649395
307.195815538
306.20374945
306.694680952
282.103295873
327.298646365
290.37305276
293.63452011
306.184166502
306.198104079
309.227825634
307.75787449
309.245120066
309.17678594
304.187649413
293.709723122
298.397486314
296.83030243
307.187585412
307.694231995
309.746943768
309.316118082
309.749230459
307.701916228
305.710391682
368.940050767
304.627313984
303.62891956
299.494910338
306.21424939
310.673029696
321.23299207
322.209197963
321.691642303
306.318062957
306.276962391
306.159861296
306.152233684
298.965313193
306.767156876
311.706615027
321.741878847
323.142057034
321.744532639
312.207838189
374.967490496
308.745389657
305.190012933
304.108533965
298.961545694
310.723693356
311.206973364
320.345213459
320.34479918
310.298811295
307.318964219
308.809820592
303.677779229
303.094796842
297.407090618
313.168655108
314.603831418
319.867372322
321.801551086
318.547873176
411.358847507
316.099726608
316.103752218
304.692424675
303.61488137
292.620788786
310.225437996
310.717430663
320.889682219
309.858709615
308.819569642
314.188365468
314.172006039
304.696410317
304.124197637
293.150951736
308.753655421
310.235337242
315.141141172
320.415954876
407.794789363
318.482763366
316.105359408
315.160375413
306.716187979
306.644913753
298.982845807
310.238229033
311.217241505
311.780163368
311.831268517
316.644478874
314.196418437
312.732854269
306.704990515
306.148202981
297.407197266
311.201964651
312.18470976
318.602706315
392.383334692
324.106818151
324.552445579
319.872476361
319.879328324
306.690688453
307.138294023
298.977504354
308.752655827
306.317447552
309.311352807
328.580038442
325.863520708
320.815576534
320.342992657
306.212956367
306.642558981
292.600959718
308.209093234
306.764339735
392.383979045
317.049060983
317.544138364
317.521993917
312.677820835
308.760567687
305.694424277
305.136260912
290.37646033
304.679398198
305.693546421
316.02259228
318.404699719
315.089488448
310.722616208
307.76004107
303.115347275
296.351220392
275.67079942
297.484624528
384.726566943
305.201420285
309.243856419
309.244089556
310.178521
307.704952122
307.186064603
297.41175073
288.20138361
245.108859018
275.736566052
297.930002205
306.712514569
305.753179894
306.250143779
306.707441224
305.687650904
290.9359004
273.308874619
234.38329005
380.71669563
292.051678994
292.589860343
302.135337061
303.17087517
304.132391622
301.059503014
300.521989455
277.440484461
220.73166538
216.694598351
272.706829111
275.092551858
288.795896063
289.343194635
291.538621554
290.948963719
288.175949115
253.870267981
223.825218085
340.018596039
288.746721335
305.690831092
306.694315871
306.706254076
307.203987844
307.267965776
306.693641625
306.700573725
291.543356862
279.170334581
290.453018189
306.214761346
305.695697279
308.245080905
311.713261147
310.713909119
309.187972624
307.206277514
297.949647083
355.395249576
300.01917635
296.870596374
307.703145843
307.759042524
313.638230619
314.614093713
314.131690432
311.703037678
306.26869049
303.646272454
303.615217285
295.303097078
309.244598606
308.80767978
319.473439657
321.752832378
316.580360343
315.097890537
313.179411406
398.847657704
304.189387613
303.604819804
300.016588975
307.75070806
312.694414298
319.941324084
323.648994167
320.357530967
305.81479122
305.816221627
304.690342852
304.123447009
303.104629818
309.242880629
317.479799166
326.831067786
328.678658433
328.177839164
319.433039058
415.949922589
315.635576535
307.711027375
306.187900411
306.182998806
321.290178646
325.421579569
333.91512047
337.374173295
318.073897124
312.800328498
315.684150611
308.709071343
308.194708156
306.701488795
323.144642233
324.972731049
338.625122747
338.269360991
331.751014087
432.017677277
319.00295953
318.523881126
307.708249236
305.7009096
301.100023842
317.048097612
319.410037468
330.847089644
324.177441809
320.412386483
319.933933252
319.93873479
308.265062049
306.207520079
302.648957636
318.951540631
322.217739262
333.049529207
331.806006148
429.657091468
338.221952349
334.33774537
331.712209695
313.660433962
307.206569116
304.164614682
311.760764244
311.763818764
321.364708162
321.410460756
335.220492636
331.278422564
329.965317408
310.6776039
307.209803376
303.167060809
314.187088706
316.099792096
331.301636782
433.051470226
339.966403576
338.212155571
329.972304627
327.281597592
307.213701265
306.196573315
301.559815148
310.720868763
309.315515886
316.650950106
333.481609275
332.596053466
327.220816062
325.417359586
307.206211058
306.187703093
297.979286305
309.738707193
315.106983612
431.107494535
330.830580198
330.852799147
328.170612526
318.480682208
312.244201988
306.702505652
306.165872466
289.349586103
305.260125793
305.767272119
316.107918976
317.536897164
316.592685366
312.727799154
308.796387667
305.690398959
305.140920197
285.415028496
305.207213479
415.67989771
308.706114986
318.420443717
316.04755574
317.953813192
308.742817554
308.691698283
305.144047594
302.592675686
256.514645717
288.824358496
303.162597069
310.730575795
309.251818835
309.734335944
307.700119694
307.198067258
295.284846455
285.989670924
247.855304237
397.415249357
302.57078345
306.121875241
309.203516619
309.697671998
307.203200223
309.137013584
307.639762141
289.894504306
241.617581285
223.052943687
282.611743849
285.994591505
304.108083164
304.629264796
307.6248108
302.068543621
306.619570916
270.917964303
237.335525512
372.119152722
291.528659977
306.198991933
305.235111614
308.261120933
308.815179423
308.252804864
307.261038376
306.764084381
301.071406977
291.542616739
294.753506385
309.25232366
310.225391741
312.190035923
313.703555538
312.679326917
313.168071444
310.7234573
304.646306286
360.461977394
304.126769259
300.018930536
308.258032739
310.718404483
324.96101618
324.059059705
323.135693483
315.624422187
306.323613529
302.670895922
305.125717725
303.092926308
311.225804539
311.217464057
327.726455551
330.854708561
328.186103149
321.285747627
317.546187317
399.377754655
306.703888508
306.188864027
305.185894833
310.785058565
325.885445521
341.568770895
341.22217244
341.144342848
311.389654448
310.849505552
307.263684799
305.768445617
305.697837428
313.705952066
331.685096024
350.952647013
347.036052431
348.970724493
327.751199259
430.590978496
321.343123803
309.250020129
308.196800885
306.698182904
332.114380966
335.643132537
354.476523931
356.475664564
330.924237171
321.816624229
326.839196377
310.731979747
308.709300784
308.194141601
333.490342561
336.077583506
354.541974809
353.771827967
343.009461003
451.529751397
332.233257713
330.907249782
313.208130623
309.195517036
308.700118698
329.971200092
333.920323233
349.83926928
343.360180951
339.240824841
331.33944269
330.912983534
312.191268363
308.204050235
308.716485938
328.168986388
330.403439275
348.242178325
345.819596967
443.094774511
353.363345677
343.770583823
342.034854044
319.359889306
308.703098224
308.201926657
317.593402705
319.946597214
340.872160883
340.449366283
347.369243681
337.849595318
337.84966141
316.052723702
308.204782765
307.705643459
320.823351974
320.409396502
344.598768004
449.445505834
353.380008066
349.382021305
341.217902492
342.403144157
309.254861679
307.20349854
305.698254487
314.19098479
315.164348502
332.242400897
348.982172059
345.33458196
340.321999724
339.053625427
307.767175874
307.702287289
304.124934337
312.740549733
321.756574259
441.539325149
338.729737013
340.785830706
339.046390701
330.399474133
315.202527713
307.251538358
305.70207417
295.879794024
305.255127545
306.268862991
325.026073131
330.398955317
328.183152963
318.945832816
312.241996529
304.672704356
304.644222328
287.148984532
305.254913717
441.533000442
310.232675164
321.74060733
319.404882783
320.343145722
311.703530156
311.209843472
306.195820052
305.652569979
275.095060882
301.120095583
308.203770075
316.043623709
313.650747799
314.594913248
307.255074562
308.255268823
303.616271643
299.503300103
267.882793724
412.497031147
301.552190569
304.634275567
307.711205287
307.70579345
308.700418986
307.689708318
306.197350363
293.700097686
252.566203538
223.048007791
298.944861728
298.422769225
306.637726849
307.171450742
305.656974538
304.614619747
304.612843812
287.655810202
245.10921296
378.654634616
297.404137733
308.75548822
310.222992559
314.126524918
314.193508973
313.154948266
312.177351305
311.696482655
305.651235917
303.117866882
301.053177886
309.255902674
311.694899794
317.531297786
322.674110959
321.337051659
317.050973018
314.596969656
305.707212934
375.997473721
306.143074592
306.144550286
311.211752643
311.256948717
331.741831878
332.174160471
329.527437804
324.516122381
308.818869951
304.702118096
305.709577488
305.700225612
313.708502534
316.105885652
341.163320824
341.633207621
341.579938847
333.48758144
322.282311099
420.372765573
308.255821351
307.195022951
307.703165299
316.111123277
334.345892129
354.857672041
357.23081229
354.87911075
317.599499967
317.124055212
310.777731665
307.704298042
308.196382645
323.188684697
338.20981317
359.516880314
360.258020784
359.882002042
335.703248851
442.159868266
334.841138867
311.213569945
307.760609076
307.751394633
338.687974973
339.461750223
359.885138438
360.714119363
343.37240512
331.799160011
337.851500004
313.70140449
306.758738239
307.244201952
340.727354406
343.706077609
361.022650516
363.306151274
352.610787287
450.774848686
348.635863529
347.370368639
322.214359218
313.172200052
312.195008832
338.632009072
340.319333491
356.543647626
349.89625801
349.119508626
352.613107125
350.607121641
320.412243248
311.710529581
312.632999511
340.730978022
342.816947672
357.306534472
355.397410377
441.06325336
359.546417441
352.604375536
350.630228349
326.32476468
310.726194736
310.736342835
330.867385556
335.276411375
347.49864338
347.519323262
357.628260254
347.893561699
347.382828846
324.052785872
312.193811978
311.159194617
335.222513002
339.051685418
356.492795929
457.526641524
358.838337032
359.520998582
352.613852295
348.96052798
313.713719978
309.248129999
307.208531986
321.343204417
324.583490852
345.822721388
361.018052972
358.001735012
346.575231801
347.375422952
311.278344617
308.202827118
306.709318679
318.010968869
326.397049974
451.529804026
355.64385436
356.47598827
354.163914051
344.876628809
324.113258357
313.173860524
308.700040993
302.5963545
309.315974185
309.810727026
338.260900967
342.455561603
340.387434091
331.293884506
315.682915845
308.756923364
307.197109871
296.358552095
312.68876332
437.871606728
317.48835682
327.727831944
327.283170861
327.721890841
312.732027052
313.217536289
307.210118899
306.160963455
276.907332111
305.195407135
309.202331467
317.523885712
317.047948377
318.007754733
309.740651376
309.310318827
306.136347145
305.141837614
270.304227807
424.393841693
305.17657036
306.189611731
311.686088477
312.66598648
309.737121078
308.194150373
306.702281313
295.878521721
265.451706122
241.607969338
296.874049412
298.975212978
307.188038369
308.207258188
306.69688407
305.690386525
306.154376551
288.193019132
257.80764723
372.122272624
299.498599539
310.223147058
311.711051232
317.542792729
317.53318126
317.999060563
316.988731595
315.574210889
304.705351332
304.652185385
303.164037557
315.103441824
315.559884071
321.804591796
329.078301198
325.860068266
318.952755631
318.001294812
306.209444031
369.717280628
307.152700621
307.707089599
317.058896526
318.00453615
341.157690366
342.063545265
338.645455406
331.291922599
311.77412062
306.218558633
307.710757955
309.197904353
325.468911112
328.186496479
354.120079636
356.799052009
354.487688777
344.881746085
330.425528512
440.27343015
311.708341358
307.21354275
308.210631332
321.814470191
344.471977163
362.138600361
359.548440269
359.897858216
331.803217371
331.362588532
316.047017439
310.728484319
312.205995288
330.854380927
347.304378642
367.248401391
368.756765713
367.239217007
344.586351869
449.589617485
346.968658343
320.291540225
312.68577396
313.166955246
351.749769945
354.47854817
369.114992164
369.472716663
349.912837988
342.120254642
350.23187405
321.749389633
313.162900469
313.64067259
350.224539838
353.308836146
365.502326741
367.016346063
360.722338932
459.796818066
353.776551949
352.998910018
325.944043896
315.568252631
316.525530363
345.752919602
347.766767672
362.202770461
351.162467002
351.10712904
354.557829851
352.666282863
327.242950526
316.04464273
317.007134876
349.771193786
351.759035838
364.176025187
361.845572642
466.613146568
359.970252359
353.756641893
353.451570748
327.682812338
316.046051773
316.517403024
344.514467945
348.179316083
349.173369836
349.170886428
366.596568918
358.760245007
358.377824838
330.346473005
314.124202441
312.185958404
343.297759558
346.146270646
359.970317358
461.989275187
364.852406377
365.138248011
359.135269291
357.23914312
321.764026975
313.162228842
311.704278438
336.142900435
330.9331607
349.913089929
360.72366728
359.58599353
354.17133297
351.411391349
314.181191522
309.240959801
307.697920191
320.870980792
335.650986614
470.034560674
361.023394954
362.14286912
356.860852539
347.360423441
335.760319463
314.613888478
308.702209911
305.701101931
309.315925193
309.812288304
347.42601626
350.586264473
349.378819676
338.214285457
323.194006291
311.220549397
307.70006511
297.934996311
318.436843231
453.430548145
320.764867203
336.938287336
336.993698419
335.652421411
318.533405776
318.005843751
309.687306629
306.653029702
279.814982497
306.264321139
312.687248765
324.045230322
324.505545836
323.118879189
311.707334833
310.726569834
306.210124665
305.653541459
274.503174439
436.338242591
307.165523767
308.167716942
309.734080825
311.709945718
309.744115041
307.747391683
307.747927307
302.072410819
275.143045141
243.719282334
304.600820455
305.125083894
310.674632243
310.66841898
307.704086066
306.706163126
306.698279291
289.352119013
267.265951196
400.611797492
301.106634098
313.642745208
315.565804025
320.820429084
326.321586632
325.889644283
319.413482872
318.892208168
305.716603518
304.645217291
306.707142339
317.540737492
318.487867925
329.521795313
334.787599769
331.786689609
326.779427973
324.968216725
306.710099638
388.952246184
306.711978449
307.206343369
321.289228189
322.218942369
352.526836384
351.377462943
349.777603586
339.06527282
313.28173922
306.773799526
309.696554515
312.634222154
329.974253692
335.201464735
358.764921524
362.151581141
357.624588021
348.566504566
331.797120562
428.25167994
313.648201963
308.693240721
312.129861005
328.632670617
346.153791677
367.252121596
368.032195374
363.614592939
335.285757846
332.688869514
318.010392734
311.215268775
312.672953898
341.633931975
352.137547419
368.026295183
370.528091622
370.158831815
347.847602418
427.249958384
350.631654675
322.674941975
313.168926075
314.61639181
349.820728945
350.637703254
365.926395713
367.371410002
350.362074726
345.470225435
353.000191718
323.597367971
313.163171714
314.134742552
351.812479964
351.800750329
369.530187045
367.736321163
367.382076602
474.173214135
362.560601289
363.307211592
329.958936982
320.759631314
321.239477907
351.879398461
352.608221466
366.657530633
355.07834967
354.297060734
356.550606541
354.996871789
329.577604662
318.421941394
322.619959745
351.021180658
353.381190227
364.486985191
364.117731495
451.485514638
365.635997271
361.454662302
359.217869885
334.297897909
317.533365145
318.422826853
351.418522595
352.219246913
356.995387901
356.231485436
368.51390175
362.202600908
361.088310663
335.589944947
317.543454774
320.301792798
350.280428615
351.829402312
366.306721264
467.017082977
373.042588396
370.579436842
363.672593643
361.81789317
326.329925423
316.053560984
315.092375556
346.558188555
340.395398252
350.762159312
369.524377109
369.456512844
360.644666563
359.952999256
320.819999874
314.605330463
311.706684141
335.639773153
336.581445384
465.695476344
367.688428422
365.515767351
364.766546774
358.009817375
347.443120026
320.360008997
313.174496312
310.184176542
314.25090185
316.177447642
354.161283608
355.335831122
354.944378259
344.929443936
334.404151434
314.663970462
310.673289793
302.6028665
321.294163704
432.484563748
327.242787041
351.350037114
350.96884588
348.962894057
323.654295969
323.1783601
310.729702089
307.701419088
280.958676405
307.266338527
316.04450791
328.624049229
325.478298935
324.562260591
314.654315438
314.669339692
306.209430128
307.65495767
281.536395069
445.924253539
308.689778115
309.684230666
312.731262524
315.14676031
312.730778704
310.221754641
310.235040023
303.61937048
280.391938783
250.562125547
306.192769159
307.205099969
310.224523728
311.199237827
308.753080772
307.70017427
307.686705355
293.674361696
269.102139491
375.653136574
302.598418024
318.011973453
319.889472361
324.117872306
325.024350726
320.875813988
318.962675515
318.477689247
305.710903874
305.673540817
307.712652112
320.353958575
323.13545836
336.147699126
337.898213033
337.908138869
329.954667209
330.414775792
305.761885279
388.894781317
307.698041551
309.191194395
321.352017021
323.188040058
351.749363577
354.557847112
353.720882015
343.217761801
316.174348937
307.77136113
310.183759383
312.681579373
335.652389894
339.967169673
361.379939128
358.014796509
358.380173998
350.18650446
334.416265887
421.134344544
319.374475644
311.706024481
315.575843878
341.214022701
349.387087521
364.417903251
364.775402216
363.313149651
345.012488403
341.709743612
320.355667345
311.711567242
315.577113798
345.864216137
353.77733289
368.509742049
371.295304054
366.655729473
354.676773297
473.413595601
354.55519821
326.784591566
318.426184394
322.158806757
353.775837743
356.47230395
370.593626928
371.36760379
355.074535915
349.111114815
354.939936019
322.736797441
314.618100137
317.962240614
361.005495293
362.497424858
375.863446915
378.92944451
371.009151219
467.002737115
360.712308707
359.966897562
333.054465543
320.300950524
323.596811264
353.82946389
357.240792088
370.302574444
357.056871668
355.898450027
360.708047651
361.45464001
332.614555915
320.76913566
323.080107554
354.167961946
353.769038725
372.40898838
372.475728702
483.942626124
372.344798287
364.420806791
364.841557809
335.647879781
318.946865925
321.751532887
352.985751149
353.773226443
355.573683355
355.079154504
373.392997554
364.036806348
361.820431674
335.207192244
319.420822638
322.148743313
350.626506991
352.613784477
369.603788251
472.422135296
377.91143757
377.171728215
369.451658565
366.277930278
326.839815951
317.003088764
317.006262131
349.430338977
342.544747066
354.296814838
368.469669992
365.206621263
357.256586844
356.48743396
324.054098415
314.188527996
311.70899756
336.984285913
344.525827994
465.790018772
372.636365467
369.18263524
369.094516924
357.61320832
349.448534444
321.291644608
312.679305974
309.6840786
315.215004843
315.695607431
361.767214004
365.872469459
360.648923336
348.568144606
336.13172254
317.528698001
310.24339166
304.173004119
326.800334111
474.523986331
336.006821016
352.980734409
356.795679946
353.318164237
324.112227746
324.109632448
312.671495725
307.707159767
283.229379897
308.765697716
317.05537683
329.509246217
330.855239931
329.520758
312.730289574
313.209685693
308.200029412
307.147494982
282.675691321
440.90704257
308.74924608
308.75892979
313.699498866
314.678299855
312.244456973
310.237412799
310.286561623
304.649387251
284.93545946
255.210147533
306.695876144
307.189461019
308.762486838
309.742554048
309.746568187
307.718993365
307.693857597
294.216623165
272.765948161
390.834690336
301.054154012
313.706254983
316.585354095
319.933183015
328.62562235
325.029429202
322.20478929
320.349503789
305.712197447
306.150188577
309.195999472
323.137327627
325.419945664
338.702231354
337.414255804
335.663536775
329.065347353
327.729075668
306.265155173
376.002030075
306.70989413
308.204682441
323.180460256
328.643744785
354.941272261
355.310937322
351.478754087
345.340859533
313.33652604
308.268515257
309.197668607
311.706894965
336.502136651
338.270899269
358.386582958
359.954835667
356.859479252
348.611776107
338.706876307
443.191337731
317.057753617
310.225683503
314.138501454
342.460284436
350.977838578
362.929667172
365.518974847
362.947747728
345.825669413
342.123187367
324.053780464
313.642338778
317.543114026
348.636401737
356.480771636
375.113444281
372.686897481
371.646521843
354.227078408
458.322321791
355.324492393
324.563781706
316.054154343
319.364081693
356.485411474
358.387828166
373.439744459
375.541457713
355.460976855
349.917680108
357.252813842
329.519782887
318.883087352
321.229746088
361.009026142
362.136208547
377.90583368
378.260042197
370.665967619
476.3180838
363.313486798
362.243379714
333.050972229
322.144469927
322.62031639
356.537292525
359.52801785
369.233007235
355.52017648
353.962402228
360.706567913
357.684608063
329.53708631
317.473443337
322.608552105
355.706011
355.717664733
371.00796386
374.149984784
484.875141508
375.53140018
364.043264316
363.006801449
336.079176701
318.947639499
320.350047355
352.998711401
354.560546419
363.819007441
361.589376377
373.093544843
361.822360391
361.814171368
334.782207089
320.284755103
320.35145019
357.246685023
359.494892264
370.302408608
472.013744638
376.900457473
372.687713481
366.225944362
366.220536531
325.490260725
316.524099354
314.656208102
347.023485747
340.870199442
351.942381971
374.791304406
376.111511648
365.117494528
365.845097571
324.053268379
313.64768519
311.203405644
341.215041801
342.057860103
466.307757277
369.464495177
370.516992716
371.588817837
361.459263065
349.033097091
322.215177656
312.18932519
309.203451442
317.123341173
316.758320622
358.389376311
361.443973674
359.127562089
349.039094571
334.465181273
314.18595867
308.755594967
302.126248386
325.4351008
463.658537894
331.727171384
349.371354539
350.965291452
349.375377158
322.782799665
322.270587001
309.742018234
306.200267511
283.237374212
307.257852427
317.043085058
325.919638907
327.331762896
325.01547108
314.661643766
312.73055663
307.20305216
305.141543698
279.2272655
446.914487906
309.733618339
311.208189724
315.68281203
316.574622138
313.696918437
310.232736469
310.243430641
305.194446104
283.242155954
254.550151415
305.195891544
306.199381716
312.668236246
312.667728902
310.226049255
306.771628568
307.202320666
296.356849442
278.653211444
425.17998385
302.606449065
317.530955338
318.48219054
322.672188076
323.188887829
322.730743321
319.888627452
317.534241163
305.213291424
304.65673769
307.212012908
320.822510934
324.513943602
334.356454376
340.379632183
336.943710918
329.980743027
329.974443388
305.75900402
392.388797928
307.203588476
309.682637944
325.479573348
327.277636332
355.246678276
357.248282446
352.5470614
343.631258935
315.693925139
307.326186901
308.695428631
310.181351857
326.439998307
329.586135845
359.912343783
359.639475637
358.006497938
350.168152123
336.988906603
438.020743391
317.465742259
310.735320441
314.129199156
343.304225497
351.361805209
366.939109753
368.040407436
364.041456798
344.602330623
339.200660584
320.412233799
312.198732834
314.620189099
348.181965849
356.867153306
374.766411717
376.509560039
375.455010606
354.611973014
468.457158084
354.54475768
324.955403591
314.12732981
318.424678793
356.077718481
359.188845936
375.467165491
373.407079542
354.678492677
349.500937456
356.924002886
325.926809315
317.47115272
319.82579708
358.365270839
360.273943254
376.474208483
377.90340472
366.365905762
462.591338175
359.971073406
359.201065662
331.734146425
318.912585594
325.358369862
357.236677619
357.63746914
373.792900873
366.36825871
365.257932852
357.311524971
357.68227966
331.738998962
319.365652245
324.005559707
355.320752365
356.092290311
375.186497158
371.362436056
477.073981186
370.242153735
363.673195069
363.680725252
335.666580146
319.359569266
321.690339579
356.85932194
357.257321587
358.897783571
358.892906582
368.926910601
359.970605084
360.331962169
332.674718681
319.837767289
322.160103355
353.762105178
355.066875753
367.454910617
458.9556319
378.920853823
376.833865489
368.034154887
367.685528308
328.634513683
317.008890901
317.479356924
351.805917324
342.956236548
355.077837061
374.438450424
372.699333876
360.712527899
361.402174583
323.655086229
314.137542182
313.154222481
342.468280581
344.537821547
471.370003971
370.953054296
370.526321164
368.377080064
359.147041318
346.222461769
320.825171464
312.687958159
309.204503237
317.129137354
318.551545455
361.395908434
362.51833519
362.126853024
350.179800929
338.705062431
316.58986258
310.674557942
305.184025389
326.794371496
465.839669537
331.738392581
351.754663633
351.411036676
350.568241501
320.878199887
320.407981543
308.751825526
305.195546715
280.95868406
307.260783648
316.050548266
330.832208774
331.276376382
329.079682506
315.148764398
315.140165067
306.70451485
304.634757023
279.769399897
433.672530309
308.698630798
309.251131959
313.705990954
314.666171958
313.709055388
311.225895537
309.743880878
305.205027772
287.167321751
255.211212312
307.681147414
308.677281119
311.701861136
311.226118651
308.746533096
306.756452136
307.203524152
295.300956025
275.098193122
411.689412683
299.500836166
314.139105976
312.253681084
322.269917216
329.072771977
326.843044922
321.75633877
319.874738861
302.669602195
303.644142047
305.185990924
319.480783341
321.282984557
334.793260454
335.276016161
336.927098656
329.52097762
328.632255424
305.753372693
398.502661413
306.206723736
307.708226036
320.411510332
321.814588756
353.334880157
353.39642082
350.173338629
342.03836032
316.165497326
308.26941844
309.685940497
312.628002001
335.214271573
337.834095099
358.060333173
359.902799408
357.67602079
352.938227884
336.15272803
437.875059028
319.351285542
310.248198151
316.052499244
344.114229187
352.149208311
366.241862307
368.393802457
364.771699603
346.638440831
342.948733753
324.052959942
313.651047403
317.472046814
348.978108176
357.99799118
372.699700371
374.0879372
371.299237306
354.234466175
458.614180413
356.915902994
328.643098717
317.944190684
321.692546198
355.71086317
359.153299198
371.304140547
373.508983919
356.233279668
349.909954574
357.431087403
325.029102955
318.415879575
321.226302727
358.384179991
361.030414988
376.494669634
377.24540318
370.953166611
477.929252189
359.955811643
359.209431726
332.613600364
319.36324978
324.911820808
354.925763188
358.762700098
369.598705115
359.341310469
358.186610712
361.089148613
359.578683722
331.283416133
319.363386576
323.536160449
355.310862281
356.484399792
373.099868285
369.945100929
478.569936631
374.141178319
366.954297025
366.963239547
335.645213526
317.004706654
321.229343416
352.661772301
353.780727343
357.433860956
358.582266017
374.495087644
364.414720655
359.955476534
335.668663066
318.431858435
319.376599112
354.552439476
354.941184249
371.717636977
478.414630823
377.908988033
376.841316996
370.8743141
369.101004075
325.025727446
316.057865931
317.009794378
349.837394311
342.127632896
354.684632656
378.877338305
376.474781544
366.951813912
363.613363038
323.598888482
314.61507652
313.170852127
342.457446411
343.776708553
470.75903401
365.868078442
362.31717359
365.876189263
356.874906751
347.890556826
320.830055798
312.668954945
310.178572478
319.949969351
321.866833689
359.516073933
359.214626883
356.547273932
350.175135584
338.268319431
316.576720808
310.237903474
304.625027042
327.238427645
461.999475554
332.217847406
350.96599603
351.762494001
350.163545439
324.616277443
324.108022491
312.185640013
308.198825814
282.104888424
309.257968461
318.008830029
330.843693243
331.29262903
329.966060004
314.656896394
314.667788448
306.758663658
307.151856257
282.670533401
456.983444075
310.231881464
310.73357409
317.538956624
316.107061277
314.667647194
314.134073797
312.669553356
306.207856551
287.726052674
255.209193795
306.194513005
306.671533125
309.752268069
310.237843247
308.258596252
307.198586616
306.259899095
293.69309177
276.273097713
414.365661344
301.577572576
315.623525426
315.138413138
322.264225936
327.286083924
326.318613519
323.120974407
321.342953808
304.7077868
304.138595311
307.211918564
320.817272654
324.564672815
338.221287873
334.90398953
336.495963348
330.419965696
327.220981078
305.758697999
388.950914636
305.716494845
307.697355801
323.186165319
325.011644975
350.630355305
352.604954364
351.806189282
342.40188388
312.303968593
305.763268826
307.708377785
310.208834319
333.479623263
334.838901523
355.827126691
358.762029384
356.470859038
346.96293122
336.13988458
451.908714649
316.993290095
309.748643672
314.608286564
344.541448891
351.7629465
363.422664376
366.236653456
364.029960274
346.644837496
342.116454575
321.284061546
311.210187317
316.515233316
346.973763458
356.859375908
372.364479798
372.354314669
370.223080803
351.097696817
443.810975683
358.398862287
327.684630218
317.48388947
320.76199025
356.078220758
358.006532112
373.740287214
374.859988899
355.847804418
350.706109824
359.525494266
328.183348625
318.423546602
320.76648109
363.594580634
366.17881277
383.563149129
383.894657305
370.958634716
472.289234384
358.449842682
358.457466285
331.733718384
319.839565341
325.836504571
355.371323234
357.252088366
372.060908515
360.103498754
359.708378376
361.457283468
359.200968277
330.032148836
319.358944749
324.454485607
357.987705492
359.892761587
370.311637247
371.72156935
479.638255891
376.197230311
366.230573967
366.233488392
335.637258465
317.948621689
321.693042296
353.769773771
354.171864705
358.582755341
358.959216296
373.803356048
365.499513833
363.297859085
333.962061606
318.418160627
320.76402862
351.80810846
353.784888094
367.820635378
465.696154667
377.241529937
374.774654057
371.236107971
365.874468537
327.750066931
317.001887761
317.00179869
350.630037933
343.36688846
354.683628276
373.737647605
372.691283932
361.456932012
361.766095843
323.598859687
313.168909376
313.654462053
342.882000379
342.8989194
470.196054803
372.986839625
376.098128687
373.329170521
363.625933329
350.632241174
322.205242042
313.654490073
309.694143296
324.579210163
326.394836622
357.234028955
359.137330576
358.024813919
350.955594404
336.564086727
314.623721683
310.723012254
305.699356678
324.121052325
457.800225499
333.854282478
354.111812492
350.975427367
349.367343132
325.017225654
322.721876492
311.208054324
306.705818791
280.388387217
306.768772139
318.000503175
327.793403331
329.527904
329.964209357
313.710109021
313.69809723
306.252600589
305.14510251
279.810016115
442.624684655
309.736810279
310.724210823
316.106713433
317.04608156
314.189688553
311.217679918
309.243819749
305.146861728
287.720679774
254.555909555
307.696467238
308.180113546
309.73510119
309.749505276
308.262068367
308.667674896
308.701422045
295.796379033
274.512739547
407.799188653
302.600119935
317.475026712
317.004647889
320.831124686
321.291667657
322.268007275
318.010076243
317.051938639
305.720187534
305.158849421
307.705832548
321.267877358
322.679603345
336.934650105
336.988787048
336.082614662
329.085643476
325.871074217
307.709167853
389.899788174
304.684264913
306.699064663
319.003033055
320.86881765
354.490302509
352.529757121
352.13122167
341.196659076
312.801932705
305.770686166
305.203359555
307.707340722
327.291444157
329.53140125
357.612711815
358.027915649
359.132102114
348.982742856
334.479655475
432.035194496
318.425078859
311.218333593
315.087788699
339.96411099
350.955131487
364.414274302
364.417626466
364.40770712
345.417590588
340.445580223
322.2105285
312.677245024
315.142023808
348.586371872
360.270685039
377.505683493
377.181853187
373.029576447
354.625769599
463.980974925
355.001651216
324.052131364
314.117880224
317.946252175
354.918626976
356.538405157
369.644831975
371.994558539
353.913398324
349.908565249
356.856368101
328.135955458
316.528402019
318.475090461
358.373084117
361.396013059
375.917436717
375.85806545
368.824533822
479.043564335
360.712621188
358.462445954
331.740566664
320.768186011
324.925061579
356.872574107
357.246878516
374.499261163
360.090855772
358.955048716
361.092915118
361.466256028
333.056042758
320.768858758
323.599436115
355.754775167
358.373838926
370.670904586
371.36637079
476.824617791
369.953246185
364.410701142
363.742564266
335.2036753
320.766735492
322.153455968
351.022911883
355.329431948
354.353306705
354.36100159
371.365889647
362.935529465
361.846439842
332.615672101
315.578621632
318.441987417
348.252147371
350.637704374
372.417727924
484.589737303
382.18529922
379.191368401
369.810150159
365.800548659
326.385904582
315.577320069
316.044287544
351.026071495
342.116435094
352.792128406
371.00611876
369.884080502
362.215002058
359.884283569
322.672123718
313.653539044
311.696182184
342.466817702
340.807685634
465.386853945
368.102708871
367.68103268
365.131770595
357.619060055
348.699282878
320.361741437
312.194645731
309.204508465
319.010768831
321.406719867
357.241987897
358.765260092
360.659778768
350.561509975
336.132694305
314.192532279
309.692932986
303.100999261
326.345702317
467.706763479
336.930714084
349.764064429
351.745337863
348.22423537
321.345864139
322.269964102
308.751825329
305.191951287
278.661149324
306.768849176
315.624170854
327.744286736
329.959826954
326.834493123
313.689988634
313.213738289
306.200330508
305.144128697
278.648139197
446.122561362
311.212987543
312.176832803
318.477982691
318.483601562
315.14322773
314.119385902
313.167718598
306.19735375
285.496667082
257.814389442
307.705311596
308.687034803
312.680679957
312.676396224
310.249001657
309.693252553
309.677260689
296.341558732
276.917390784
397.366369888
300.013648601
315.081861799
316.039363649
321.741439066
321.752219376
321.285025906
315.144388775
314.183942996
303.680100807
302.614163727
304.177491025
317.99757426
321.283101643
335.204951812
334.775180678
336.490574484
325.931413173
322.65890719
305.204711222
386.34467096
304.692234072
307.204367113
316.161473497
319.005594891
349.778793051
350.560108188
346.210782088
337.358308179
313.279617531
304.753145445
305.704190804
308.206705826
327.350898529
329.962858729
354.162936678
353.77237877
353.755435247
346.151056703
330.467222661
441.121727762
316.534007519
310.231500693
312.664979178
339.964639285
346.576088277
360.320551845
360.708544821
358.049266542
342.126885885
338.335491526
318.481055534
311.709234819
314.142424797
342.881971802
355.708917433
366.660600296
367.37032601
366.946980779
351.435211443
453.927577509
352.99821593
324.512903591
313.700691674
317.003646553
353.766815083
353.775252977
366.652185332
368.099689233
352.34481401
347.906587512
353.779890079
324.515615452
314.133828826
315.093651422
353.768404392
356.077583254
371.285556757
374.788756523
365.574379175
465.026576465
359.57245938
357.617927432
329.452306005
318.486191768
323.072053578
352.605704648
355.317680015
368.10050076
350.369704033
350.758680905
359.96658704
358.831636664
328.636107917
317.473041745
320.295462977
352.609211477
354.548874604
367.381323966
364.490565841
453.201787817
368.463084678
359.569250329
361.460485564
331.730211033
316.532434336
318.428222261
349.835011817
352.61311716
354.300572082
355.135749308
366.779594918
361.020190869
360.641291237
330.40861713
316.521937637
317.950472501
350.227985279
350.254927685
366.313165089
474.258168778
375.468118496
371.997130714
364.412863987
362.933583271
323.141997038
314.143167893
314.613168058
347.388100072
342.947589985
353.134095969
371.291926537
369.885205085
362.887273171
361.759538907
321.281010232
312.675817515
312.690880185
334.407971678
340.812180047
473.150567839
364.030234932
366.241762041
362.188831533
354.929429138
342.108225005
315.635223474
308.26528336
306.201351054
313.765699359
315.689315799
356.084204137
357.244257541
353.766120196
342.459785983
331.789086546
313.216035157
308.19705145
300.582187036
319.897551421
445.530948029
327.677991714
346.949583533
348.969884031
345.343986483
320.877221145
320.407957407
307.256746529
305.190105125
280.387926605
306.759087737
313.161136005
323.636779038
320.389171336
324.093666103
312.726999836
310.768492755
305.188476899
304.633838497
278.074881252
438.783869765
308.258452183
309.245758962
315.623982545
313.712926248
312.739672672
310.231835258
309.749921612
304.182163129
282.113995538
254.552230322
306.184566881
307.684242194
309.744842064
309.23978414
308.734567998
308.202212483
308.194523058
295.818463065
272.125215607
378.373221518
296.359378458
310.236825235
309.739888291
316.100502475
321.289068863
318.944587681
316.103668389
316.040854879
304.704920161
302.614781153
301.111776352
313.648758565
314.678603036
319.939405581
326.831842404
326.389667098
321.757033328
319.885913258
306.716530534
377.366318794
306.188432157
306.202442906
312.731656249
314.192154008
342.047615227
342.885183913
341.202426746
333.469649431
311.335976124
305.269779871
306.702587256
306.713734814
318.057270559
320.415473542
353.771609783
353.384857691
350.971382501
344.052217771
327.292989387
425.627818073
314.137267559
308.205492893
311.165031962
326.840310907
344.463293397
362.888780214
362.880791757
358.782427843
331.418584963
330.479710605
317.062702286
309.252945647
312.203704544
337.423090643
348.986499819
362.936708877
364.053752803
359.574604336
344.591820205
455.044187679
347.373376505
322.204884124
312.188286617
314.609626813
348.988624918
352.139385144
368.819612709
368.443959112
348.827353436
344.184564539
351.825293191
322.674812092
315.092504085
315.561119271
349.42377383
352.217709439
365.186553681
367.022490064
360.030043255
456.833008581
353.009300344
354.172522822
324.057794367
314.610703277
318.421975272
347.371419244
349.385377415
363.752438904
353.503341242
353.124588835
354.178266635
354.175161035
326.333991491
315.575210565
319.364149025
348.58649585
350.968253539
366.660816665
363.430755763
461.132120912
362.687156617
355.712977891
354.552950193
328.127386695
314.138567163
315.579251181
345.800413544
351.018665718
349.964757647
349.569917231
361.465528161
355.31351296
354.221938649
327.226838466
313.64513266
315.572125615
345.75226425
347.768994259
363.007260561
466.611032792
368.511023256
369.453334931
361.767326273
358.00324344
321.299271937
314.12840553
314.133908741
339.946190207
337.484975722
351.881024965
363.323259481
362.20288257
353.768907231
352.602215884
318.008081443
313.16275656
311.154679809
326.379595666
333.550823905
463.660425065
356.483633236
355.823576485
357.62007527
348.234027355
337.423202414
314.189585302
309.249496365
305.702939291
310.358291297
310.843488195
352.196540335
352.598055504
350.60646242
342.41026209
320.876209128
310.23704131
307.205962912
298.513451343
318.015704498
449.44536043
324.497102721
340.305647269
341.627246765
339.472670588
319.002233738
319.933957575
309.243994942
305.197247527
282.097380707
306.251414792
312.675324216
323.583315162
326.315691876
322.659406681
312.238542305
311.259370591
305.68811701
304.113091967
274.510531729
428.071718438
307.211402366
309.199732101
312.247790587
312.183950571
311.220757373
310.708103521
310.711860791
302.09376895
275.742435093
249.890685752
303.08948803
304.625931446
310.181542506
310.228996851
308.696469268
307.689252962
306.703815622
287.707071525
267.881902583
403.849645568
293.153776701
308.749386783
309.249405808
313.224286731
319.421068246
318.472911955
315.572603777
311.706409558
298.478748519
291.551234529
297.984889397
310.715005461
311.219384064
316.586904256
319.889571441
318.480109196
315.627446011
314.619342688
305.713117956
376.000356614
306.654652583
305.638561437
310.292966874
311.270910905
344.44375294
343.622933723
339.04682906
333.923810986
309.313697349
305.72171274
306.711917022
304.185299634
315.147988681
315.682956871
344.936953102
345.334137855
345.325904365
333.035528257
320.423796301
408.082752471
311.221837857
308.701620487
307.708672365
318.005542929
336.5011428
352.599262253
352.213086609
352.209319424
319.533280331
318.548561774
312.202981568
308.69086482
310.179043453
322.266245216
340.747986497
355.326470587
357.623813937
354.945849256
333.98876569
412.449622549
335.271476497
316.530083754
310.247700636
310.715802015
343.306124921
344.520306825
358.130373523
361.064392312
347.101677147
336.204776768
343.707336512
316.107990681
311.219295058
310.721160354
343.709344306
346.965270559
358.825174019
356.545757235
355.77656597
460.300222419
351.084718432
349.781246275
323.587705167
314.13525256
315.520032131
345.706001241
348.509076639
358.081659789
348.704545093
348.313738575
349.829871494
348.255155135
322.207722391
313.643001357
317.426760283
346.971549217
349.370019571
361.073624752
355.776464931
445.022351064
359.573943167
355.251969103
355.257699625
325.873188006
313.159204455
313.17741164
340.724042578
344.521636925
346.752571494
348.307919329
359.581235806
350.982495833
350.557579072
324.496851636
312.694995587
312.675256072
337.783692445
341.22135601
356.552109797
453.015042427
361.462741199
359.905412519
353.382963306
351.811789944
314.678545582
309.742154979
308.752342054
326.387894982
327.750874118
345.823812946
355.72050109
355.314513439
346.96874998
344.518445401
313.16362217
308.747750288
306.196006057
318.010011518
326.89901656
452.092619154
358.012471592
359.138977967
355.307829849
343.655673368
325.927583384
312.200312952
308.189923276
303.080470092
309.805246298
310.300757723
347.376489706
343.709855876
339.951346471
331.738293322
318.064131646
309.747392286
307.203762672
294.755214183
313.652207949
425.564347067
315.578296533
326.832258846
329.070385182
325.468274325
320.820741978
320.343541247
309.685903237
307.155145439
277.487945873
305.763113697
311.157394308
321.745743668
321.281836038
320.345389821
316.044780535
316.985638873
307.204703245
305.137474108
267.265459731
436.616114939
304.698904988
306.219645738
311.217714951
311.69587117
310.725873959
307.698832375
307.196419489
296.892572489
264.165103878
235.84876322
301.027538367
301.55205657
308.207001594
307.216709073
306.705276337
305.718979076
305.200898148
288.751885419
256.513559731
377.020009283
287.146540208
307.18546254
306.18547158
308.751395534
313.160166794
313.163547741
308.742739573
307.20162318
287.163883257
275.147305774
290.443933351
308.200836168
307.702488735
312.247951654
314.669139636
315.091291597
312.174649501
309.735782024
300.55515219
354.285607813
305.648869255
299.501140702
310.238012423
311.223053569
320.359348613
322.217691571
322.213355403
317.008533882
308.764428248
305.721383634
308.623768073
303.610882097
314.124265048
316.522431457
332.168162708
331.299488988
330.407772529
326.380942934
318.956484475
398.315056178
309.211292387
308.13470662
307.63239073
312.256975731
324.494864918
338.219683925
338.638589964
338.199934789
310.35271563
309.858757988
308.256693315
307.691860967
305.168796369
314.181173742
332.563782167
355.251118213
352.552333792
351.767444154
329.52813983
448.431110873
318.531021712
309.251509715
307.708353173
306.707004695
333.040181081
334.369168295
352.555603638
356.481342974
337.000767977
322.802227697
322.273755388
312.192809305
307.702329782
308.19502937
333.478824349
335.21672643
351.86820037
352.218373718
342.170980615
433.618544948
331.790858217
329.130985566
313.156768891
309.198262249
309.68982425
330.84894334
333.480353806
353.00724776
344.185119342
343.361673355
327.844677636
327.345699118
312.676570944
307.697859338
308.691408477
329.961810995
332.606568438
350.635188989
347.838972476
458.55318652
354.931684126
342.046448686
339.111739611
318.433663646
308.693999619
307.69052592
321.34259372
322.727678129
346.232322296
346.223443496
352.589785637
340.380752493
339.955913498
317.481431063
308.689054599
307.69587561
319.472608154
320.403257882
347.438754966
439.368786139
354.144587691
354.55408184
345.800341381
344.88463846
310.727381391
307.208490372
306.209821636
316.160228649
318.117057123
338.274933399
354.162763937
351.36567033
341.574957368
340.740482152
309.74533144
307.202110967
303.120333794
312.733405841
321.299469061
435.408668694
343.300697871
343.688718268
342.878969869
330.839901831
318.533707477
308.750910482
308.18904803
296.349683336
307.268349232
307.271720271
329.509397175
327.281400181
328.185478502
319.893065754
313.224491625
307.697157833
306.166905649
286.596239381
308.264878832
450.592386616
313.655337212
325.869084782
322.668371459
321.283894348
310.733020597
311.706558499
306.702232669
305.143117781
269.717677605
301.642146997
308.747626882
316.54220391
316.51419708
316.520807871
310.720369266
310.229975906
301.571298142
297.409405566
257.157055657
402.647785088
301.568005763
302.592088346
308.701100472
308.2107837
307.70895985
306.722403629
306.701013628
293.691642216
253.89327746
226.909659451
288.257606388
291.538629226
304.18036146
304.687054345
308.14202282
307.634988793
308.615235926
279.180179713
246.483196166
376.957132342
283.188836294
304.180019552
305.177701572
309.704691834
310.187308172
309.190162456
309.176140163
308.179002646
292.622781498
282.623714598
288.798672976
306.210918077
308.195876968
311.699662983
313.64969812
311.216925423
310.170812328
310.663305211
287.163932023
357.427894317
290.976168081
289.89831508
307.187497912
308.690783066
310.776287194
310.27942277
310.729814022
308.242924555
304.750396937
298.996984644
299.5066321
291.535730031
305.74532883
306.75031973
317.04775096
316.590073164
316.586464089
312.251978191
309.798313268
397.606770383
304.687396163
303.618287096
298.449603883
307.757667991
314.608315307
326.361773602
327.27732138
325.020841884
323.129471764
322.665462762
306.205331549
305.128337252
301.560055108
309.741511577
318.889323611
333.047753714
331.349123214
330.853776684
318.954537358
409.182388637
310.289039653
305.260281998
305.637201427
302.066205355
317.061410006
318.956194979
333.048604545
334.784332439
317.120199322
312.257865912
312.732190695
305.747625708
305.191300952
301.558348485
323.587519104
325.406800002
339.065925904
337.840947467
329.97079427
440.005967224
319.46795081
318.996276096
306.757853582
304.684421915
299.502567704
320.819663226
322.201463362
338.261390953
322.79660531
321.815252351
317.112233112
317.109677188
305.740425046
304.685474277
298.505848709
319.425573902
322.675541337
334.409295785
330.913756168
441.326406004
339.466138817
328.23257674
327.291524089
313.117867899
306.697666422
302.134466373
314.201794344
316.114323473
329.588872789
326.905931628
336.512816183
325.02362953
323.65585933
310.682552104
306.703963919
304.630847147
316.11081799
316.103171357
331.358973529
432.197885625
340.389792906
339.170675473
328.177544041
329.95140677
308.707774808
307.702742154
303.10445049
311.769818037
310.304163577
318.072495763
333.923304594
331.296295672
325.935165475
325.870839448
308.199939881
307.14411454
297.919319466
310.233871124
316.543890023
422.378232629
325.46958194
326.381089275
323.653171767
319.42077487
313.703496922
308.249907273
307.156359694
290.43030348
308.255713103
308.260552361
322.211818218
323.56587414
323.585795478
314.125778133
310.725179163
307.201882508
306.146612687
284.297247052
306.210954127
414.894966129
309.687613118
316.047701507
316.999177658
315.078949474
311.21565411
309.746557883
303.625211117
298.976230241
259.747472384
286.048507732
304.172701481
311.153190001
310.731381162
310.67109834
310.178830606
308.685453883
295.825329898
280.894065927
248.524867625
409.4520412
306.10630581
306.124876642
308.206771008
307.68378276
306.198313608
305.637742557
304.626702976
285.99540684
235.892348284
221.488117684
283.749554791
283.754930018
298.975121447
300.02041285
298.981049268
297.934845999
298.983640126
269.084341744
232.947266967
385.687643964
273.901753766
303.601273725
305.612975946
306.704683256
306.699020964
306.194391431
306.124933152
305.121632975
275.685154181
253.216884221
279.173833023
309.65586239
310.641729245
308.20861142
308.202161875
305.697529473
306.199431825
306.200010284
280.911458162
343.354606907
289.29226327
292.018055723
307.186508085
310.166418037
315.561963212
316.52905709
316.021100622
309.67487664
306.710733792
292.635539025
290.393216298
291.479617825
308.192018288
307.715384343
315.083590126
316.990823565
315.621962464
312.202104278
308.216346168
385.64318096
304.126753347
304.641557309
299.483261333
308.205796392
309.250277368
317.534543915
318.480864683
316.10495233
309.253122243
308.257978685
307.141869781
304.632764319
297.401514124
308.263218544
311.220890558
317.112562501
320.35517041
319.419490513
314.677665042
406.746452656
309.24899195
305.713301066
305.122527901
298.446778489
310.734889205
311.70060811
318.065556529
317.581995701
309.364024805
307.323661738
310.230540331
306.220957879
305.615496579
298.961019349
311.703508535
314.61103004
323.177759358
324.099447558
319.013390708
402.934449855
319.409645805
317.99629324
308.206389069
306.666702227
295.827523206
320.285096959
321.680453658
324.129409522
310.846828207
311.336774093
314.187013547
313.693611654
306.686068616
305.645233044
294.760237339
315.574393547
316.041354948
322.273666741
323.663356432
422.127933597
320.40816157
317.060716779
317.051895394
307.723053906
306.653189588
296.883312738
309.733821603
311.218106843
313.290490296
312.800956655
316.159646753
313.217016754
312.737483834
306.204493434
306.650972584
298.450839001
310.237097429
312.197827458
322.280131896
412.710422696
323.641224265
323.134522753
317.047563693
316.108544119
305.69646937
305.640714536
297.920524917
308.749565307
307.770570414
309.861725853
321.74911883
319.880655779
316.998898773
317.002560756
305.689411087
305.621028872
296.857800058
308.20324792
309.747244766
422.866737163
317.533979047
317.533280681
315.620377495
312.683369712
309.234313083
305.191259515
303.121323011
282.600201823
305.7144047
306.221035024
317.463429748
321.226283278
319.813451819
309.741600948
308.246553917
303.601648281
298.401603902
279.756470601
296.372925278
404.07841918
304.179335046
310.71972602
309.726137536
309.737320522
308.207447352
307.693748916
296.869083634
285.984285942
245.100840912
277.498687384
295.821404309
308.691344968
306.196701022
310.155503468
304.638496492
305.131712271
287.11250659
269.692530608
235.109530927
388.881487175
295.276043162
296.338545831
303.623219944
302.08585088
301.038075178
305.624627341
303.10377789
276.276674459
224.604930153
219.108788177
279.162285009
282.042573338
296.879539326
296.342454023
291.543934514
287.092732706
289.288282644
255.140254263
223.046562145
346.271408192
245.036273272
292.587842105
294.739713112
296.353715307
311.064387348
311.561669423
305.645861318
302.049013679
251.90455854
230.725111478
245.085342722
288.801985146
295.827242951
305.199093899
309.201339496
305.6708616
307.623231744
307.639293266
266.031399093
307.270181461
269.69499988
267.860736338
304.613394213
306.623080849
310.669174256
311.144969437
307.70600961
307.202589419
301.587584774
275.156209412
278.59656655
264.763759711
305.193128301
306.189744894
310.719745654
310.238396343
307.69383137
307.707286944
306.207185407
338.753336207
293.671556752
281.461549261
269.68600413
305.202891026
305.187670926
310.237074522
310.236295755
308.748127625
303.224955264
303.732975379
297.93428487
290.461606268
266.0135005
306.192485813
305.69964074
310.233049196
310.73045655
309.248524025
305.760888816
361.578531208
309.184151531
305.136550897
297.922092891
280.897056393
310.170079979
309.671711173
311.704504557
313.708747239
309.753482988
309.26480688
308.268892366
304.631495357
303.109956706
296.880392401
309.736745003
311.221693903
313.705997766
313.747589614
313.222890273
366.354518661
310.718510306
310.234599251
304.636465322
302.096743317
286.028127496
308.257045463
307.752275707
314.188512196
307.32717482
307.328241829
310.719955846
310.224229362
303.631913518
302.09085269
284.352296247
307.205970302
308.253971084
310.779525795
313.232438916
367.444971332
311.757656679
310.232428909
309.744344852
305.154417025
301.066677024
286.589220064
307.255423483
307.757494785
319.412587614
319.418094661
312.241104348
308.749508407
310.240587391
303.101150084
298.983458847
286.593544275
307.259145701
308.755037002
312.743271239
360.083704109
313.218340249
312.724625973
309.733026361
308.740659609
303.116997855
297.403838711
285.464986922
305.196199766
304.191441097
306.765867824
309.246090146
309.739612033
307.23833604
306.249321138
300.021048687
297.346355832
284.29031949
306.205828572
303.176247011
352.670325532
316.991152149
316.037864595
315.077930842
309.19359112
309.194609224
300.009479697
294.177119718
255.195613042
294.824585586
296.396553223
309.248297063
309.246587372
308.747990718
307.209900491
308.194110487
296.338787131
285.413865852
249.852742723
286.055713518
373.172699939
298.449971276
311.622543276
311.190317715
311.632168822
310.628560422
310.657169907
291.487027182
269.702217723
225.376205102
275.734713687
290.448993704
309.136792382
311.081678633
310.585611007
309.088107746
309.098643297
263.523478363
269.074832317
221.476408208
341.276090407
277.981203446
269.687402367
300.516661429
301.036815848
294.748079007
298.913309004
296.277786518
245.744874567
219.096667768
218.302110311
232.159965452
238.71646924
257.789528895
257.15174467
257.778805158
247.826154319
245.043297425
225.355148508
219.10157772
323.196513471
