103.637859914
30.5881423508
30.8139835065
30.223086071
29.6733072021
31.0460386321
29.8707840446
31.5137495063
35.4644593908
35.1156095667
34.4258209316
32.8483866831
32.114335665
30.6940818549
30.2543724724
31.0757180059
31.1665580796
31.437656264
34.5811088584
32.7286524481
35.6761995373
35.4147082302
32.0306451952
31.3551721149
30.6856068623
30.875881113
31.4145942064
31.0080325193
30.6327325127
36.024450622
34.607939922
34.6625965408
31.4955646842
30.5030208921
30.1891805321
30.4936927243
29.6241305775
30.135032973
30.2286112933
22.9102516638
32.2076813702
33.9281867995
34.4402683753
29.9648200448
30.3557455783
30.1043487295
31.2641119559
30.5968482024
29.1164743418
29.327804667
32.8556795786
33.0267913492
34.2460822397
29.6513511895
30.3804753017
30.9402549784
30.7365841889
30.7444767951
29.3757849463
21.8819960002
26.8814852035
29.7169156302
31.7739486616
32.6024384111
27.8052099852
28.366674999
28.2205782468
28.3430271419
26.6236562465
27.2778168144
27.0188700491
29.6600919566
30.5360425917
31.7183169651
28.2451422112
28.0407809222
28.6496832138
28.6422797533
26.0711037296
17.2882484196
27.8639578675
28.210149264
29.4455566928
31.2419785647
32.281724896
27.1931372802
27.6831018695
27.6437647969
25.9736511548
25.9669651159
26.9238305748
26.8753482128
28.9913072487
31.1977236388
32.2999966985
27.1517284724
26.98383038
27.4334242767
26.042816348
19.6065770612
29.7444212275
29.2722105793
29.3026083409
31.1672186555
32.3761387213
33.1777033467
29.3300926838
29.4314378454
30.2133372645
29.8116666814
29.6928623713
29.0063953417
30.061664855
31.4483582864
32.3624328926
34.6098875148
29.6671605277
29.3115165323
28.33764909
23.4524317663
30.0462931026
29.5325899352
29.435683547
29.3490268892
30.6875921768
33.2736146607
34.3116453418
29.52169609
29.3817000001
28.0755720105
29.745667068
30.0851351545
30.0051288613
29.7726104797
31.891621607
33.903288801
35.5834683571
29.934706651
30.3931606913
23.8479956271
31.2013217146
31.2990162969
31.7600359935
29.6745124672
29.0575740548
33.0305900394
32.4104416546
34.3006746924
29.4593206915
29.3365246067
29.4073176196
30.0427683837
29.6960142565
29.4138859219
29.6393674795
34.631504869
35.2073438204
33.1692704393
34.3151135874
24.9993152741
31.6928208549
29.3527830018
29.6964102037
29.3412081567
29.7923118478
29.9173406835
34.903060621
35.0482386053
23.3708090851
34.6006657839
34.3223979615
31.3652017452
32.0276425251
30.1125994967
31.2524635853
31.9852757064
34.9400280607
32.6657996687
19.5704249639
21.0464654805
32.2978678054
32.4259151395
31.9563880263
31.5042615865
31.6357613977
33.4658776009
34.9236904777
33.2251338451
17.3162273085
15.3667480277
33.6299996562
33.6528833913
34.6210880621
34.5938444047
35.2688470819
33.8856500304
33.4234284987
26.3753515425
16.5837974377
22.3727502126
34.9372452554
31.9670365228
32.4364833865
30.3051890757
30.0534913996
30.2409771806
30.9226167992
30.9029980819
35.7436893587
33.9105415799
35.9321594101
31.2958688123
31.0912550526
30.0200048599
30.190636034
29.834120312
30.3151050455
30.517544385
35.602083498
26.700412241
32.5734889759
31.9724321186
28.3437091257
28.2139819808
28.5554040513
28.0133494722
28.2534608867
28.605048972
27.5026153124
32.6666905592
31.5173890875
30.9471684952
28.2706850335
27.9378757179
27.8839280226
28.3967483283
28.7838619895
27.9140574541
26.7421697775
34.1807519942
31.3356581463
32.7320893798
32.1361551793
29.3152965324
30.0270066753
32.4721524611
32.5651713907
33.084509737
28.7011624003
29.3436731788
30.596091319
31.4678450441
33.1378462996
29.7976996974
30.9353476903
32.087061568
33.1647857424
31.8613407097
30.6551513712
34.6399027544
26.6481864083
28.2622321255
29.3530926411
30.1406343931
27.8922176608
28.2472503781
30.7923750748
31.3514028175
27.1031925989
26.5621511608
26.5343418262
28.6521716587
29.548962373
29.9198492925
28.3523620888
28.6394254585
30.4973049772
31.3528799783
29.4922057852
47.6719022232
29.1022525276
28.6323669689
28.4637940723
29.7397265868
31.4060033962
27.6268498722
27.8371709906
30.7068877961
27.771530101
26.9033457495
28.1217643447
28.5172259319
28.6467688697
29.5533406303
31.3990885571
27.3400231808
27.2288893944
30.2381425117
30.0737559089
46.7816384954
31.227145198
29.1424029145
28.8268516924
29.858623775
30.5192599285
31.5560150979
29.128398321
28.9379079053
29.7261211344
29.4237346689
31.2877590304
29.1747077111
29.0089487893
29.7379470438
30.2715869121
32.7808760848
28.9469210995
29.1076059087
31.0363325238
40.227016692
33.5225140941
32.9734142604
31.3862570919
31.241570014
30.4890267732
30.7164625363
32.2943717141
28.8888993204
28.3551320337
28.5885645257
33.3934064214
32.9027560026
31.2624839206
31.5735053391
29.7122730876
31.3419650807
33.8917525673
29.2640106819
29.4294901764
40.2690179027
30.8004351365
30.3073594637
30.687504045
28.4352681248
28.003668644
30.4093935054
31.6735201949
33.7738249893
29.475119065
29.2446715963
30.2975131917
30.8078598709
29.4875324969
29.5857487152
27.9598114053
31.3342884455
35.1268168316
34.7388882472
31.235168751
36.7179444194
29.2669376489
29.1688252944
28.7972641751
29.4125192778
28.7386362417
29.2204094278
32.7693591702
34.962694239
29.5681268635
33.897308542
32.1285781251
29.0945902921
29.277928951
29.7144223733
29.5999062199
30.7470049584
34.3996577071
34.280882544
25.6314012877
36.8538352024
32.0156683208
32.3115998744
29.1266319452
27.9511609256
28.6947832308
30.0897500926
31.0323561401
33.2649937248
16.5421970743
10.4714227618
33.1753728243
33.4747106675
31.8536980485
32.0033014682
31.7787053673
31.9556337396
33.7570713628
30.3266914825
17.6596089261
23.7417164991
34.5145303141
30.6798357213
29.8607997848
29.0687314685
29.1041963145
29.3483017145
29.9564337097
30.0020772433
33.9469744816
34.9432534283
33.6733167278
29.4723948387
29.4358300925
29.7452730567
30.701725951
30.5843372102
29.7054901815
29.4226969643
33.074188404
31.9483286202
33.3462432616
32.8281827359
29.2539181275
29.3317675982
30.4977692442
30.9144458399
30.028422547
29.7004493422
28.2041187271
30.941112289
32.0944173812
32.5610493429
29.2445328874
29.301570042
31.5437790091
33.0583008621
31.6009609873
30.5820212674
29.6011025039
41.361829537
27.8622920854
29.7352469307
30.0048699187
27.2637908028
28.066512175
30.8908946657
32.0901078395
31.7767006501
25.6999989529
25.8268065424
27.7099027854
29.0797001708
28.4109282347
27.4433819268
29.6545399532
32.6302862372
33.6940612213
33.2413613911
30.2332748184
49.8761780477
29.7133060962
29.5371621547
30.2860410468
31.1093922346
32.3670621359
33.638095238
35.6091573443
35.6242788555
31.4091802149
28.7294168469
30.5869183086
29.5408271417
30.3214188272
31.314587181
31.9125105266
32.5814267577
36.5624311807
36.7583162521
33.622533191
53.5390284612
30.1285296167
30.3108898278
28.8785049386
30.3134877368
31.0668241301
30.8267297829
31.2596209419
34.9044837699
33.6978619317
31.7093101322
30.4225309054
30.7284682757
28.3496522873
29.7490716387
30.7400002072
30.6967331987
31.3563907333
34.7896195343
33.3406138494
50.4752586902
35.4213497903
33.9060539589
34.1634164724
30.3793123208
29.4815733209
31.2877232301
29.3899854301
28.7823955535
32.3599924044
32.4545493216
35.9989906543
32.5362034756
33.1976880374
29.1387963054
29.6551945093
31.1051984464
29.7591754761
29.7842495115
34.22057394
50.390546382
35.9572481813
35.3651017272
33.0074204651
32.496078409
28.6167603026
29.6242053233
31.2698088559
28.7353965106
27.5273020277
30.5787803743
35.2034164165
33.9807716783
32.6966860166
31.9818356248
29.402549182
30.1437322447
31.8702407062
28.3346514067
30.9405529997
52.0585681139
33.5510771138
33.9990204053
33.6363757483
30.9675694756
28.593436429
29.7256672583
30.8188894137
34.2782778067
28.7903965174
28.3752890367
30.1441831138
30.5030597286
30.4181214037
29.251634492
28.974415959
30.3509044252
31.4914552344
35.1763017626
29.6766025635
49.9653769693
30.1178986107
29.8316420843
29.8040967836
29.9329855687
28.9930467037
29.0744968691
30.805167551
32.8812954834
32.9994938434
33.5624989913
31.0508079807
28.9069081524
30.1430361052
29.399165008
29.3574960095
29.6637868516
33.9997899058
35.4838952462
31.1022386857
42.0607225685
31.8968895859
30.4222785775
28.9339061977
28.8602041692
29.6653340475
29.6425044072
30.8713818677
34.617291442
29.2590388052
18.3183930181
34.7111776441
34.2291158088
31.4017058696
30.9057082257
30.633334778
32.2257798324
30.8654044959
34.0990232172
27.5483639384
34.9871562359
34.1194370391
29.783009427
30.2951770006
29.529942135
30.02924935
30.0760297059
29.7354669406
29.5398537161
32.3249033172
35.227223488
34.0073872896
30.5721262384
30.4883499849
30.4143937195
30.4876566142
30.5956756121
31.3317531097
30.9122146116
31.0060541206
34.3058838605
30.6012336488
30.4772346376
28.0866904448
28.7265411399
32.442988727
32.2759545976
31.8168526749
29.6403384927
26.5482675138
28.9757213356
29.550754888
30.0914728292
28.2915363684
27.9289524225
33.560267647
33.7195347652
33.3771549765
31.5239072987
30.1147510414
40.9341449454
29.8754804836
30.2325525434
30.3573843951
29.910925772
33.3692983732
37.0077646021
37.5707603066
37.7154557115
29.9627815393
29.1574084345
29.2938905091
30.1364464417
30.945055657
30.5611175319
34.8930051996
38.5135353586
38.6496240921
38.4717277591
33.0124308358
53.3758659096
32.4409942249
29.1673713361
29.2755887716
29.9000105852
34.1401179556
34.8286559144
40.1817246065
39.8330406954
35.9302440363
32.4657258531
33.8272619629
29.0258782852
29.4099784879
29.3161223966
34.2515594032
35.5848532824
39.111293682
39.3546978545
36.8473870621
61.0886457802
33.941327791
34.3748343413
29.8831433588
29.3808874045
30.0017353468
33.587077794
34.7950696247
39.3049401076
37.9486369743
37.568396307
34.7176674813
33.5283072201
29.4182909165
29.4901504399
30.1973316797
33.8099180997
33.2409668677
37.9052501364
37.0615871053
55.7652426749
38.9924708071
36.1651666275
35.7216050426
30.8970724528
29.119993375
29.5111989305
30.6635240751
30.8733250292
38.1640732667
39.1182209881
38.1073983563
35.708389508
35.033432449
29.9218376418
28.863633666
29.6468737972
31.0819198155
31.132516804
37.4420552495
58.0147559526
38.9215616694
38.2981943085
36.2984824683
36.3033294127
28.8153977216
29.5943205959
31.0875101568
30.5889510053
30.6428352177
35.9766744171
38.3736642193
37.7932082692
35.6364495298
35.1544613
29.2245493323
29.6620557546
31.2250769164
29.9488693006
32.2896175619
53.8406324719
34.9458253548
35.2754690795
33.920254895
31.719711923
27.8914338164
27.011849954
28.2246942948
30.6790425153
25.6216567963
25.2438970563
30.7490176619
32.0570840355
31.4423358445
28.8026602115
26.8932752493
27.8058480926
28.559119921
31.9101909934
27.4127232447
54.3780262104
28.8899191039
31.4258752918
30.8928621305
30.6920144821
28.3184301734
28.6790795713
30.5124191206
31.2960588148
34.6926134897
30.8529544817
29.8759144371
30.0635159032
29.7282165794
29.9555357368
29.1019059779
28.1302842881
30.7950898991
33.5798390049
33.0936790474
47.2548071644
30.5760685877
29.3239197182
28.2418846993
28.357607922
28.7768908148
28.9938135097
29.2925320283
32.4630715827
32.1257381401
19.5839899712
31.2336112278
31.3024847419
30.2237431813
28.7742995318
29.1697795577
29.7576178561
30.8299437024
34.1628326576
29.9057143922
36.710117907
33.3119297678
30.5768389955
30.7340817244
31.0731564414
31.214733586
30.9651541743
30.8998572962
30.3233353755
30.2368757252
32.5421753222
32.3412513663
30.3350214907
30.1165319733
31.925403969
33.2210151389
33.6751853877
31.3224978256
30.361002296
29.9627106276
36.3628962836
30.942887935
30.3005642409
30.0133728829
29.0725579027
35.4757400186
35.0367701188
34.3429897929
32.7885203381
28.0860403741
28.8724924234
30.4263067187
30.6815508428
30.5787156235
30.9437466721
36.9222351486
36.8137869353
37.3580054935
34.3422879207
32.6567555408
50.2244137345
28.5751853637
30.188335332
29.636779479
31.3262325991
35.0678336306
38.9707291571
39.8935369287
39.3675551948
31.2681735642
30.5308075439
28.9896587707
29.4641081231
30.268381196
32.8898644554
35.6872554738
40.1690461451
40.2306387385
40.7553546312
35.1495881324
53.3882042929
33.8355890637
27.4635917568
27.3007511362
28.2035002933
35.8847435804
35.0624579794
38.9427335903
39.2039856784
37.4611436752
34.290412134
34.7764197908
27.9158413868
27.4120272764
27.5023278617
35.0906986578
36.1837682225
39.5286036039
39.2373245557
38.1181587934
59.1663113657
38.3714297374
37.5452139322
31.3354409214
29.8690306836
31.0710435979
36.1265627483
36.722408679
37.90564612
38.1125568671
37.5800653476
38.0317818201
38.175384205
31.7827554135
29.684487587
30.24620331
36.2405703949
36.9652213806
38.3132191315
40.1868504805
53.7441884903
38.6268311974
37.9323063732
38.5328481104
32.0095352881
28.7509212007
29.1159447851
34.3103838327
35.7688610444
37.5156425179
37.0664245508
38.5385676254
37.9229252695
37.1057156856
31.8283331287
29.2180660803
29.5527198321
35.1464614317
36.2082226156
40.274913241
62.0598169178
39.1396572365
38.872695878
38.347065304
37.852462693
29.5362144035
29.0226940117
30.3096076549
31.6712851034
32.2704695897
38.0265280597
39.1090006664
38.9399457177
37.3625547767
37.5136778172
28.6975720463
28.7639771008
29.821528509
30.6243287975
31.8698231029
58.7777500622
38.9521948522
38.2709406599
38.4974494016
36.2428754482
32.3307374455
29.1901109345
29.2013301302
32.2915873874
28.0830256445
28.1329704033
36.2655059712
36.5988601949
36.1802510171
34.1415365991
29.6518050293
29.0525803598
30.7470162389
32.7560770936
30.2358462917
51.5521087701
30.3759598444
33.1163059876
33.0362974588
32.3295335343
29.3923902952
29.449383952
29.609356105
30.6879192092
34.5170868862
28.9403355784
29.1979229234
30.8921557188
30.3291248575
30.9969771547
28.4513876828
28.5374513131
30.3297523796
31.5039954113
35.2896226441
52.0038624888
28.4349647172
27.4289368233
27.9071571392
28.0060216585
26.8118864283
26.9239853127
27.2429492824
30.6342795377
32.6454378014
26.6819037409
30.2529590211
30.2679119389
27.7027410612
27.3263705694
27.6057656828
27.9300068938
27.8673253528
32.9503201995
31.5103642148
32.8106838803
32.9534083062
29.6333238101
29.3818285415
32.591137455
32.4586140034
32.3224508963
32.2547368119
31.1815973406
29.9277547288
31.7496988121
31.3363302645
30.7547419549
31.001207178
32.9163227411
34.8405454567
34.3856034725
31.3141423771
31.40013248
28.7221724561
34.0869725636
31.4780897348
30.2274274868
31.6214927309
32.0424625273
37.5381793258
37.488676816
37.8068982772
34.8845337753
29.2553617508
28.5888202127
30.1977690056
29.9786175092
33.6693451841
33.9482645262
39.5328626451
40.1625377692
40.428783107
38.2671607072
33.2176974449
56.7531956125
28.797007259
29.7054143717
29.5904791649
32.0875424245
36.5909509522
40.9900635117
40.046759454
40.6609106622
35.8090018807
34.9201590853
29.5101624434
28.9301526517
29.9621617991
34.8091328417
37.9058689581
41.284899913
40.7931398969
41.6441424409
36.6219729199
57.9020530226
37.8981633638
31.2639183695
29.6416843987
30.5458982835
39.1765755663
39.8227471399
42.2626743756
42.0650955003
38.6925591646
38.2551840106
38.8478538192
31.5309652926
29.6050091473
30.5446904091
38.6437721396
39.3598767542
41.0930235229
40.8518594021
40.2034584105
63.1410949788
39.0545126298
39.4340457394
32.5603708176
30.3444606018
31.471023793
37.4355264788
38.935272489
38.8878798665
37.5898677889
37.1145143926
38.3277652831
38.3285351904
32.7597192696
30.3891038196
31.1614414006
38.6135370519
38.8536094629
38.5909478382
40.2381425475
65.8794319313
37.007010649
37.9576346584
37.2148092531
31.5341230909
28.3840995308
29.4380610515
36.2555792491
36.4518342132
35.3674556072
36.2189155272
39.4141807606
38.5629420893
38.9139687237
32.1477860262
27.8864292545
28.4277245342
35.8274217782
36.9928053173
38.9670991634
63.5537081868
40.1399236599
39.7315746633
39.83195637
39.4788522542
30.8190099085
29.5431402402
30.0119189246
36.297591407
34.4470541832
36.5711279639
39.2798182453
39.5951230032
39.0358798394
38.5457264815
29.3125268665
28.9750320659
29.6995956394
32.1662645269
33.2963815894
67.9317996293
39.4955396155
39.4618503157
39.2790218251
37.0727195867
35.0428944822
30.0192281064
28.0268148236
29.9017406748
27.1851048579
26.9825206721
37.1667319574
37.9827332022
38.1588752674
34.592482455
31.847839361
28.5742051646
28.9359411827
32.1594927567
31.5918560531
60.3717607432
31.4616334472
35.3392514081
35.9827394079
35.5439476981
30.025883209
30.5941812597
29.3111485076
30.5866317027
33.9887681096
28.6855782954
29.6162339219
31.6624343443
31.69995386
32.0096974146
28.7434161737
28.5700854347
29.8751510294
31.3805793264
34.6747142801
50.3162223141
27.8048184049
26.9665184669
26.2872370766
26.7392218686
26.9252997641
26.4115146633
26.5567791277
29.8138999922
34.0748628435
27.5373068406
29.2087761392
28.4199569913
27.4111838632
27.4340834719
26.9486835371
28.145623626
27.8749183369
32.2506017729
32.7260381775
42.2881866465
30.9998298051
30.3032690679
30.3652556935
32.0712507568
33.4703095449
32.3522161159
30.1416122612
30.2239108017
29.0846217422
30.9982816467
30.7494506142
30.5797434645
31.3405859023
34.7769752592
35.6554218168
34.5538689417
31.9109304057
31.8411774612
28.5875544226
36.6100538068
30.2347984806
29.6237233226
32.4002225879
32.7526343002
39.7347674738
39.2694191166
38.9514242172
35.6021416273
29.5833778599
28.21867844
29.7874893908
30.0867576198
33.9529428179
35.8826466758
41.2151279592
40.9031448494
39.9161609686
38.5595382552
34.5325528916
50.2290821285
27.8554291893
27.626767519
28.7482161447
33.8424949915
36.7629054812
41.5812439401
41.3452987075
40.3456612012
35.4345100608
34.8763322758
29.7320013891
27.7290469008
29.1086361736
36.1245572063
37.7117840188
40.2949637673
40.7179130229
42.1470460407
36.9020381177
46.9084873752
36.9616695098
29.5224403784
27.5823598526
28.6079537195
37.2945098893
37.4053824871
39.9389915707
39.8126635567
34.7037165954
36.3502308849
36.363268385
29.5530235812
26.8076063092
28.5636571372
36.7819836065
38.1061121282
39.2234975754
39.656185093
37.9626080305
66.969693779
38.2938655162
38.4895229523
32.824375819
29.8870076567
31.4697374577
37.5699195404
38.3614383461
39.2908274538
35.8926463906
36.7263946032
36.8298489584
37.8583497605
33.4234251143
30.2403386926
32.6642395599
37.8314998859
38.5071196928
38.2215449329
39.4317818994
55.3608194133
37.7708723155
38.3992671583
37.5945745794
33.6596112512
29.7671710499
30.9257407554
38.0052501306
38.7918467184
36.7507220286
36.5648133658
39.3367313909
38.6331829661
39.1224225863
33.3314192192
29.3101360091
31.166071713
38.8217154886
37.7485790293
38.8316544651
63.011003723
40.9134559674
40.916275556
39.108661278
39.3574766364
32.7321050959
30.0159108216
30.8419909428
38.1104322929
37.5094412347
35.6926719546
41.1223765453
40.7161963534
38.9081495877
38.7761667011
30.8967851384
30.0720103887
30.1055800895
35.557379552
34.2310607234
62.6816648619
40.9107466618
41.5267241313
40.4294649268
39.3942701703
37.1618823638
30.9868471177
29.3680478314
30.51868504
29.7667634995
29.565695729
39.4831208846
39.1876301883
38.8193931013
36.6419423885
35.0378167638
29.5139662548
28.994745677
31.6149762397
31.4274880393
48.4545519886
31.9687973412
37.3467548259
36.7917226298
36.7951985609
30.6896063631
31.5399089268
29.1625260559
30.0804157195
33.9106532313
28.1622848516
29.9917272475
31.8750825683
31.651872139
31.3576773094
29.0460187317
28.0958369784
29.2606237354
30.3896215076
35.27430005
55.7036325612
30.0215185093
29.2449795975
29.1393329396
29.4607773446
28.7057812154
28.4436075689
28.3024888619
30.8256263381
36.3579233945
31.1672475876
30.695607581
30.4517718768
28.997607774
29.1984471209
28.8175904133
29.0824248239
29.3680791672
33.6527698817
35.0489138952
36.8055466373
31.1984472115
30.6839720275
31.5910659224
31.9203084478
32.3444304987
31.9857104301
30.0454236318
30.2643700926
29.011670622
31.2984786435
30.4441495293
31.4314887329
32.1082533564
35.7980568739
35.4191411053
34.6206520513
32.9030159616
33.1433798509
29.17560441
36.8315043507
30.0357343114
29.2294609075
30.9016402469
33.0609015188
37.2646447195
37.2674593313
37.5277656098
35.6274185328
28.8961553439
27.4964097122
29.874676695
29.6880577673
34.7054981991
36.1157350495
39.2724397498
37.9449181217
38.9695795968
36.8513489426
33.3496943243
48.7188010056
29.4764071974
29.041346839
29.3578955719
36.5083981374
36.6766791894
39.4632916645
39.8889219806
39.1751983474
37.6378604869
36.1543892633
30.808242042
28.9570434865
30.1118040959
37.1223362346
37.8466746248
39.1554680101
40.2374004541
39.0734256905
36.6176126502
73.3315829882
38.1166219207
31.9225401894
30.478273887
32.1743539615
38.5821854914
40.165160267
40.0792813868
39.8632766158
34.7822025601
36.845738642
37.6923914433
31.0071859437
29.2989013039
30.5046673991
39.5405717743
39.4980897769
40.5511159111
40.9261085041
37.6319110617
62.5132382431
37.3005776167
37.4868114718
32.0644651398
28.003958089
31.3332904816
36.330082294
37.6759628161
38.397910052
35.597445926
33.5620782313
37.2215561442
37.0789721718
33.1017719529
28.703668619
30.7198462619
36.9171078531
36.5961076593
38.8750700412
37.6078554969
75.0199180838
39.8002844719
38.0668352562
39.9592482306
33.7298795861
29.626051389
31.7820368032
37.9086934806
36.956131106
34.7380718082
34.6919047891
39.926078334
38.1754646221
37.811433307
33.72345667
30.1817959768
31.405132653
37.6655083972
35.7954469157
37.1511433246
64.2184419175
40.3555187651
40.7675343551
39.9698133314
40.4443270277
32.499518203
29.655583849
30.1163672056
38.2457248862
37.9873039616
35.8487124476
39.3032794631
38.8269951397
38.312171746
37.3236976381
31.6126400485
28.8943370715
29.883743778
35.4196775065
35.5357011004
60.3454336555
40.1749863793
40.2313136207
40.4848188874
38.5172342856
37.6420440599
31.1522607109
29.48028241
30.0346748376
29.0244361527
29.5241961003
40.1229352149
38.6701834066
39.5211681566
37.530529508
34.7389787941
30.1405682008
29.041629759
31.3361982062
33.3668654067
68.8972150398
33.8635351195
38.2215465192
38.4120914269
38.264484501
31.7520559785
31.4520511766
29.4524716483
29.7257514224
33.9998798034
27.5013753906
30.0738361187
33.3493011566
33.2629146468
32.9756951843
27.8062037163
28.6575294728
29.0756007337
30.6439348046
34.8992915658
52.8067105711
29.7668399813
29.2643239094
28.9348002903
29.11397909
28.1318089868
27.4835293089
28.8353831425
31.0290025738
36.1380718275
32.5447537451
29.6442877004
30.0253802149
28.204029989
28.9734067251
28.522538336
28.78841128
29.2818011908
33.6116700814
35.6235881398
40.1997980019
31.6385430545
29.5514642857
30.2139022108
31.3706634233
33.1654857025
31.9253720304
30.6371521022
30.3154368024
28.9596979116
31.6092444282
29.9800952406
31.2104526212
32.5972194035
35.8955017623
35.8879927596
34.7239091239
33.0822353135
31.4982199459
28.855269665
33.9665774391
30.2162408304
28.9637491754
31.8334544009
33.4178986845
37.8624533649
37.9554490491
38.3199788168
36.1270437345
27.0143796709
27.3741663644
29.1424995107
29.3559734148
34.8593667179
36.2521880592
37.5772883791
39.0211320876
38.1237353933
37.4844472297
33.7440125564
54.8000909361
29.9750733357
29.1429340995
30.6437743472
36.1579827945
37.7287632022
38.9926405249
38.165537247
39.0883360889
37.551879902
36.369459288
31.3027241149
29.5926844778
30.8552780483
37.3843751164
39.0642955081
41.1781482769
40.9692838268
40.3398786621
37.6774857635
61.1841085223
37.076815228
31.6766755015
28.9794557305
31.1844380224
38.6787000596
38.7912504071
41.0511318666
40.4263544916
35.1226272892
36.5999703897
37.7451794593
32.6601700861
30.3754364658
31.3655962569
40.0549768832
39.4082855162
40.4217385933
40.9302858579
37.7648105313
69.0666571689
37.8170486831
36.9983037632
32.2929890052
28.7869452226
31.520172263
37.6672018523
38.103810764
37.4694747169
34.3314344186
34.3169361833
36.9479391933
37.0370095256
32.3031111379
28.6226279303
31.4113298955
37.9547568152
37.4210853078
39.5620776622
37.8881995422
77.8007286708
39.3571813109
38.2616637485
38.3772895497
34.0223022514
29.6424359967
30.9988358604
37.6861478209
37.2709081019
37.0546234345
35.9381274307
39.7994334533
38.0617017607
38.3842804581
34.1348163852
29.6340594052
31.2297430933
37.8425086174
38.2801245195
38.4793484618
65.2207715815
39.1114264702
39.1967244379
37.4866426397
38.7738487546
30.0598787931
27.377024993
29.1109047881
36.0128403008
36.7542981599
33.7773368967
38.8571877807
39.718061681
38.8048882948
37.9184365052
29.6995870549
27.0313062515
28.2134675402
34.4111186464
33.4241311382
62.4457986818
40.4313758261
39.7351320484
39.7696498614
38.5600366513
36.7180748451
30.5218755198
28.7232241941
29.2113289924
29.0321123373
29.8954717288
38.7468466092
37.7640592268
39.260178147
36.1422566437
34.3518016581
28.40985798
28.138560126
31.2672087732
31.2864072108
64.721597306
31.8917514523
37.1048069087
36.7921729168
36.915915566
30.1171229286
28.6911799421
26.8937917294
27.849341436
31.2672774057
25.7804618875
29.0123946286
30.8877710627
31.1701781767
30.3772942992
26.552643484
26.3467914956
26.9933946712
29.0691834098
32.739819463
55.2780774162
29.7797706328
29.4732494759
29.5767547834
29.8671677361
28.9382937297
27.9591428232
28.2463144718
30.3322359361
36.2370757272
32.1318178718
30.8884394794
29.701245477
28.9076411784
29.638865311
28.848568953
29.0620533761
29.3818873094
33.4636195489
35.6220654414
52.2492903036
31.2916417393
30.6276440729
30.4412396157
31.5066072835
31.9311067657
31.1068226137
30.6164749619
29.799383908
29.4944099867
30.7422354862
30.0322618459
30.9998250533
32.093301206
34.7335461802
36.7040202292
34.2017354202
32.5626350093
32.8556053022
28.6892703476
39.0477116017
30.0757975631
28.8631237035
31.6968942411
33.5497237863
38.739868599
37.1364325549
37.5948602983
35.2840502283
27.8132672007
27.4222269353
28.8721813486
28.7072364896
33.3205586958
34.1030646077
37.8932917171
37.8472762746
38.2012674391
37.0808779848
33.6084673063
51.1894180848
29.6264564172
28.7744737242
29.3191028373
35.3950932174
37.8768728145
41.0784274862
38.9011103875
39.0634322935
37.2329379862
35.7289222981
29.4993602949
27.8801607901
29.5588263499
35.872016987
38.5616569967
40.0937268206
40.5255986509
41.3029542331
37.0977841865
69.6386848707
36.5305734739
29.9607959493
27.1560643992
28.6626956623
37.7119848151
37.6429548177
39.4658480873
39.5354072539
34.0824302417
36.1173835794
35.6378417654
30.4876189945
28.2115989307
29.4087052145
37.7888612813
37.5575313742
39.8044661547
38.6460167483
36.393889628
60.7081861384
36.0306977301
37.9685934736
34.0729515076
29.8538437682
32.5973705242
38.4129499049
38.4179440173
38.8743798475
37.0234924912
36.4196306715
37.3427526839
37.4697187214
33.1399694242
29.461467556
32.7409008568
38.3189265566
38.9078379544
39.1029586549
36.8153733398
70.2617115651
39.2529050651
38.0036960783
37.4123611902
33.5776539521
29.5960715641
31.9412211192
37.7547637407
37.2036077287
35.6412032221
36.2367584533
38.7004990539
37.7894167863
37.7824079188
32.9825047008
29.1210651207
31.3115836435
38.4668466368
37.2617598287
36.2494926934
59.6385273197
39.3867968482
41.0967496911
39.6729407039
39.6319898848
32.0948227205
29.4354559077
30.9992043964
37.4155657731
37.9298095959
35.1201653531
40.0073685303
40.1712992743
38.2979729376
38.7169945327
31.7612427258
29.1280080237
30.439931972
36.312113723
35.5602633278
65.9831577733
40.1816142517
38.8812436613
40.6272964808
38.7307175379
37.0204016271
30.1944636907
28.9689685316
29.7756141701
29.9395769277
31.0674758663
39.3280002293
39.4432013414
39.8666141701
36.6353026338
35.448246968
29.8276058758
29.3788897596
30.8403007627
32.7834937217
64.9521137427
32.0450826433
36.4701453796
37.426356042
35.6298470794
29.0651590221
29.1878972735
26.8260778205
27.330358499
31.3139337918
25.8997947214
28.4233918324
32.1775974508
32.3367564942
31.4112996693
27.233664444
27.1490184965
26.8312491983
29.3141292628
32.8390668898
48.6375627487
28.812997108
28.2114934183
29.0467860875
28.6271448076
28.97011929
27.8855224792
28.2836921814
29.89283297
35.5425027077
32.0860627305
30.0710669573
29.1983777866
28.7912622094
28.5626117632
28.0604434792
28.3288355572
28.3368559467
32.873864774
34.9069991941
45.6456838468
29.4329798781
27.8216436373
27.8759574201
30.5968125128
31.675155041
31.4161088383
29.1190980348
29.0409658968
27.9434561793
29.4820793348
28.8475632296
28.5550913087
30.0992267463
34.0027804294
34.1158638727
33.5391596279
31.2169483082
30.7652624446
26.2769741394
39.939482559
29.9016459272
29.3378009794
31.0089592758
31.8384511034
38.4902286397
38.1644878272
38.7564487107
35.6702305937
29.1340095173
28.3539179156
30.0157344235
30.1519580472
34.6369711669
36.0219873443
39.6785734067
39.3633415766
39.1845771606
37.9132324101
33.7466191288
52.5267371817
30.8431589625
28.9965333018
30.5530149247
36.9622527665
38.7732700453
40.0557590861
40.3356103906
40.3465369637
37.4583383214
36.5252626852
31.7735505765
29.6542315224
31.1293700545
36.9435523005
38.1461052777
40.469779462
40.343392707
40.3726288661
37.9550228383
61.3968905278
37.5238100498
31.6547051463
29.8732287359
31.7438953252
38.7034329681
38.4735107396
39.7011955666
40.3542125364
35.8092572779
37.2326185501
36.341614582
30.823755331
30.2949077722
31.2365783087
38.5870346532
40.0425230817
40.2416853007
38.5852522605
38.0554868633
71.7394103345
36.8188929704
37.3586543562
32.7202064629
28.8744798553
31.7071133006
37.4728369186
37.814902993
37.6867366507
34.8984778662
34.833357988
36.1657236136
37.0317159631
31.72573519
28.1834770616
31.0657187692
37.0398762021
36.7893868929
37.1490064035
36.2893693459
71.0330025205
38.8753646292
39.2700732689
38.9130264278
34.0485787508
29.3067949005
31.659405472
36.9603946888
36.7721419991
34.5767904393
35.7102557022
38.9958946636
39.1598718788
39.4662455107
33.7739767489
29.4546160788
31.1974799156
38.4777940516
38.159243752
36.011327816
69.4256765018
40.7072329591
41.2279871683
39.3429374945
39.9776743367
31.1935425657
28.6603865053
30.0024205385
37.8044287754
36.9442171322
34.8677573785
40.5652502875
41.65585111
38.9242668874
39.5490493182
30.9277089312
28.7662950517
29.9077578045
36.4084212263
35.080254717
63.9988148139
38.3433296958
38.5918376581
39.0534053515
37.4462307814
36.7269729567
30.259513783
29.0711594664
29.6914780326
31.3952415077
32.3462483941
38.8664866877
37.3309456971
38.2313985243
36.0637773607
35.1598379333
29.5470977598
28.975270819
31.0997431809
31.8694828044
62.5943971545
33.9411969282
37.6443562175
38.0881551446
37.8542054622
31.0973311122
30.8044501791
28.9026409714
29.5472481861
33.9320370927
27.9977274329
30.3596037991
32.9424875169
33.0581453558
32.3225181971
29.0165134367
28.1150540121
29.1250697314
30.1546440193
34.6421319501
62.9961429187
29.3694431697
29.1730004031
29.7585055792
29.8186231387
29.0938458098
29.4292012982
29.3943199997
30.8547586371
35.8033541145
32.5398600211
29.7242407855
29.6563422049
28.8621834835
28.3927665304
28.956956056
28.1700003445
29.5274987986
33.3651147512
35.8778465472
47.8926581127
29.1308594929
28.2013247582
28.3380750704
30.1831266128
30.5848225503
30.5410394837
29.7511548575
28.9651163034
26.8720397608
29.3734030533
28.1890768291
29.5301076646
30.3644847055
34.8809020079
33.9805228416
34.1410069996
31.5519191662
30.6022849002
26.6648162042
35.9226347393
27.9655335937
27.5494587867
30.6357348453
31.6205030475
37.6735608392
36.8313621206
36.3140022386
34.2807253753
26.0154392898
25.4306439016
27.918356718
28.3165988701
33.6989490429
34.1098065888
36.3953406293
37.5643713574
37.7910695283
35.7248887052
31.9219918366
58.439632639
30.0337160787
29.4823154609
30.5943159536
37.3222721698
37.4792233774
37.9011450983
38.7269152203
39.88290623
37.6580227323
37.0930562734
31.4012451037
29.5058775912
31.1545925816
37.9720856293
37.9945569904
40.437914527
39.0957260892
40.3206050875
37.3850604559
52.885047126
37.1885360384
30.9949065619
29.358891416
31.5430041465
38.5726595451
38.2552641933
39.7351430291
39.0571537311
35.5264156348
37.6586017144
37.3165244319
31.8963136663
29.7607143929
30.9714895192
40.1648533586
40.6272058388
41.8859669409
41.6747478766
38.2282369507
65.9599361375
37.0897129596
37.8983081591
32.9840414721
29.9747242531
32.770126661
38.1542731007
37.6871076382
38.7414510822
34.2887152343
35.2939616924
37.1285264941
38.1381054025
32.0778145571
30.0244293354
32.5050108676
39.03471151
38.2265651243
39.1500556959
37.5952333708
70.7402522655
38.8072790455
38.5819655107
38.3172399862
32.9163328495
27.3823967858
30.512924954
36.7554348004
35.8692237415
34.9101450937
33.5938986593
38.3825479689
38.0034091953
38.0641105467
33.0239765167
27.7977181718
29.7836420837
36.2397816835
36.33447657
35.1043593564
60.9937454842
40.1302824273
40.8656896491
39.3606598707
39.6885134069
31.9670002688
29.8273549018
31.150557938
37.2396555291
37.6412987339
35.9766753609
39.8093447435
39.1022998317
38.9112916764
39.3563414774
31.4833373379
29.005683987
30.2309886739
36.9719943363
35.6069081211
63.6969199589
40.6133481547
41.0463888389
40.535052241
38.2044051105
36.5776679528
30.8623647967
29.131303746
30.0470295759
31.8266327966
32.8022306857
39.2314969549
39.068716808
38.8303416031
36.6267584863
35.1417600035
29.0252738247
29.2237178151
30.5817478931
31.9319591543
61.4142847828
32.5487190393
37.0683849362
36.7565651751
37.1218784566
30.1213194911
30.0160355348
27.3174644313
27.5287211274
31.3989794906
26.1261058128
29.1735292329
31.4037761534
32.151923553
31.889620321
26.7809784888
26.957471241
27.1851441196
28.7612432146
32.9354913346
53.9568807976
29.3639680261
29.579494615
30.0794490262
29.6225430803
29.5275662767
28.5849556071
28.2752701738
31.0788852515
35.6874018584
32.4081879921
30.2092254809
29.9501729812
29.1725188899
28.5604169844
28.4613582801
29.2264230182
29.0446670215
34.167714155
35.711391821
44.5758157533
30.4486171289
29.5503505672
29.494089082
30.90462785
30.8073183414
30.1712732983
28.5545685114
29.1173113528
28.3252806679
30.0798642696
30.0373761417
30.9735350784
30.9799548509
34.4020323534
35.2278121931
34.5593795918
32.6122789994
30.9083660819
27.8345421412
37.5653848029
28.3161213536
27.4259347833
29.1814181996
30.6117692747
37.9526696106
37.9815791176
37.380494745
35.0575901848
25.6182382483
25.7570703829
27.9127900797
26.9893161658
32.1425330214
33.1432714037
38.3486259161
37.5314621327
37.6274444427
36.0248926733
32.2713344833
50.5687671132
30.5362733571
29.8125719016
30.3910503559
36.4754557952
38.1362815503
40.5640134145
39.3199729805
40.0251299406
37.0322247958
35.8525655
30.9144977297
29.515138063
30.6686724173
37.3148304473
39.078440108
41.3959658994
40.5646355445
40.945937285
38.7484741874
66.0300331209
36.0004612027
29.9961241775
27.6498973563
28.9540667161
37.9324492417
37.2023507984
38.7846386861
38.6892205133
34.3451825031
36.2954278638
36.3315277021
30.1536458631
27.8490900156
29.0723666089
39.2903831206
39.0160872981
39.6251106391
38.4257655206
37.616648508
71.4216423126
37.9137081613
37.4481882514
33.1153572115
30.4311708673
32.7586408733
39.193275807
38.7878893587
39.6213253381
35.2815916877
37.0301922089
38.2899249563
37.6192213566
33.117546594
30.4124431975
32.0090245905
38.6348109981
38.1167260644
38.7521235282
37.0705299335
66.7765539027
38.272997042
39.0448786501
38.0715646815
34.0232456557
30.0812747564
31.8647219185
38.4839743549
37.8204501585
34.2224804142
35.0551874921
37.9649590444
38.8706848443
38.3868483428
33.3906091955
29.0880111422
30.5898047367
37.5082955832
36.6656466393
37.0906773143
77.8280424935
40.3726480545
41.1108504383
40.2912269114
37.904297318
30.3369946628
27.9617712089
28.9077790019
36.1031751412
36.5733692063
34.1020247813
38.7556955789
38.8424677123
37.3701682732
38.3324143792
30.4187028774
27.0535065823
28.3808916641
35.2379722147
34.0863520509
61.5146193261
40.0106806305
39.8477537117
39.7234002359
38.2812426574
37.3039176175
30.5515064485
28.7593378137
30.2063111458
30.6325587946
31.610069636
37.7128188068
38.4900344085
39.130962183
37.4457431457
35.5183724296
29.6938581461
28.8411564441
31.000291665
32.8046395648
65.8257419169
33.141901147
37.0522154922
36.7471870016
37.3829065636
29.3134234256
29.2705797087
26.5822088711
27.6798659254
31.235626407
25.7761009471
28.5407080016
30.6060211657
32.9330777733
31.1442841975
26.8163680639
26.6463102049
27.3635652536
28.9195731955
32.7291983986
56.6384269319
29.6101713033
30.0294965479
29.8241974318
29.2339188366
29.1494423557
28.6730304912
28.087773477
30.2026279285
35.5855964551
32.3345668108
30.1783913744
29.5684482288
29.2237428204
28.7102244665
28.317788096
28.8014262908
29.109360437
33.4979756963
35.418254227
41.4571305846
29.7172955386
28.0689553706
28.0228895952
30.04265972
29.4228490279
29.3925853898
27.3482251428
27.8195340235
27.5372505295
29.6359993594
28.8745075662
28.9057155962
29.8209323264
32.8549532289
33.2475188862
33.4217045346
30.323038361
29.2838000674
26.4889619663
35.0922390602
27.9053038777
27.7894161524
28.0022566615
28.6820064449
36.3875445318
36.3759660752
35.2812182928
33.2605864677
25.6170275371
26.0587757689
27.6034151652
27.6963114045
31.3371688452
32.7348599647
37.6491446607
36.0542594707
38.3451835932
35.8330684414
30.6764019192
54.6118325415
29.439800882
29.229745868
29.9555488981
35.6806949357
36.520529632
37.8460589018
37.9076045908
39.0966753923
37.3003350352
35.1626944744
30.1512496046
29.2031262648
29.8457550526
37.0959727797
37.8403042526
39.7979641864
39.320025238
39.494288851
36.2209423501
61.4564066612
37.705900246
31.2717871955
29.6877564716
30.7324947972
37.5535878889
37.9815634064
39.0720368181
38.965223044
35.7539390521
36.4721423155
37.1414309121
31.6410611255
29.2246510866
30.5006852154
38.1472551462
39.4048761757
40.3067620338
40.3533204629
38.5456465664
62.2378263444
36.6241127342
37.9244288544
31.545441239
28.6120266796
31.2720570284
37.6983972759
37.6818822032
38.6932875238
33.0988320506
34.4293369633
36.9627065739
38.035027829
32.130170049
28.4200424823
30.70159268
38.0815228493
37.5187708059
37.9020785668
36.6779443289
55.5944884077
38.7727466094
37.5593803466
37.2762029725
32.7521609242
29.4878639914
31.214857634
38.1702611286
36.3824975996
34.6374385602
35.1310930134
39.3389828628
38.9609876068
38.5807184173
32.214718287
29.2565462478
30.4650710801
37.5550099809
37.0745077963
39.0273546046
66.0192947271
39.6941679458
39.857113112
39.2713521037
38.8162286694
30.6114675385
28.8996987199
29.8718298152
36.9959500925
36.9226806991
35.384604305
39.9240881095
39.9469405799
39.0409517103
39.7295714692
30.6619774945
28.8980261938
29.4615943643
35.2719768103
34.9284820164
66.6913744354
37.9259511624
38.5975382704
39.1158130477
38.0028039666
35.0647956607
27.674129342
26.8730327241
27.857199049
27.4387706286
27.8646448986
38.1973041859
37.9285703384
38.281607566
34.3114024138
33.239838562
27.6112099045
27.1480456642
29.7070882401
29.6420820833
54.6945266621
31.2512273384
34.6339869139
35.4804535373
34.9865566197
29.3447977487
28.5700849839
26.3429305614
27.7415996684
31.3535085606
25.3909946335
27.5577699854
30.0640188824
29.1984118878
29.700869911
26.3481556396
26.6578537536
27.1710707462
28.9704376717
32.8171546693
51.2617568681
29.1102706414
29.2115130823
29.9984241263
28.8085300876
28.7645034631
28.837943669
28.2232148258
30.6061422993
36.4417179106
32.528805865
29.8536470649
29.4710082148
29.0469509795
28.5775871703
28.1893316524
29.3765209959
29.2374267056
33.0786871257
35.3053750624
35.9093636022
32.1588705986
27.9242551191
27.651400628
29.1194456941
30.5008889323
30.0832784947
29.0429454685
28.821803688
29.3690068887
31.4233622053
31.1843278759
28.6031987587
29.0261431338
30.4392639391
32.1091417
31.1865204386
30.1121949212
29.078914626
28.376418943
34.5204813246
30.3049589707
29.2969317144
27.9828797562
29.6744083722
36.8096518382
35.8451591125
36.0770148199
33.1868739957
26.9398611511
28.0095024357
30.2560269023
29.7262751592
29.9799322053
30.6005246406
38.0539767022
38.4058243227
37.3400089638
35.9718302551
31.2146808551
50.8410896354
29.362072437
29.7791509786
29.6646882625
32.8713625166
36.3185029481
38.8149073473
38.7993148345
38.7227735649
34.0129778245
33.2638618978
29.5834695245
29.3007260039
29.5891431764
35.6866324157
37.1921933281
39.4443962109
39.1261362533
39.1350322425
36.1863047857
62.0223798661
35.79525917
31.0563516836
28.5977450075
29.9847618733
37.8586410353
38.8414084868
39.5477726046
39.4717698924
36.0360637257
36.5113575327
37.2808438456
30.9464623031
29.2022685055
29.9310528933
37.9502958096
37.3314711054
39.0344511522
39.3109384477
39.10655544
61.4338134008
37.7062991008
38.4439687494
31.5830604508
29.8915628813
31.7267611203
37.1865378
37.8340946855
37.854107083
35.9351845961
36.3949968752
37.4982469769
37.5849944864
32.1523819897
29.5549779082
31.4920322808
37.6685302331
38.4285007185
37.6962186214
38.5671497967
62.2428938539
38.0603487837
36.9934034667
36.9792730054
32.1757357567
28.6972008359
30.1452845901
35.9053949797
37.4873523413
35.1889764064
35.7777557756
37.4831135346
37.3061298061
37.6206697349
31.3355750566
29.184083865
29.5278645431
36.6924813025
37.1035758019
38.4451862718
65.1893073778
39.8140575684
39.3329878863
39.0147469437
39.6611594407
30.4499853277
29.2441528259
29.4393567672
36.3168167559
35.0721968283
35.734972678
38.3673351062
37.3709833207
38.2281268176
38.2007890972
29.5325371018
29.1704286918
30.0212890869
32.5015574627
33.2272330808
64.6035186764
38.0325923136
36.6325946063
38.207722698
36.6236585895
34.4610460873
28.9485687524
27.9892975819
29.6239457829
26.7486305404
26.518522574
37.6944642437
38.1342674924
36.8335769105
35.1773959958
30.1510395886
27.9391820238
28.1785884596
31.8406036591
30.7213187725
56.7150327552
29.9207302866
34.177898735
34.1179601919
33.6780085316
27.8046134203
28.217681884
26.9678299776
28.694101294
31.6871737923
25.8562402671
27.4219819076
29.5063573126
30.5689549259
29.2444622072
26.6030814262
26.9499515623
27.5350810383
29.6814736599
32.7768590913
46.149281907
29.1199339786
29.5105771311
29.533478015
29.1853726155
28.2886258221
28.0489268597
29.229100805
31.6740879014
36.0876900318
31.2576450471
31.5706040444
30.8107778855
29.7263428711
29.4280290884
28.3418657098
30.770769283
29.4954449772
34.2102687601
35.1632240724
43.2263753601
33.5460926926
28.5732244485
29.1168129437
29.4861475879
31.0760176491
30.3456308864
29.7858091009
29.1125597215
32.1600648305
35.1212205558
32.1478774985
28.96886481
29.2832750051
29.8732438114
30.1810659001
29.63138864
29.0121613413
28.5254892438
29.8544212272
36.7362275954
30.1261385567
30.6334482761
28.8405079603
28.7832115256
35.5844740242
36.4159835199
34.5747388698
33.5829411659
27.0687202749
28.8706462002
30.5210577207
30.9866691206
29.4268966707
29.7082435156
36.6418401732
37.2578236629
36.5524508372
33.61162361
30.7305640415
45.9461588254
28.5527155502
29.8605300884
29.9822345558
30.4065086344
34.243027756
37.9709074265
38.4936296251
37.5995869412
30.1467381256
28.8275880386
28.8694531227
29.3119986776
29.7370356133
32.0349909871
34.7731867715
39.5958020274
38.2456932467
39.3586134499
33.8036075614
43.0739184153
34.7768944916
29.7301420556
29.1092287561
29.8315739145
35.210115995
36.0919628547
38.1347035967
38.4666774233
36.3210133153
34.0782871649
36.3054723491
28.9644707803
29.4128516862
29.9321077286
35.5621623658
36.9850509423
38.2601622206
37.9607391849
38.9373586734
64.9560024821
37.7602801586
37.674633703
31.3665564401
29.424719949
30.6497885997
36.1696545422
36.7319740238
38.2741839524
37.3603407759
36.3706917389
37.9915449559
36.7904850259
30.6408261959
29.4978654364
30.9379207543
36.9567090078
37.28646128
37.790303384
38.9091992817
54.1219022173
38.2769875057
37.7714242488
37.6181968068
32.2156786149
29.1544987946
30.1010238566
35.834676205
37.6324386226
37.2204337948
37.2860924285
38.6774410506
37.0737360238
38.1611332071
31.74652831
29.6074615647
30.7472712964
34.8079116875
37.1890331671
39.573297255
59.4133994944
38.9000823739
37.9710452653
36.5288260209
35.9929474222
28.6120161882
28.0162942095
29.6366852218
31.7399814024
32.2499005127
36.4106236166
37.9209096893
38.5214677769
36.3564806442
36.1727080557
28.7778790792
28.3346538512
29.4433047626
30.0421944711
31.3546207733
59.4920675907
38.3529410845
39.2123601685
37.9760637193
35.0762451515
32.1387061981
29.2116639995
29.1535865591
31.8332958527
27.6582033812
27.9042993784
36.1329069659
36.5850224673
35.5981260439
33.2669110224
29.9167906335
28.5480728976
29.8716617883
33.0109306707
30.623648993
46.4770065128
29.8626182314
32.1168480824
32.4707187147
31.7134248049
30.5942815845
29.7790780329
29.8185230318
30.5435562969
34.5801422679
28.8128761999
29.826606952
30.5966431277
30.5843461614
30.8725795404
29.5082069921
29.929258852
30.6173004397
32.1110353189
33.9528128451
51.0302577088
30.901544396
29.7350428383
29.0820499194
29.5185705602
29.1634626603
29.5948234537
29.6809695172
32.9505813134
35.1108031026
27.2790536795
32.6237496778
31.0791255222
28.9542515244
29.3594937868
30.0690868223
30.1263231222
30.5062609277
34.5110592125
33.6099410979
34.5057255704
31.470563741
27.5657484251
27.5956060025
26.2660685849
27.9211851864
27.9155997118
27.4158899782
27.2653719208
32.3850439777
33.8592995032
31.2925102968
27.0667903538
26.7288681952
27.4086578612
28.1476748959
27.6005572682
27.7528594939
27.2820361415
29.249140019
30.8230619502
31.9888881747
32.181952865
29.0903171992
29.019137745
31.357709904
31.7986523321
30.9610629091
29.9954837587
27.8398263139
29.8670017714
30.8042606016
30.8879491555
29.3891800413
30.19094348
33.9263379219
33.8845280596
33.4156437428
31.7815128733
30.5393369123
42.6188300738
28.9371540626
30.2901377218
29.7917618895
28.7802299166
32.122687866
35.3771327643
35.5086749686
35.3503787618
26.7517673212
26.8957149221
28.5328312467
28.9564289478
30.4229535337
29.0529152711
34.0165883955
38.1978796535
37.8351997285
36.8194805896
31.5393970926
57.9373599491
30.3316110515
28.2973932563
28.938716196
29.7042118353
34.0066725094
33.3526612164
38.0818896682
36.956845407
36.5854476626
31.1360283741
31.2133410333
29.050872544
29.6448126257
29.714686287
34.9053746351
34.5059158088
38.0005889583
38.1892517979
35.9977769938
50.0498281633
32.1833380313
31.7882998426
27.9491684455
27.5829732549
28.8974069655
32.0508914425
33.1834691976
37.2950318289
36.5428493342
35.4621339073
32.4001552778
32.4362553786
27.4876080862
28.3703478798
28.5151706379
31.9171794268
32.5190895773
36.8287647805
36.4754106957
67.1510211738
38.417158242
35.8395673921
34.9206897594
29.7261814248
29.6053477929
29.9470436282
31.6613368004
32.0164314863
36.9392919136
38.4335586484
37.7153223424
34.7156039257
34.6334757953
30.4497403853
29.3010284477
29.9859082556
30.5959853394
31.1443019533
37.4893865669
56.0452412201
39.7419731911
37.5626890911
36.8701930727
35.4776734427
27.9947566153
29.0309541226
29.9729092337
29.8074686977
30.0151416207
36.4402711966
37.8850817799
37.8260025518
34.9312955609
34.6297731088
29.534773774
29.5609539869
30.7308217253
28.6197624973
32.0334574812
51.4066643108
36.6431200515
36.3128816663
36.2421349169
32.6417676701
29.7593090136
29.1157391486
29.8828733065
32.7259024975
27.6807976649
27.665519083
33.0607607769
32.7575244043
32.8011658867
30.1491211674
28.4337174507
28.9270878271
30.9301760773
34.043857641
29.5966470834
58.341543669
29.8030859441
31.8504206338
30.9717084515
30.9354291674
28.098248512
28.4382574785
30.051845638
31.452649779
34.3786666738
30.0507602821
29.4283230231
30.07236683
29.6697378565
30.2790350679
28.654572274
28.5343954807
32.320782843
33.6378122839
32.9183322877
43.9054370887
31.8575099635
30.791053301
28.8265779674
28.8050063755
28.8984023309
29.4694254334
30.045652084
34.1609416688
33.0031819884
23.5300434667
33.8221713695
33.1426052597
31.3324041374
31.1484360347
30.4489311032
30.5275080366
30.7964274161
35.2952399195
31.2880020169
35.2270035307
34.0544689758
29.6325523031
30.0763707068
28.6856539206
29.0562684487
28.4681777903
29.2497972422
30.0009167597
33.8653651294
34.5429553233
34.2757752334
29.5020866457
29.45734119
29.2600674484
29.0427404294
27.9725903395
29.0461997765
29.1543366589
34.1949748042
32.7079321197
32.8417596702
31.0511395899
27.8664594917
26.7158347444
26.8062201181
26.5086132321
26.7418389605
27.1041910724
25.0358220485
29.8189985382
31.7377307175
31.1960483909
26.3205794953
26.1777674774
28.3584421517
28.079212408
28.6131837647
27.0489463982
27.5498373149
39.5641097139
27.6066939449
28.99799296
29.6632901659
26.0601660502
28.3881708997
31.064036185
30.5614954656
30.6446897408
29.6166744916
30.3741382285
27.6458582025
27.8806504697
29.6845468114
25.9149331052
29.5255869906
31.6120800956
33.1840325528
31.5225285122
28.2630078786
45.3917741021
25.6486309566
26.9812568109
27.4439152038
28.8212067804
28.6071027972
28.6547218689
32.8336350955
33.7852068195
29.0455409722
25.6936678732
26.5543064107
26.8731484951
28.2354414434
29.9701363294
29.8157755029
30.6975866124
33.8647960003
33.517049889
30.7303202403
53.4572235343
28.685053645
28.6846236172
26.5629039247
28.4035958091
30.0245182523
29.5059306529
30.5767460954
34.510927982
31.2200352938
30.2815583962
27.2296822643
28.2343809831
26.711867174
28.004564228
29.8004511293
29.4737014204
29.7000576781
33.7254368267
31.8489502474
53.0545448867
36.2043319765
32.8278901657
32.7346780069
29.3630765739
29.8615113732
30.919793845
29.6330325723
30.1214851206
34.1576501522
33.8294660685
34.0166604223
31.2363611967
30.5567994857
30.0885662529
29.4354929479
31.3403415256
29.4240882329
29.8190680099
33.3597223176
52.4618918167
35.2156048387
35.2535933714
31.9520722204
32.537632238
28.5841045634
30.0687357481
31.8278473493
28.6004188448
27.9598960695
30.1661925858
34.6572246608
33.4390341365
31.6006914306
31.8222863126
29.2995929499
29.9476499932
32.2186759417
28.8158251382
31.0361472686
48.8678831381
32.0603016568
32.2227218565
31.6128162358
29.5447096019
28.81709414
29.4786627001
31.1584731984
34.0312824904
28.6879111815
28.665494075
30.9782221833
32.287946165
31.1171527667
29.2981691315
28.2660298437
29.9964776104
31.6456930693
34.4214150102
29.6435155023
47.547076977
30.211913987
29.8130873007
30.0013462891
29.6321041785
29.1450019442
29.0470003335
31.1427877203
33.5102817532
33.3758468743
33.3151062406
30.7113679247
29.1202819078
29.0684211514
29.5067120339
29.5557878003
30.4753902161
33.6111975
35.2798531964
31.6288387863
45.5398073449
30.1599260723
29.316147359
28.8396356264
28.8992372676
29.5271475424
30.8291185864
31.0730527616
34.1212070002
26.9721759468
19.0046825122
34.793700512
34.2066929661
31.2465261911
31.4334179396
32.0486013638
33.082465911
32.3982034501
34.5745692359
25.7201131341
38.7898310474
34.0305185129
30.5235986877
31.3444064587
29.5279497053
28.879108304
29.1708351433
29.0453419273
30.6883590017
34.9388991888
31.7922381773
34.2146374208
29.5750735168
29.6970640207
28.8474041325
28.5744814315
28.611604257
28.5901660567
28.9902606785
34.1663980959
29.0131878864
35.0226964151
33.9790949844
30.3559506539
29.8815089146
30.240022423
29.2956711282
30.0962586816
29.4891054388
28.980166055
33.9938522679
34.1755027417
34.0401813657
29.2123168742
29.2690226999
29.494424387
30.3673851585
29.2224862064
28.9186784
28.4995294976
39.7798472113
31.0884228969
31.1209209849
32.0089396061
28.7683707613
28.7471638067
29.7258698323
29.637445584
29.151958159
28.1575012674
28.1021741422
30.7006295553
32.2548759467
32.0181262957
28.2149298129
29.1455828006
30.061875699
29.8557006233
30.3223530557
29.6213904268
45.7911331403
27.3687132275
28.3455575323
29.697884207
30.0597128845
27.9496800543
28.2707876091
29.2367387042
29.4515701503
25.96725697
25.8033105789
26.2081630946
27.6292393987
28.9806080872
31.0421419723
28.210526936
27.9373295415
30.5169458414
30.116798729
28.9913256007
44.5566459104
31.0509825167
30.4224191332
29.3466399146
30.7524489103
32.783209013
31.4634754885
31.7299656926
31.3500649579
27.7036379375
27.6640688581
29.1276654725
29.0518902872
30.1842195649
30.9918561595
33.1609591502
30.3713482116
30.4050004309
31.4620105768
31.3678254311
52.1044607071
31.1380039142
30.0336735367
30.1158907059
29.2721481008
30.7168179024
31.9404208257
28.8553693485
27.9286388948
28.4410408535
28.5154747984
30.2393300583
28.4647589708
28.1715802715
29.4660296535
30.2207931992
32.3095573609
28.8794895361
28.4666962469
31.2560633273
48.3645068006
32.250250987
31.6457268192
29.8869848754
29.6383839121
29.5508763899
30.3754141594
32.1905188336
29.0050729407
27.5061999996
27.3284910357
31.3183454018
30.6371757909
30.2036919455
30.2168132401
30.2794981331
30.3484147342
32.0003495271
28.2673277905
30.1111838266
50.5297744812
30.4282755698
30.3023022486
29.2623104126
28.9394014084
28.6326072665
30.3756682389
31.9445551262
34.2947483788
30.1139331066
29.5090643741
30.1292759263
31.2410424637
31.0160221138
29.219020289
29.0040706687
31.5874361736
33.5749025514
34.2527410847
32.0870032258
43.5237470122
29.8835810657
29.1144166034
28.6875222597
28.9756928344
28.6234513258
29.496165363
32.9190835551
34.6880086341
29.9863157926
33.3485546813
32.7621713771
29.6219840269
28.7327770485
29.0921955668
30.1864919151
30.9190263591
34.3383369865
34.9390840501
26.2155860056
39.3627412213
32.2570452073
32.0737348924
31.0475082775
31.614535201
32.2941328901
31.6352146343
31.1104343723
34.2745826711
20.8785087673
16.5660601561
34.372874819
34.4267035186
31.9508218329
32.3006961236
32.1030701115
34.8921742996
35.0384463292
32.1432540478
20.1740235311
30.6544593746
29.1906148578
32.5712687171
32.0157633308
32.3479131045
30.4016911111
30.7977397259
31.3457715728
33.4733764408
32.3893095955
25.4406365026
29.7011275188
33.4632763193
32.8574654222
30.77038037
29.5738160269
31.0020764962
30.4833225812
30.9186281252
34.5610018548
26.9818997226
34.5066626395
33.9662892573
30.5455746669
30.6105563832
29.270691748
29.4381043003
29.9471269576
29.6249962538
31.2151039925
35.3847402412
35.0585136379
33.6459792768
30.3958608662
30.7999695638
29.5872531602
28.7413076051
28.8386845294
28.8892053322
28.9810847875
29.868806083
31.6332206207
33.4921862052
32.1253264046
27.1489164563
27.6276828229
26.9754122957
26.433627178
26.3847623297
26.1148556852
26.581808495
30.6066168864
32.429836004
32.3692666344
27.4062701853
26.9485190104
26.4100408646
27.1252425925
26.2644561079
26.0773105257
34.055029675
28.8775329143
31.4165669086
33.8010622759
34.80007526
29.329133942
28.9067618042
28.4223061181
28.6355502731
27.6963161505
28.2117004833
28.4169675833
31.9220555302
31.5375723238
32.6278925263
29.6428650048
29.3147073575
29.0438275558
29.1301979224
29.7421864559
34.2360535052
28.6191759819
28.3685297233
29.9183153488
32.1157091297
34.159795961
28.0848084683
29.1367586121
28.3871276084
26.7556622673
26.5535661489
27.7397561491
28.745051925
30.6247731511
32.4935359042
33.719115664
28.5683658672
28.906712651
28.8395468776
29.0181492729
35.145759884
28.9759491277
29.1247428809
28.9324219026
30.2730248376
32.3562130976
34.3939885092
28.7894643033
28.7761246629
30.8974394826
30.9231507061
28.9637421167
28.2961661524
28.5122928111
31.2346532804
34.0891059665
33.7259260895
28.7512271407
28.4095939983
29.7390330628
32.0890743235
27.6461713502
27.5453227772
26.6663950278
26.5067210834
29.0071535355
31.9810786362
32.2485723565
27.04101339
26.6462271828
25.2361317618
26.1526897158
26.7029412451
26.5834442
26.5954765023
29.9186240568
32.0010736994
32.7136809646
27.1949155628
27.5670986804
30.1608819414
30.2780256826
30.2740887705
29.6869020164
28.8734296799
29.1688406516
32.7450616623
34.1196876359
31.642867328
31.440649576
31.4819202268
28.6356300211
28.3093550851
29.2318124175
29.1096125885
29.1427123032
33.5145310502
34.126890685
29.7888307323
33.6077501243
34.7166855957
31.8541783294
29.5759285855
28.7373643133
29.7035306399
30.5157773036
30.4903340477
34.4342258594
33.9814536662
20.7486094005
34.4015081937
33.1192819941
30.6368961863
30.5506249277
30.7223696004
30.0152677944
30.0519836917
32.9656904857
34.6583578862
18.0026145419
29.3812663793
34.8809356392
34.1104189914
31.2354686539
31.4523629159
33.5571613623
31.7048308199
32.9731904176
29.0460715068
16.6972738987
15.4425657983
24.5917709969
27.7787266682
32.7050299555
32.537881501
33.4065944358
29.9508838057
28.852509232
20.452836197
16.3913228856
27.6789619226
