25.6593046761
26.8744095072
26.8048322435
26.8555613627
25.8580136295
27.0252400929
25.8300140502
26.4913892689
31.5719068736
31.2004215111
31.0653091239
27.9322835697
27.3259081095
26.317160664
25.7848952099
26.3650658177
26.5249820691
26.4969005885
32.3756455945
31.582118613
32.5378890665
31.1349053094
27.1975037067
27.5304196876
26.0286628916
26.286373111
26.2179264579
25.8710183429
26.0810004245
32.4584545753
30.2876126815
29.3078982447
27.1907844243
26.5106953893
25.3433831306
25.9667288163
25.6132805273
25.2935692592
25.4895299982
23.1527676478
27.2985718037
28.5671134047
29.0972085508
25.6647148135
25.8280590632
26.0221649415
26.6197996681
25.7164233237
25.1935806257
24.7758609717
27.5038681727
28.6759052801
29.1870188812
25.4321007333
25.8101534863
25.6355799333
26.1647660988
25.6826295074
24.6047023145
20.5822890801
21.5810037015
24.1692081643
25.6371219679
26.4528990712
22.3687349881
22.9202011975
22.0002474699
22.0966619972
21.1374805662
21.5561806378
21.8534247997
23.6608845832
24.17358657
25.3531295457
22.5347762885
22.3394618092
22.7428916966
22.65063879
21.1956314136
15.2376319412
21.3750375098
21.5289418911
23.603928867
25.3070340916
26.9084776342
21.6792558425
22.5403445568
22.0896728175
21.4875516669
21.331310729
20.9135599242
21.0662081918
23.1532728775
25.0062875885
26.6326896849
22.2662499298
21.944144862
22.0866781693
21.3469368506
16.4194167323
25.1408879663
24.7587967611
24.8248540734
26.3119684249
27.2822254285
28.1469448708
25.2398686147
25.7310109322
25.450227115
25.1427225384
25.1371844807
24.4477856998
25.3609674007
26.7486924453
27.4723608868
29.3602890023
25.6156269089
25.4390863936
25.1698586897
21.1131927158
25.7685314298
25.044436223
25.0440154586
24.9165831765
26.2037174093
28.0089311122
29.3538857854
25.9838331525
25.6984540477
24.2250563453
24.9036413852
25.2039490944
25.4780171356
25.3769044146
27.111794979
29.2511794108
31.1071461537
25.8261144777
26.5657235582
22.8869806452
25.3798342585
24.9368350886
26.2179796465
24.925878695
25.3026711519
28.2171350128
28.1450660931
29.6011429035
26.0282698689
25.935582027
25.6687725744
26.0652498461
25.5607819044
25.3157536532
25.2171919376
29.9616818334
32.0183661731
30.9599801144
30.0195042141
22.461143122
27.2820164573
25.1256244173
25.3579980393
25.1485183144
25.6406227113
25.5878647625
30.0515321607
31.5891241379
23.5338451132
30.4592941101
29.8137258598
26.4731750346
26.7241274548
25.627104608
26.5077302
27.1789225289
31.5289871515
30.3640673493
20.7764157848
20.3532339913
27.4841345697
27.745903775
26.5413386296
26.9370087822
26.9035511366
28.202422832
29.8977676139
30.3337729463
18.9493421297
16.8637389984
30.5357781708
30.5143683172
30.1437584355
30.3138894097
30.7814952359
29.6891555045
29.4397860928
25.0876159078
17.845055917
21.347433766
31.2891419623
27.2984325718
27.6322436632
26.587649313
25.9577274435
25.5770391115
26.2186744396
26.304947249
32.5833404411
31.527895704
31.1624268012
27.4887803587
26.9469593575
25.6583444209
25.9067685151
25.8751160742
25.6721159286
25.6115640822
31.6912568066
25.5977309822
27.6033769917
25.697842381
22.7778401614
23.14397375
22.6148831049
22.6220784548
21.9234737804
22.2916317862
21.9644969109
27.2354907632
25.8321939454
25.4474935971
22.9415155639
22.8186818274
22.0329942915
22.9437574724
22.1799892908
22.1465462901
21.6003089055
21.0225772466
26.3041964253
27.3064565225
27.4407569141
25.5978814836
25.594574949
25.9578546363
26.084308463
25.8632131001
24.3974698368
24.7863301695
25.8451581387
26.1309263689
27.740582785
26.1167950789
25.8552827412
26.1148600614
26.5539182271
25.5563720081
25.4960060655
24.4126035809
20.7473270117
22.5086304649
23.2107990726
24.480776546
21.6747323301
21.8516761505
22.87035457
23.4015561818
22.5066976321
20.7769978872
21.2135991576
22.8515568665
23.1993136634
24.4057944435
21.9442253924
22.0479633116
22.9878734503
23.3157699637
21.8413642347
21.8231824506
21.930236991
21.6216359812
22.7163175339
23.4934139268
25.6537809053
21.9326600381
22.0459192598
23.3781862977
22.733374651
22.4310360252
21.8851759895
21.7062639278
22.9258106322
23.4719655904
25.5786216473
22.0152161521
21.8011493844
23.3848119725
22.6858827628
22.5504037794
25.621526224
24.4429849386
23.8552017939
25.2534916933
25.2072089896
26.9732856758
24.9389141583
24.7687580417
25.7340061942
25.6579247738
25.7435769059
24.3492615172
24.0928176498
24.9850319037
25.4170830329
27.8870739749
24.2601712188
24.7403057115
25.2475115301
24.7351574628
27.2920168842
26.4087446154
25.0328994364
24.764553554
26.1774335913
25.5909016459
27.6442189935
24.9252637717
25.2760046582
25.4271863452
25.9725273678
25.4863400416
24.9789690828
25.4786150084
25.0055378207
26.5129835086
29.0222590164
25.9663105219
26.3862586995
24.5891523201
25.0100254624
24.5927188568
25.2236911081
23.4219515748
23.66379519
25.4507218107
26.6316168676
28.7084671691
25.9868943788
25.6671164292
24.6594007342
25.1323467424
24.269823639
25.1515685277
23.6994537994
26.5330025589
30.5901036623
30.7584158302
27.0991997908
23.0351999789
24.9116779742
24.7390295868
24.2481806804
24.8117738936
24.1691463615
24.093020794
27.6824838706
30.6342931014
28.5325366144
29.6272647207
27.0141700716
25.28446474
25.4573193932
25.4101128478
25.6991132998
25.9064972482
29.6215403923
31.3941232934
24.4513115801
23.3823670666
26.1611069084
26.4193501219
24.2549688908
22.9556159248
23.0795274582
24.3005209669
25.1976644903
28.5757167621
17.4857291654
12.3283728203
29.0617350541
29.3103368768
26.502173357
26.3047883346
26.1193597642
26.9908675457
28.1207790176
27.499284632
17.8990174997
19.1985593042
29.6086613653
25.9926128189
25.6401356243
25.1871448239
25.0548848237
24.925535202
25.4694153853
25.0072323447
29.4327802439
31.4390649169
28.4170717152
25.0186114425
25.2852438186
25.6264980819
25.7224303076
25.4103863678
24.9136543112
24.6144866619
28.5224663597
24.1045555616
28.341488058
27.5922650263
24.9957890449
24.8624330001
24.7198436594
25.1015933799
24.8805323651
24.2692216948
23.8188401595
26.0553083332
26.7610829023
27.7196333444
25.3551731288
24.7329469685
25.7259104847
26.4112069225
25.1782010862
24.1691937472
24.1608303037
24.1814258434
22.1124924704
23.6794233778
24.2248081746
21.8155054168
21.7609471902
22.7226187892
23.3322154133
23.3780850401
20.3232163793
20.3468821735
21.4865755214
22.4743708502
23.1230497965
22.0644621097
22.510777826
23.4008018266
24.0888942637
23.8286811663
22.1394244964
22.8668453133
25.1253433215
24.9519652778
24.9732577647
26.4637438434
25.9130113238
26.5639699216
27.1811080674
27.0610198549
26.5482756783
24.3678179573
25.5236811993
24.9852394423
24.7086707117
26.3799057459
25.5992348525
25.6151166817
26.9237905524
27.4975095162
25.941652002
26.9044313676
24.5156548495
23.8408356606
23.9249278861
24.8241730741
26.0961560454
25.1314301649
25.3106533446
25.9373448615
26.6448345755
25.711937367
24.1675486313
24.4254310516
23.3891575576
23.9923650067
25.7416483803
24.577111333
25.0093511853
26.142926332
25.1390091632
25.3329044108
26.7924551937
25.4281484888
25.3534207462
24.6984230716
24.4267823833
26.9419628216
25.219892806
25.112421814
27.0324889269
27.0186680669
27.199430912
24.8200053935
25.8887428648
24.3742412553
24.4141437898
26.7046724654
25.2285385556
25.3044220704
26.4830189844
26.3733289138
26.5902044496
25.7441453387
25.135151479
24.8176668149
24.1997253994
23.934287773
26.1564724748
24.4470877669
24.0489533259
26.8949096389
26.3302833954
25.9980012868
25.7621995674
24.5889873373
24.5321335212
24.593718722
26.6801639425
23.8909148572
25.3567183649
25.1189491862
26.3983712306
26.3339785303
26.386962944
25.5524871588
24.6023258531
25.3269824581
25.8898185007
29.4985390983
25.0208034437
25.0492463156
25.5923601598
26.2336830769
25.8939735816
24.5438981652
24.6592340262
26.1809360903
26.6152270385
30.4787380956
26.2010023099
26.621996687
25.9589628109
24.8532528347
25.1886748895
24.6502625531
24.813379358
24.6440230947
26.2081544348
27.6062650131
31.3244049114
29.3011593553
26.4605695764
24.8652811142
26.0149835922
24.5366433353
24.929498871
25.592871248
28.9806931595
31.8496208709
29.4107462574
24.3155115961
26.7891767564
25.6014304273
25.3275143774
25.0101339357
25.5703140627
25.0899455037
26.030976642
29.9823983558
28.9294640954
19.7017307519
30.3864618708
30.0691707967
26.7758901822
26.1193316589
25.9526237561
27.1241052215
25.4498734088
30.9922737936
26.6256021936
24.0009431509
29.0884679352
25.6509641971
26.3441085922
25.5319642106
25.9391721655
25.5576361469
25.4630890855
25.193961401
27.4874996609
31.4467488997
28.9485522748
25.7893802735
25.7780095869
25.8943510038
25.5470871584
25.7838566349
25.7780232227
25.3499360025
26.4169350893
25.110861485
24.7161979891
25.3048166876
22.3502185994
23.2941264197
24.3740478158
24.3108881121
23.7258449753
22.6016508273
21.4985461665
23.5862370589
23.5236558725
24.8504684652
22.8463201697
23.0108085464
24.2516792345
24.539209605
24.2992557813
24.1372337479
23.0236028722
21.7446931317
25.0644900138
25.2304290446
26.3689294891
26.1191744906
26.5700621925
27.0525685083
27.4873226926
27.4303609142
25.2744872904
24.7976430525
25.3560247196
25.1604474301
26.3592187659
26.4048107974
27.0491795574
27.1733581597
27.6767947761
27.0901010365
26.1797730666
27.0746386887
26.1062851144
24.0532652821
23.7026613095
25.5783855415
25.7097327972
25.7301741076
27.2410612204
27.1947677181
27.9937995562
25.7601080632
27.0463044627
23.9701005497
24.0340199517
25.2228430217
25.7531265391
26.1696831338
26.9102058991
27.0822154145
26.8225194639
25.5248654735
25.4908366412
25.9098305994
24.457753501
23.5052894355
25.4078828299
25.3809137716
26.407723526
26.8580252163
26.450902385
26.6384395099
25.7585119807
26.0472059526
24.0653928568
23.7325089216
25.5439439494
26.0399662859
25.8694826566
25.657248945
26.4880252874
24.3662795359
27.4735226624
26.387285636
26.357130844
24.299555059
24.0656124111
25.4253594603
25.9626929671
25.9323919366
27.5465846112
27.9497775342
26.6084973284
26.5253187806
26.4833532526
24.5863093873
24.0470155878
25.7234583361
25.8463006304
26.3385759354
27.7483072641
25.5491620215
27.2113818001
27.4245081192
26.549416738
26.643130394
24.4237511737
24.3251990642
26.8513122086
26.1699527011
26.7151517824
28.5616626058
26.7214549361
27.0377254356
26.6076588004
26.2697377685
24.8440579027
24.2704404958
26.7646799842
26.2430008777
25.8772672284
26.3042109405
24.3802935337
24.2950834681
23.8883608669
22.4385833794
21.566967393
21.4824967218
21.8396467585
25.1272148244
20.3743252816
20.5073431481
23.3309917088
23.3346725905
22.693830074
21.346861391
21.1496157846
22.2666316426
22.4190753704
26.5602367141
23.2060056336
22.8167569316
24.5060781683
26.0780110734
25.4874113925
25.0745083137
24.3101250376
24.3812825527
26.0473804072
26.1899740442
31.0170979134
27.0278592297
26.0053145238
25.3944800927
25.514331202
24.706407013
24.569436502
24.2502027706
26.1546001512
28.5796201959
30.7758533596
25.6092323696
25.4507038282
24.9278036964
24.0029869478
23.9790325068
24.6231870129
23.8243491523
24.5747945349
27.465907519
30.7480423087
20.5452752503
25.887077156
25.897474755
25.2708089868
24.788094587
24.5349813786
24.8958535937
25.7415024848
29.2153253088
28.234960284
23.3636054389
28.462257939
25.8789430263
26.1390820774
26.3103756804
26.4260929914
25.7783399073
25.341656904
24.9577499735
25.4140282825
27.4343825255
27.7152923737
25.9187191689
25.1645983167
26.5211174697
26.8927937239
26.8814938852
25.3111431349
24.972418391
25.6476590379
23.9968284539
25.5317969106
26.0559321456
25.1364936933
25.2256983529
26.5936417341
26.8792437058
26.1694266754
26.2651142406
24.2947915654
23.8017850401
25.0634739283
26.3506756758
26.1160516488
25.742608373
26.623835474
26.7477438106
26.8417385267
25.6279999011
25.5106268812
25.3120607872
24.092030601
24.6184225489
25.6477591805
26.3054173386
26.2218785986
26.6907706099
27.0070280361
27.3882621526
25.9447461562
25.3075799732
24.0633025651
24.1419500299
25.646326233
26.7575407602
26.4207696478
26.5852503687
26.4479641546
26.9483782896
26.528741577
25.7721974085
24.3596571275
21.1063474405
21.225873032
22.8333019759
23.7281769929
23.8479361632
23.8567265347
23.7894270754
24.0997818401
24.687952401
24.1962292155
21.6033074726
20.9355284744
22.4188151404
23.3138281852
23.6644049745
23.5346501228
23.451204916
24.4393633462
22.7661357132
28.0727029227
26.9794584064
24.9442047135
24.5182080125
26.674031069
26.7434432277
27.5603169769
26.0450873685
25.5907168352
26.2792664108
27.7984782093
27.5643182093
25.6105488473
24.5857150909
26.3147105941
26.4933124392
27.7682501412
25.818332703
26.9058222655
25.9516343245
25.7463178058
27.1428932682
26.7985216135
24.848404837
23.4994652997
24.6591108523
26.8549399371
27.0805414787
25.9048752781
25.5471584703
25.6065013524
27.1204331078
26.5499474837
25.0142163501
23.9628864701
25.4144520561
26.6670044609
26.7197070355
26.8338607626
25.4205785408
26.2979487612
26.2271987939
27.8267090849
27.695219356
24.7614355446
24.2085149053
26.6306704171
26.0958837179
26.1965695558
26.8213656406
26.4070388751
25.9191098037
27.4075564787
26.8744405074
23.7289341541
23.7695347497
25.6581435469
26.2066460454
25.4508551332
26.0704896547
26.8668329525
26.2252596165
27.1431901808
26.3420689685
26.511168747
25.0274046909
24.1974734573
27.7209393881
25.0956967318
24.7715958233
27.6426217509
27.6783493123
26.7041377773
26.628692582
24.9644955232
25.0890235288
25.2537454205
28.0583080545
26.4041621171
24.9137177251
25.2487037039
26.6348008393
26.8945549407
25.5611036644
25.234468396
25.2502953302
25.4817530337
25.5852323711
30.575030628
24.9596807756
25.1667693531
25.7020598452
25.2192445378
26.0598761272
24.3967735938
24.4410090892
25.7296478461
26.4298059684
31.869987272
27.5653044289
23.4453862659
23.1671148239
22.1334212471
22.0917989013
21.9351823795
21.4035396866
21.5380331951
25.1918037842
29.6412841384
24.5864529257
24.7393298352
24.9727963124
22.5751741251
22.5897649802
22.6011424675
22.5031176599
22.540448012
27.4521337851
28.9327376616
21.0267804968
28.5602792766
24.8452578914
24.8582623743
26.9047459227
26.3186834612
25.7192949284
26.006986249
25.2045633191
24.9366282573
26.3278897764
26.9266804368
25.524376162
25.4078120544
26.483640289
27.0588704588
26.5547477274
25.0575319553
25.8063772129
24.3437308835
24.1563302412
26.2035926578
26.1331890865
26.6586230891
26.7211324183
27.5985416913
27.3158289226
28.055836787
26.5796756906
25.5755476087
24.3237449834
24.8899012037
25.7484570609
26.6759098989
26.9289903824
27.2085017721
27.5680045098
27.5030717471
27.3724233407
25.6523049234
26.4413169576
24.034346377
24.2157052321
25.3277093
26.0073022356
26.6055413301
27.0984390757
26.3096003429
26.5588618464
27.7229555155
27.1554559909
24.0125554299
23.4586558287
25.6263970119
27.0154549274
27.2262834022
26.5048068421
26.0573133672
26.9441442879
26.9740568629
25.7076642445
27.1437121371
25.1318857107
24.3740812528
25.9154881338
27.4940761108
27.7936781339
27.041666132
27.2355972146
26.6689711695
27.9529877106
27.4652512909
25.7288475943
23.8725009129
25.6290862305
27.329932295
26.9817650987
26.4478850474
26.761397097
26.5861688631
26.5948307723
27.5871091942
27.7785539463
25.9401720062
24.535172574
26.4352870763
27.2397397695
27.6277141448
26.3952912699
25.5764423343
25.1340213867
26.9507201
26.3513965014
25.8656182452
24.709717115
25.9181265572
27.1761392765
26.9234460873
25.3407716532
26.5907975054
26.7630969273
22.7850458073
24.0081084886
23.9025606973
22.810251685
21.2287385435
22.8166876746
23.9970629834
24.1861185052
22.1510395222
22.6281996056
23.383928833
24.3403967164
24.4397449089
23.1023748811
21.2456640955
22.7621371214
23.8465246328
24.0560927311
23.2343947025
23.8775806597
25.8038255207
26.4238036122
27.1978403799
26.923576327
25.6471370043
23.9866166684
25.7927713678
27.6097174749
27.3584884865
25.2582519354
26.1534623259
26.3837255457
27.7111826602
27.4339610053
24.4768456001
24.2213879607
25.2315040845
26.9601599669
26.4624643701
26.9881134923
25.962182671
25.993625549
25.3908029818
26.1112825691
26.4562576013
25.0855419491
22.5519603843
25.617349194
24.6194560071
24.4719296952
25.790460037
25.8563143738
25.811188786
25.1226646057
25.9942968405
23.5841607587
23.5954428625
27.5728132361
25.3512123215
24.5913335337
25.9489856125
27.0798710738
27.3631487441
27.5190073148
25.3612731502
26.0652766297
25.0256477825
25.6540396507
29.8263975002
25.341302805
25.0440113124
25.7830245487
25.9458149101
25.8443104304
24.4021176183
24.6469778994
25.6099589401
26.4138045576
30.7136913058
25.9570351098
22.7102061917
23.0123218135
21.4559665235
21.9088740603
21.639192492
20.8206572209
21.1940531718
23.8555543996
30.3975410048
25.9096091237
23.7989021433
23.6884576371
22.6370556523
22.5518750895
21.8701461712
22.8959455616
22.834679689
26.7182464405
29.4038459035
22.4033042787
26.3354235611
24.9551355784
24.9241596561
26.0085963378
25.5195738936
25.2477241229
24.0000015366
24.1778267773
24.633085835
25.7386987871
26.6429462265
25.0700278065
25.667984663
26.8986533885
26.5187951415
26.635464961
24.8572412496
24.7887941946
24.4939512041
24.1577086914
24.9862113758
25.6971136859
26.424380215
26.7352892384
26.9197485769
27.1281037922
27.1212643718
26.7602510296
25.7970551188
24.0650952023
24.4449669154
26.0246001404
26.5108406536
27.2228281326
27.3890800497
26.8026413937
26.8853735391
27.363132953
26.8261522795
25.9448203895
20.9380887023
20.9409292086
22.9370167204
24.7342406099
23.7132922787
24.228933154
23.9456216584
23.871144258
25.0100449253
24.6890933182
22.7939087979
20.9622982133
23.8733278911
24.1456058304
23.8865069688
23.2027660475
23.622449057
25.0123358872
24.7931234239
22.0147394768
23.4108506899
22.1658250551
20.6192328668
22.6932750788
23.4262118896
23.7157874817
23.4265459638
23.3475311842
21.4519052509
23.48235028
23.1447905194
22.1114708313
20.3247704628
22.5152668849
23.7633553143
23.8207931697
22.7847202986
23.1851760992
21.9172974547
23.667819867
25.9781021738
26.1109507434
25.9153817611
24.0887792249
25.9613875823
25.4862506592
26.3636694693
25.7636115759
24.7459854381
25.1456759904
25.6488259192
26.248530544
26.3500610038
24.7110509722
26.0715849876
26.9309085499
26.8475108892
25.805805002
26.1451237583
26.3818772943
25.6135330475
25.9610969398
25.7309210655
25.9816347648
24.3071608228
25.9219364734
26.9071116224
26.1413020139
24.6023523604
24.9961335869
25.9112737345
26.2128319506
26.8433745223
25.6377819568
23.7764088372
25.8015459235
27.1214704651
26.2818908591
25.6590092323
26.3059394575
26.5652971332
26.4201085325
26.9292623143
27.1708729978
26.3240183159
24.7245426557
26.0101437418
27.5322428071
27.9621915977
24.659904435
26.5334121978
26.3690104034
27.1719002654
27.0626989109
25.3781015678
24.6220851851
26.2501421451
27.4227441722
26.5039650579
26.6234940006
26.5718096096
27.2604682298
26.6847445212
27.3202103144
27.2045251082
26.0208003541
24.6535418514
26.3730595445
27.0167719869
26.314595218
26.5741414301
26.0985199928
27.0464729752
26.8107583465
27.4789160974
25.4407008911
24.1438532968
27.2543767522
25.5606602437
25.5735477874
25.6154419101
26.8262155965
26.3568784061
26.9210974446
25.2058051548
25.1831766549
24.612866103
25.1435143304
29.3999723012
25.1497931041
25.0364116492
25.8667584865
25.7514000926
25.6001624821
24.1749292944
23.9557875121
25.1966435411
24.8446107039
31.0228223378
26.1597296169
25.9397020986
25.7128362209
25.5228314604
25.3864167134
24.927898931
24.1651201694
24.3265382143
26.3264370857
32.90122713
29.8542915118
26.6094584644
26.8616236803
25.1724182343
25.0651389689
24.9145615481
24.724621624
25.2787153774
28.3683145262
32.5424157594
25.7381826604
26.9310453584
25.8214068689
25.9373722786
26.4227943359
26.351003095
26.5947443391
25.1291158646
25.0879500253
24.4741570238
26.15898439
26.8887854318
26.0590300404
26.6563376804
27.0886527423
27.0265789793
27.2283689291
25.5864980164
25.7591390526
25.6362901307
24.7407959177
24.6963228955
25.2477403897
26.1561908018
27.0382874685
25.5089993001
25.8361402025
25.7939837318
26.0808632039
25.118418513
23.3585872132
24.5139000968
25.8004824629
26.4588740255
26.9122405538
25.3058646956
25.0917398518
26.1017891566
26.324270928
26.3926286677
27.0819482026
24.2091526277
23.4177578026
24.9973166658
27.1019331701
26.1152038115
25.4179421249
25.0117762
25.6234019242
27.0663882162
27.0635317305
24.7894358624
23.5860726909
25.5385035151
26.3323219836
25.7622054198
25.7767012494
25.3280193988
24.6884124473
26.9119308587
26.477564558
26.2962239697
25.6873387785
24.4799978222
26.5818063046
26.7675416114
26.4840826148
26.0482849749
26.27137347
24.2984958137
26.1568471591
26.9725359492
25.677300017
24.169168177
26.0187438729
25.9374178646
26.1517189119
25.9669038897
26.5649268305
25.1735841955
26.525666095
23.8121967503
24.8914116087
23.7613698967
21.5942274676
24.491463039
23.5469357811
23.980298614
23.5022411421
22.7405622641
21.6900081381
23.848246258
23.1217780368
24.3330989449
21.8974262522
23.8299552042
23.7652193241
23.1014349333
24.1067993469
23.1030396832
23.0620858042
24.98196416
25.6850183255
26.2808073851
24.968718035
23.7575627332
25.8689777042
25.6158984892
25.5586990954
24.0666541942
23.8815748873
25.1313699139
25.847454525
25.5478656506
25.1765767301
24.123436356
25.5212383788
25.3993469635
24.6815468334
24.3600181118
25.5656143233
25.7272366861
25.4603336078
25.9554061222
26.5576463577
25.615634457
24.0110209694
25.3491321174
26.6967753563
27.2621396332
24.8693522462
25.33487158
25.1835547638
26.6642422474
26.2188002927
25.5498935042
23.5966972988
25.956533043
27.6415700112
27.0417156157
25.9897961379
26.2581254638
26.2577309318
26.2015063647
26.8578951703
26.9758909501
25.9123700714
24.2239370845
25.898959297
26.4427989609
26.603368887
26.156961107
25.2501309043
26.427052987
27.3416602917
27.5818309879
25.1690200113
24.2538039686
27.0252180329
25.7993012225
26.4395065148
26.3108159939
26.8869100716
26.5260584611
27.1691024233
26.0866789613
26.0362383762
24.911239759
24.6557830015
29.3702990199
24.7029387335
25.5927533963
26.6094814558
27.229493664
26.1645484824
24.2286485859
24.6568454456
24.9809031213
25.3057723877
30.4725852277
25.3850355257
26.2398708819
26.1934348483
25.1652586417
25.6449977863
24.7789130452
23.2072214475
24.2445395179
26.7034933058
32.4749279326
31.0133638305
26.2009095902
26.8841107189
24.8967973827
24.9671601528
25.0893698125
24.3006816661
24.4586275416
28.4919365032
32.7110282371
26.1152626038
27.389878155
25.8071878228
26.4301661992
26.8028481703
26.7417603447
26.7569059824
25.3965370509
24.9572963496
24.9478677507
26.4709474603
26.0452551926
26.1903547003
26.8101549357
27.2633115953
27.2326465348
27.062371629
25.8696458072
25.2018979289
25.260011587
24.3347227925
24.6369149797
25.1405283116
26.4175484794
27.3585105161
26.2943959659
26.0373642847
26.3709751865
26.2879493523
24.2966388058
22.9485563926
23.7412557128
25.2015921759
26.8130805512
27.1412734324
25.0134743838
25.636269565
25.7639724407
26.5663272337
26.3907371846
25.25289797
25.3492882083
24.1653856383
26.3131680781
27.3651320371
26.7628547766
25.6074475088
25.8553509359
25.9599430416
27.2257856845
27.3413340511
25.7447766118
24.3300940533
25.8192516239
26.5646293322
26.4496704927
26.1363067636
25.9843604786
26.2689960029
27.4678000147
26.1011634332
26.5270573274
25.8660594939
23.8172235783
26.3259452714
26.4205639438
25.6924569834
26.721741043
26.8043028834
24.78786429
26.5340945917
26.4182271352
25.598243119
24.4359167019
26.2722318217
26.1652656458
25.6482746011
25.7166406819
26.8532739944
25.1448561548
25.9502090364
24.4010849526
24.5960253924
24.4682099454
22.1405714409
24.8414543644
23.9628338341
23.8859359464
23.3512211793
21.9866041964
22.5390896524
24.3824289243
24.3892098538
23.8915267363
22.2169466177
25.2625491985
24.635198379
24.8148197615
24.7021333848
24.053677579
23.4726895573
25.6971086147
26.0752451619
26.1048898848
25.0585817527
23.9609083671
25.7433315354
25.5311227143
25.794501537
24.9013807436
24.7430344067
26.3004997049
26.1471953271
25.672380032
25.7300801254
23.6292918978
25.6753319746
25.5219306359
25.8691337812
25.1556234053
25.9078438334
22.9180366593
22.6685909949
22.999034786
23.0996285951
22.4010025911
20.2000273889
22.7938607639
23.3330773136
23.732116824
20.7875125064
22.8582461293
22.6376057641
23.4916632536
23.1589343587
22.557220853
19.6884141558
22.5536951586
24.0648773355
23.6480817486
22.781019448
24.7853839478
24.8601374897
24.7953064927
25.5855650309
25.5023022202
24.5007280351
22.9508935926
24.8855688676
25.6344776008
25.608669394
25.5175290057
24.535491743
24.8074689826
25.2287118527
26.225007853
23.891361725
22.5653975445
26.6382905206
23.9918296621
25.5192723706
22.9304917174
24.1453501836
23.6089587961
23.9251401789
23.2604386455
22.5870859729
21.1000623263
21.4984890964
26.0004749077
21.9455184528
22.4211538401
23.3817628083
23.63506782
23.2218137826
20.9388711647
20.8205355714
21.5006753697
23.0296993487
27.4978267277
22.2585157246
25.7980198529
25.5907589847
25.7195379435
26.2406297968
25.7248385987
23.7059493307
24.4259317099
25.8940130521
32.6748509647
30.5966943283
26.7927344925
25.4127536073
24.9589971873
25.9596636116
25.4949353707
25.3941643341
25.5457859115
28.515238097
32.5016843897
26.7256295031
27.1861081089
26.0092727157
25.9586341798
26.7551574561
26.5378899046
25.7599575818
25.2437339214
24.8338471648
25.0283092714
25.5626532156
25.9155066941
25.8675545532
26.7946147964
27.2789787484
27.755256423
26.8354024053
25.5087827116
26.0584051504
25.1705056561
25.6164552855
24.6259154831
24.6088895693
25.6641985905
26.2419685909
25.3773319974
25.121890273
25.6299708583
25.419867043
24.2159759513
22.7422987418
23.6659558697
24.9285189758
26.5331410179
26.517449223
24.2272600184
24.3670550748
24.9631956866
25.3613856287
25.6329350806
25.3537905969
23.561670788
23.212300836
24.4835802458
25.3312038529
25.3650675827
25.0440218641
24.6189089225
24.2332262043
26.2734820702
26.1786828897
23.4067765976
22.174592023
24.5480270601
25.0233160666
25.7241478013
24.0969966081
24.0871857529
24.6789369658
26.0897007867
25.6225190752
23.3939572488
22.6006401282
20.1563094449
22.5416659533
23.2567493836
22.8761991742
22.6905140273
22.6404131531
21.1717787311
23.0034858887
22.9819718375
22.3706651146
20.729532945
22.5704167856
22.7778978214
22.4778098937
23.0668427534
22.5049499799
21.71138602
23.1746859414
25.636570333
25.8026358855
26.8044704364
24.1259357667
26.1244958058
25.5736821
25.4326925034
26.0516903826
26.0610887695
24.9884154859
26.254259302
26.1539306001
26.2191063351
23.9129515149
26.5094333744
26.4949559338
26.2543451737
26.0541923124
24.7348170844
25.7845199184
24.6520603068
24.7000210577
24.9717845837
24.5209505285
22.9697877634
25.2351873128
24.606561053
24.3584052051
23.3383816593
23.4413119076
24.5202101552
25.0417980817
24.625698986
24.4883104833
22.9705761019
25.0835058153
25.0272271498
24.4883719049
23.5686573124
24.5712069418
25.6496086455
26.1028788732
26.0666410966
26.454402717
26.0566764828
24.1133545344
25.960880755
27.1445487473
27.1857912096
24.5085767464
26.176643782
26.4238841082
26.7567096053
26.6683971163
26.0682134092
23.8255651549
25.9358523099
26.8746518187
27.2140918236
25.9525444194
26.0744436321
25.7117903504
25.9664280855
26.7961148762
26.7038893922
24.9448816408
23.6580408395
25.8599840642
26.8884002082
27.2027734783
25.631623339
25.8559099379
26.1422067874
27.0612272999
27.4161814238
24.8182916462
24.4437922715
26.7598034595
25.8484052623
27.2671656133
23.0172390701
23.5069732969
24.0008596591
23.3668421777
23.069171275
22.6262090064
21.2073682762
21.3092136679
25.8840705896
21.7345300369
22.1237711964
23.2691148968
23.2887967417
22.6852976086
21.1408660006
20.9039154407
21.6599079683
22.8731625136
27.8828642511
22.8684798685
25.0671475666
24.4113938954
25.0946856093
25.0446270352
24.9927310803
23.8652862137
23.6013964641
25.2538580321
31.6405457188
30.3733679647
26.1136803239
25.791937865
24.8571168964
24.615294545
25.1045762473
24.6006349802
24.1478012668
27.937350856
31.8249284635
25.629707968
24.2244348093
22.5831616294
22.4688641585
23.9387258788
23.6948509523
23.0800668878
21.7590481828
21.6166280847
22.5056305269
23.8163361245
23.7141318789
22.7439945606
23.3304279678
24.4299178903
24.8893725712
24.0060530326
22.8555096957
22.4720041824
21.6444877476
21.4942941095
25.1970482666
25.9150690311
26.6481876312
27.1901568669
26.994356242
26.7770666751
27.3378597659
27.0785364636
26.0297212065
24.2186297925
24.9844043854
26.0231391545
27.0141584746
27.4328949297
26.1640910649
25.9146482492
25.9177423588
27.0275629557
27.2065752206
26.9316312369
25.0622277196
24.1245093327
25.5643963801
26.9967792308
27.2272929176
26.1064611229
26.1633829317
26.045988847
27.105359852
27.3753707936
25.2249935497
23.8925514741
25.7169532311
26.1564837439
26.3835787797
26.5419394664
26.1790238947
26.0672096386
27.4623411196
26.2830964809
25.8667847799
24.8734151382
23.936293215
26.2087786955
25.6693008636
25.5552982041
25.2711388693
25.8599523707
24.4460831627
26.1792809684
25.3596579062
25.4318203598
23.8366098023
25.9295275636
25.2916545725
26.5022278922
25.3260935181
25.1691781267
25.1160063187
25.3285124488
23.0505253819
23.8243690536
23.4712811083
21.4762865236
23.3400129016
23.2763971121
23.0275059906
22.8888482738
22.1673996689
21.6734756738
22.6063138028
23.2129710267
22.6740435795
21.0509378272
23.2409747399
22.9471267106
22.5756972275
22.442090902
21.6333439553
22.6296686684
24.9052107208
25.9224930882
26.0486157325
25.800564547
23.4650026617
25.9258728696
25.650187451
25.4817142481
24.1916650186
24.3508038891
25.7404004156
25.8222235736
26.7924346796
26.2133446901
23.7414774897
25.5900941332
25.8764533745
25.4349512692
23.9996683102
24.7997178278
26.0346163139
25.2109998132
25.8313729824
26.4099027832
24.5657146745
22.7751122482
24.1390929497
26.5993862219
25.8735641197
23.577452087
24.7708763954
25.4683608532
25.176730302
25.8215206549
24.7057123753
23.2300097033
25.0118033462
26.8761910582
26.2338699768
24.9584018524
24.8037485496
25.0239812446
25.8155777783
26.2159812089
26.5751895766
24.7930000027
23.7330301304
25.6393725735
27.1251319573
27.5998315365
25.4193993109
25.0825922133
26.1122382425
26.1878701078
27.3500104418
24.3420461572
23.8806662167
26.7304538694
25.1005762254
26.6430880425
26.7563980159
26.6529915172
26.6781028313
26.75551912
25.9515294589
25.7643730706
24.4156954466
24.67347077
29.3021548032
25.2326385252
25.5937377023
26.352980249
26.5463228994
25.8276852388
24.9347726191
24.2557806011
25.2606560343
24.802960265
30.1873551789
26.1921119069
25.3440938864
25.6256132843
26.045198295
25.775862872
25.1557544776
24.8205298698
24.5838705246
26.4124332029
32.0413092099
30.8053158989
26.3418229056
26.3925139269
25.2852559121
24.7633244726
25.3745549009
24.1809170144
25.6672778306
28.7722711471
32.9066866387
26.6540531643
24.1606844052
23.0842502283
22.4225626306
23.601751743
23.189993367
23.7041379434
22.0127108408
21.5014937539
21.5689720544
23.2158697503
23.387874687
23.2975042701
23.4041568981
24.3991272201
24.5189981499
24.3043451235
22.89242784
22.5537210083
21.979975621
21.5503761287
21.9991216125
22.6989552088
23.8770170824
24.1970140888
23.5867416376
23.6614715558
24.1737953135
23.5403364408
22.2090514714
20.2551809976
21.7374421121
22.9590252254
24.3937191451
24.3782116477
22.5292479807
23.1400610442
22.9453252674
23.9086507164
23.2508551867
22.7577892946
24.6724432615
24.4254868004
26.0431709259
27.1512622258
27.4734059301
25.7728262155
26.3192771964
26.9259650199
27.5338616329
28.4598172713
25.7539018775
24.3819916174
26.2733398136
26.4514908195
26.4830065113
26.4156131091
25.4540472309
26.49321011
27.6637769514
25.6145857746
26.3457950976
25.0360061328
23.9746682993
26.0700938073
26.1332610152
25.9964038918
25.7991531397
25.4820227038
25.1541433337
26.5937283978
26.181798166
25.2667883259
24.023804268
26.0800425449
26.3283126609
26.2704740988
26.6186187586
26.9440547614
25.3783341131
26.4930383971
25.8489571853
26.3267836224
25.4688966669
24.5453229967
26.836091564
25.8765031924
26.0976609627
25.6486537466
24.4033668446
24.6925098269
25.6183481213
26.860972928
25.0692476657
24.4211720704
25.9799330887
26.2133597632
26.2013937655
26.0720173909
25.4526510627
25.9121916047
22.9836886418
23.1215821246
23.3616224583
22.6777855394
20.7458085565
23.6206788469
23.0913650898
23.0110076033
21.7569076632
21.2228471168
22.8679771752
23.1458499859
23.1983490479
22.8685408042
21.0283166638
22.8244788288
22.6843058008
22.790948141
21.2961890847
23.0846772702
26.2886324771
26.1637002508
26.2947319731
26.9335917822
25.7792422279
23.6041754764
26.110265634
26.828873717
26.7955177225
24.9674328545
26.2770880559
26.0249561558
26.7074087927
26.9360966804
25.7188438662
24.0441655938
26.010887925
27.2988119989
27.0180199931
25.7719608009
25.956429343
26.4927656092
25.6510617007
26.162763432
27.2691590539
25.1230174837
23.952695105
25.9722183721
27.1280972038
27.7938869305
26.2189494356
26.1180673743
25.6860556251
26.3832274537
27.3869453108
24.8196838867
24.4244695801
26.3772621648
25.1140960977
27.5375439178
23.0443970861
23.6383589037
23.4018321091
23.4433169856
22.858876148
22.4605224842
21.2852798665
21.2280389164
25.9296322109
21.9114576565
22.5967818201
23.9833710891
23.7946644982
22.8331543836
21.2979564723
20.7904131405
21.8801757158
22.891544886
27.8545549767
22.1045928469
25.4790210973
25.9106903117
26.2298258609
25.2572330041
25.715581069
23.9758748362
23.7138995799
26.6693583226
31.9468781898
30.8888534724
26.3778838395
26.2798841419
25.542918717
25.3745772581
25.4362083195
25.0210980107
25.1249269791
29.1720080115
32.8993061607
26.6531386665
25.7330714436
24.8142155006
24.2339891983
25.3673591683
25.1728501626
24.6772325939
23.5396988508
23.4685327453
23.486464993
24.5672790264
25.8932221601
24.475698818
24.9632326677
25.8352197832
25.971700903
25.9819126857
25.2137714275
24.299489977
23.885848041
23.7595181406
22.0066422448
22.6428092917
23.1446753146
23.7354949579
23.8513481245
23.6561865278
23.7005537228
23.7307632584
21.9788417101
20.2148564652
21.5768705789
22.3877044349
24.5681249825
24.7201982984
22.5664373977
23.0554667059
22.4168806451
23.584768332
23.496850638
23.7610508218
25.1668380744
24.7923093804
25.8121459124
27.4432781671
26.6081435861
26.2089421405
25.675645575
25.9551549923
27.5254010866
28.0938324792
25.0167540264
24.4637210473
25.7076686946
26.3579668799
26.8834077727
26.1507786695
26.2423589551
26.1516797961
27.4918572515
26.2353248785
23.0733350922
22.5105005017
20.4689975508
22.6804394743
23.5696337324
22.9888781659
22.7567962728
22.8706760914
21.60322686
23.4459222823
23.2561102926
22.5887626503
20.9007087647
22.7677646295
23.6252183611
23.1448798261
23.9373740976
23.0403596207
22.0446962846
23.7068872167
25.8319342652
25.955493815
25.5779897165
24.3622461693
26.5388339816
26.3386061418
26.2541089255
26.3781982285
24.8324744704
25.4265692086
26.4636949207
25.8845975804
26.0473434217
24.5650650335
26.0872697536
26.0229883719
25.7697394419
26.3755867509
25.0192197623
26.3103232006
25.498488815
27.0765607692
26.2000311562
25.3902225839
23.7873550945
26.4492838003
26.6762228195
26.1454209058
24.2773873112
24.6832797865
25.3030623672
26.0898110245
26.1714594142
25.551014195
24.3035947832
25.7293521787
26.1387873024
25.0519877892
24.8218701961
26.0164581874
23.3915713456
23.1340888455
23.7278161251
23.2852636819
22.5275780488
20.6756577922
22.6826666462
23.8922735889
24.3897989574
21.3539119304
23.2723762201
22.6864678173
23.6143217311
24.3477900944
22.508626862
20.3606941438
22.7104459604
24.2863612465
24.8354409638
22.9405546643
26.4025592763
26.2407260906
26.0869953033
26.670076129
27.0638034784
25.4279143322
23.8011843659
26.4016975822
27.2020985672
27.6826308919
25.8129756684
25.791008143
26.6075769463
26.7626835797
27.312553047
25.0693863424
23.8073507595
26.9569355877
25.5532460324
27.6924498033
23.6174930753
23.6809556915
23.5529963686
23.8681434217
22.6324196275
22.7779914137
21.2271311355
21.4227845892
25.9971330045
21.516307833
22.2206935506
22.9120283455
23.6613700699
22.9413198347
21.1149244473
21.0275741187
21.5388333088
22.663880542
27.7416723533
22.5352284378
25.2699508367
25.6999534946
25.6344136816
25.2205917129
25.2574513252
23.8996554363
23.623879882
25.7332215103
32.0504392318
30.4618466465
26.3191338518
25.7087051624
25.1008600144
24.7297229892
25.0267464296
24.8833275684
24.5998222401
28.2466357447
32.4138273047
26.352009446
24.5214426382
22.3877778487
22.3143199082
23.5574975791
23.0788352229
22.7001127136
21.273215471
21.4441629908
21.8580822899
23.7975179976
23.6873353233
22.2108511013
22.6778466429
23.5477263695
23.9634065443
23.3942157233
22.4849289017
21.5434738984
21.9982769859
21.9772548878
22.0067253688
23.2720512558
23.0889498825
23.4395811755
23.6200175697
23.6668264594
23.7320285699
23.3932029242
21.5852987115
20.5408180998
21.4096369619
23.2288672015
24.0160174231
24.2276020849
23.0530753267
22.650809603
23.625943367
23.6527374464
22.7407635251
23.5201945722
23.9268395859
24.0472073997
25.0562481647
26.9046143403
27.2908509238
25.3018353033
25.2684600445
26.3243299485
27.5908473797
27.7478510838
24.4559362688
23.2880292735
25.2802327593
26.7067130829
26.3670845865
25.5451409419
24.9529101819
25.7819291938
26.9146424914
24.8789586909
26.5643316107
25.496576024
24.5565116484
26.4677153929
26.5991092954
25.8919358542
26.1087194014
26.0373577683
25.6326980968
25.9673261226
26.1554335811
25.9701131496
24.3290445593
25.9087527472
26.1342317261
26.5226784543
26.4154110028
26.4447454042
25.1281120595
26.5010477647
24.5511562616
25.420095227
24.0810162958
22.5033381112
24.6444339438
24.7555999947
24.7783819774
24.2253806978
22.0441405598
22.8280217197
24.6430916347
25.0878074952
24.0344500722
21.9637925572
24.6238774383
24.9679190821
24.5142990379
24.5783329538
23.3660691367
23.8594114659
25.6953358906
25.5979696147
25.2202138672
25.4835052528
23.7717083964
25.9034235477
25.8136823895
24.7787669096
23.6423305438
24.0462023198
25.2654007016
26.1456015465
25.7942307528
24.9706217398
23.8704255108
25.4978725434
25.8841770285
25.4585469896
24.969899525
24.9250221079
25.858622534
25.6994349773
26.0957861429
26.4198260571
24.9666743413
23.4159697169
25.4449855131
26.8040737762
27.0879286201
24.7293110272
25.8652900949
25.7101496988
26.9048668291
27.508776164
25.1522285182
23.4821962743
24.9758467906
27.4840760789
27.038236605
26.3242439179
22.3297260833
22.7026676347
22.839746256
23.7978480317
23.9334588424
21.4946759923
20.7778997913
22.9565430064
23.1573271034
23.8379178819
22.8986276794
23.0984596137
23.1736595085
23.1648987734
24.5937929967
21.1154518837
20.8550986473
24.4103430424
22.3570970808
22.3330845522
23.0585343096
23.3256097799
23.5376419538
23.7421518518
22.7429054333
22.1803605243
20.8534382898
21.5606536572
26.1987391685
21.3327733385
22.0709054198
22.6293979207
22.3913786811
22.580473457
20.8668798444
20.6850513992
21.5909982168
22.8379058644
27.5226182912
21.9087932279
25.5054815841
25.6342852448
26.3351759834
25.2623012698
25.4714661229
24.3767203933
24.3217680071
25.9850303376
33.0710690456
30.9264484124
27.0146469173
26.3638524863
26.430936892
25.809245176
24.8958247016
25.3658408875
25.022022669
28.4401726481
32.52108788
25.7291964558
27.3614759521
23.9509227666
23.9557058468
24.8893647294
25.0588317419
24.4201893177
23.7321064764
23.1821065705
24.4211486593
26.3345504697
26.8221447249
24.2684325187
24.8305726768
26.1203003458
25.3015217933
24.624488197
24.0060135389
23.5793074773
24.1822350585
23.7356594474
25.0315600449
25.70000342
24.9040455902
26.3052112537
26.7607697023
26.5708721818
27.0165096523
25.3734133845
24.2967751173
23.8030295047
25.066253697
26.1571035897
25.7721137195
26.3380226749
25.8641236154
26.3339095863
26.0191327588
26.3208920633
24.8971798224
25.8444986064
24.6617246636
24.8877387184
25.8833111756
27.3787174534
26.9473542073
25.8972867384
25.7634968356
26.4597140354
27.9329401702
27.6694695505
24.5312302221
24.554322022
25.8182791295
27.6140287636
26.4892497064
25.3317327265
25.5424084072
26.6834025656
27.1353151994
25.9859119387
26.4285847917
25.6677065029
22.9217043032
25.637982539
27.310704582
27.5635835017
25.8542250146
25.5510273584
25.0193786639
26.7760147349
26.1898865995
24.9794157818
23.7662657195
25.6487251509
27.0018587227
26.688026075
25.3532846382
25.1464659892
26.1862808764
26.0471930619
26.8316312774
27.2153096965
25.607184983
24.5486850079
26.9039044671
26.9565398473
27.0255374662
25.6959396694
24.7805479114
24.9231463991
26.8071896004
26.3209577368
25.9553970941
24.3635311469
26.764446145
27.6008674456
27.3785057559
25.788487817
25.6461848292
26.3915054735
23.6291303531
25.0588098318
25.6502708877
24.1618971214
22.4385699946
24.806699324
25.8232482892
25.5578434738
23.2590566996
24.1827239106
24.5218838601
25.3690876446
25.6688053104
23.9994667407
23.6909612832
24.4273813826
26.3240718685
25.3099973646
24.0439499661
25.9203233505
26.3078040478
25.9215303053
26.5420930145
27.1803996693
25.1484504126
24.0196875652
25.2173788853
27.7564285698
27.4681297883
25.5980843631
26.1469120742
25.2250381475
27.4077786154
27.1750170673
24.7388467492
24.4043718301
26.1466515942
26.8872268031
26.344110956
26.6354459965
24.5256406477
24.435493498
25.5214107865
25.494820821
26.145410704
23.8339732853
22.7114896203
25.2939598
23.8152265509
23.8380499837
25.6110950209
26.1032639415
25.3498311794
25.6708859585
25.3995597627
23.6160135009
22.5672873546
27.095169137
24.297689825
24.8823619585
22.4435096898
24.0192068718
23.8401161635
23.9664690103
21.1687408467
21.4087228762
21.7458149214
22.7977217321
26.3787697729
21.6489951495
21.8479124811
22.6544483466
22.4877176201
22.4085471529
21.3497479052
21.1963139734
22.1052648083
23.7665982715
28.1944025064
23.0122333916
25.3635095316
25.6399054382
25.8787415085
25.4871613023
25.1669371533
24.5907934588
25.276833131
27.1707268587
33.1940558836
29.918968569
27.0506948721
26.8673783223
26.3585972521
25.2366165985
24.7884511271
26.04561867
25.2687842508
29.5897128817
32.4730321132
25.5513264433
28.7115533403
25.1594925748
25.4880966628
26.2225609186
25.1173353586
24.6288256618
24.9976283785
24.9058720634
27.6878209313
31.447696646
27.5346306262
25.246992901
26.0192336685
26.2594885624
25.8968950297
25.8706363864
24.3594297652
23.7898160758
25.8091599448
25.1961392301
25.1748171525
26.6406000089
25.6842830757
25.8381650825
26.1953022425
27.0190218625
26.2315353508
25.7232702318
24.2673020225
24.7791929633
25.5844284419
27.4575346866
26.0254747569
26.2495568552
26.5352698941
27.343493176
26.736729065
26.081722082
25.1999737259
25.9799872551
24.5623483961
25.0261637032
26.677848113
26.3414545951
26.0372669883
26.4645011951
26.8781052901
26.7768613242
25.7247431482
25.2363639794
24.5737242429
24.4553486872
26.1678618312
27.4114478192
26.5047739806
26.1467580102
25.9953508293
26.6980885575
27.0680357633
27.717868502
27.3182518781
24.8475782795
24.4471688686
25.9436016208
26.0419494975
26.8874610974
26.4422731516
25.9652822019
26.1649273878
27.3633973724
27.7066616383
24.0538761817
24.862278233
26.2349607247
26.5573068481
27.3261548583
25.6758251143
26.101830136
27.5138227595
25.797144097
26.7530606103
27.2267817356
24.8655642925
24.6787958472
26.5114142731
26.9182543522
26.828974422
25.6120320796
25.37060504
25.5524015984
27.5959450301
27.0684819052
25.0255607638
24.612149455
26.5849059102
27.0740981476
26.8889618676
25.5537335781
26.3542123273
25.7301830071
26.0309957802
27.5180309538
26.8882174107
25.3646432513
24.1633133864
26.3279235955
27.4601015174
27.0177242161
25.6754187547
25.5805985847
25.966273375
27.7721948777
27.524285448
24.9556392074
24.6512851744
26.3597821567
26.9194323546
27.6171203169
26.2079263124
25.5642550052
25.227221314
24.6253503739
26.1606531786
25.4929259546
23.7188163378
22.6456678382
25.0322204881
25.9411122829
25.9387396292
24.9723691639
25.3121853622
24.8483934578
25.9743235625
25.7083997987
23.6987131766
23.1567552157
25.4722710658
25.4939829173
24.6746291609
25.1972593345
26.9184226801
26.8338647395
26.4526645952
26.6466818733
26.4430048621
24.815461615
24.1504843248
27.1772819903
24.6721500835
25.11056729
26.4831868975
27.2777379193
26.8389283177
25.6451177584
25.2547363024
24.8865753578
24.8820636301
27.7398920792
25.652320434
25.9346978492
25.2374295803
26.4262516782
26.0162330761
25.5686065467
25.394568437
24.4106084488
25.3323875909
25.6843889599
30.5052762127
25.3741295746
25.7252016164
24.7881918427
24.989853168
25.133413135
24.4550684812
24.6608006262
26.3665438454
27.0374447447
30.7965812671
26.9041429951
26.7295733409
26.430902847
25.3743784796
25.7315180196
25.7504945041
25.4293401689
25.2268189742
28.6251511009
33.1546359463
27.2336558193
27.9596014612
26.6558949924
26.0931281478
26.2570725286
26.5360502318
26.0572235949
26.2212957867
29.7935125338
31.6315345651
24.990076746
25.7914394262
22.7818118442
22.7364089955
21.476588009
22.0599076101
21.7672981022
21.7964592849
21.5306816813
27.3220272591
30.6447775063
25.7010409281
22.1043969437
22.3793463834
22.6698589041
22.191895764
21.8576716655
21.1859043367
21.5712844579
24.1150344199
21.0072933117
26.8824761212
27.6181155895
25.4119945249
25.7841534296
26.2618850173
26.8042285567
25.8616141773
25.3163045203
24.3580977639
25.7422717891
25.8406049146
26.8771573481
25.1702792212
25.8094531424
26.7191089036
27.2522361393
26.2593103364
25.9274919921
25.0672340876
25.4769512163
24.8260331828
25.1774400224
25.9805662152
25.5792717238
26.3961027382
27.6011753299
27.181310929
26.798591081
24.0498347586
23.8705273311
24.495407763
24.4506601698
27.0288924956
25.8040576315
26.1770984344
26.4461400353
26.8526367489
26.4414069056
25.5091417867
26.3492243783
25.673328011
24.0266659838
24.4783249369
26.3834796526
26.302960641
25.9618179996
27.0780222761
26.1301504578
28.4020172174
26.2554706027
26.5240647714
24.8332474081
24.4860255663
25.6441347226
26.7223333767
26.2423180973
26.5898418857
26.2911605235
27.5928701428
25.7776551157
23.9967832662
23.6059533178
21.7952075617
21.6015165994
23.7591044901
23.4871761218
25.031616562
23.6576022505
24.6825211816
24.5641529085
25.2009685747
25.3342354117
21.6080111966
22.2741738745
23.654766608
23.3903998997
24.0473758357
24.7584688376
25.0622993736
22.9346645521
26.3822298935
26.7581376567
27.1051057079
24.3161472521
24.5741778001
26.1406139587
26.249704917
26.3444827784
26.3631113666
26.9515727126
26.2817499765
26.0341482448
25.9715940929
24.8598905127
24.6200018405
26.3646101913
26.4983957632
26.0343261495
27.1059960335
25.7359368807
27.1409401625
26.3088937418
26.7248097446
26.578284459
23.6895739686
23.915694961
26.0982792957
26.1225323197
25.8403898162
28.3321315424
26.2037653833
27.0284580204
26.2375096199
25.5505615758
25.1602106189
24.774340105
26.9782544941
25.4529221905
25.9066409708
26.6862274393
27.2209513545
26.7526943057
26.7172390015
25.8759349274
25.4338078575
24.9847741455
24.9513511148
28.0385492296
24.1284869862
24.8651517834
26.1738012839
27.0988561039
26.3968158461
25.2128762804
24.5302888198
24.6492497845
26.1418111508
29.4850176144
26.9488750403
25.955585631
25.4224337101
26.1682734701
26.0248404603
25.7965962778
24.1008766092
24.3005125375
25.8025263398
26.2567273351
31.0266724954
26.093376701
25.6670432533
25.7157798125
24.8819908588
24.9769971476
24.373245908
24.4347295082
27.6945324142
29.0985556413
30.531596323
26.2759722471
27.2966708173
26.3541821614
25.0907196288
25.2870802049
25.420747757
25.3897434654
25.4856674284
29.4109936762
31.8947037391
24.300064631
29.5119301946
28.8782617561
27.4217018385
27.2264984195
26.0913308864
25.902100879
26.3401322263
31.2089938846
29.7455924765
24.638579256
29.6295042039
25.9197875599
26.0437532228
25.1654959278
26.295787315
24.9815542259
25.54274361
25.9086529671
29.3147652124
31.1635138971
29.3448380032
25.7923534819
25.5860473258
25.6381968662
25.0590758605
24.5318696962
25.0683708861
24.7266101672
30.1168383532
24.0413656038
27.9912753759
25.6803141933
22.7959246053
22.0618152225
21.6796580271
21.6223571263
21.603140396
21.0247363448
20.627729636
24.4628093513
26.101178925
25.5394180552
21.7460657186
21.7165007178
21.9306019126
22.3608535731
22.0972651698
20.9034961233
21.6052647422
21.082096927
22.08470235
23.2267038479
24.7080610417
21.7441244285
22.378527189
22.7643148896
22.9108394206
23.0715712155
21.2680689809
21.415897248
21.944754296
22.2467496152
24.3983921797
21.5859054213
22.7427604113
23.3727765594
23.9381201746
22.9609788126
21.4183575563
22.1548627685
20.7397312128
22.263598065
21.6348026619
23.802284913
22.2095533898
22.5195972582
24.0707147576
24.2276277719
23.8239137177
21.4727695518
20.9493492401
21.404776213
22.2295349352
24.5216336989
22.3160607911
22.6092273042
24.0147070903
23.6332590733
23.0707564597
23.2095618761
22.2170202292
22.0330749069
21.363931577
22.1397166513
24.4853556713
22.3230971946
22.6271195738
24.1239825141
24.3441230162
24.2993893279
21.4344096204
21.6072042123
21.4846824906
21.9358381357
24.5653335534
23.0894355338
23.131708982
24.1737599791
23.2605258921
22.8106471583
27.4803097005
25.8717455476
26.026442898
24.9813800774
24.5389473663
26.5283225517
25.9140321036
26.3637276897
27.0342666917
27.3577231406
26.5229886063
25.1110841046
24.6531249293
25.2849591232
24.4882440273
27.1490814107
25.7284935473
25.9788638116
26.8516978928
26.2647470863
26.7438307567
26.8530615679
25.9413186952
26.0771608383
24.6015447651
24.8621282793
27.3075320651
25.2496288055
25.4255898745
26.9200776853
27.4818014597
26.5193788532
25.4717243727
25.3319311849
25.2391688546
24.9033051266
27.6509834184
24.9616200514
25.8894937503
27.2117938211
26.7244617071
26.5642532759
25.8367952125
24.4781587697
24.7230849927
25.4088515373
25.9408726108
29.0527910906
25.5260150197
26.0827741314
25.8139551258
26.3658827275
24.8338898161
24.766152354
24.214972837
25.8890178327
26.6301435832
29.9265754568
26.1674948293
25.9724643893
26.1182523366
25.2864644134
25.7287577199
24.8929124195
25.0941304053
24.5865265519
26.5189469808
28.7696538882
31.3823238675
29.0829402212
26.9064934036
25.7782376771
25.507007332
25.8110551984
25.3102384781
25.9779638265
28.9060464522
31.8260367514
29.6967088139
24.7793256295
25.4135020582
24.7976527515
25.6525606419
25.4713415966
25.5797878843
26.5012720046
26.7070420459
29.6557533234
26.7155882143
20.3830528125
30.4470410936
29.6080172559
27.0725780036
26.6930012285
27.7416420188
28.0489364835
27.8459355828
31.3941529129
24.8975424379
24.4926118393
30.1714954433
25.9504819782
26.7666832074
25.4980166752
25.6425850513
25.1503026604
24.1885789671
25.6379743399
31.2770615004
29.7309236106
29.710913958
25.2282965474
25.8995243704
24.8474643388
25.2112264394
24.795168841
24.314467432
24.4433788781
29.9565367572
23.0060203911
30.7376532136
29.0606255611
26.0825241601
26.2398036472
25.9189708258
25.0161348722
25.4550334647
24.8934551523
25.2769065381
29.4456891791
30.1844635572
29.0074852589
25.7109243808
25.9420056862
24.9301158172
24.9341818082
25.18900141
24.7552990412
24.9833256202
25.5355720871
26.2835461792
26.3744144215
27.2917417662
25.3158421672
24.7598977228
24.7625034842
24.5952810443
24.2116750714
24.3331975364
24.1876828347
26.2433217034
27.2090283906
27.3241981228
25.1150454301
24.8011248211
25.3730551877
25.605436547
25.3345133768
24.9217336296
24.7951140937
22.5628083528
23.494595127
23.8297764151
25.3090078529
23.2792436887
23.2583330502
23.7281726752
24.0725025012
22.5351674154
21.3387390677
21.3296625989
22.9547247105
23.1952983334
25.7455882202
22.7593343509
22.9763952693
23.6345431196
23.6762415826
22.7587027102
22.5396920751
25.6321542568
25.2107966836
25.0077325959
25.8971603362
28.1059142077
25.5717167041
25.6391674861
25.8978471661
25.5155423227
25.3271523488
24.774698447
24.690707465
25.967830675
25.8339757947
28.3475855826
25.7037098657
25.9228557659
26.4700088645
26.1461311981
26.4228881628
26.2590051004
24.5644251287
24.6509732124
24.7953749883
25.8625225999
27.5161379061
24.926148332
24.582662504
26.2701116228
25.5712493538
26.0418443981
24.3933314631
24.4778102853
25.1547357441
25.4972638159
27.8096942872
25.417366698
25.5180885366
25.7744825154
25.5590496664
26.4384656702
25.8680656358
24.3158611566
24.4293240763
25.1492515325
25.4889098086
27.3795460119
25.486977251
24.0453709972
24.8303464342
26.0963029488
24.7840315139
24.3481785763
24.2128420776
25.6284385523
25.5239478827
26.8223298325
24.9950105847
27.0121163565
25.7205631819
25.9219039377
25.8084998134
25.0141791818
24.0780202108
24.2805386634
26.3051947216
27.2668008175
29.5423448182
26.2436546125
25.8423122497
24.9531651669
25.3197133038
24.8517093479
24.7853232209
25.1101014744
26.8418899513
29.0303288963
29.9962115026
27.9691141211
25.0240265285
25.8336076871
25.7067245379
25.5088783397
25.160618974
24.224499911
24.9338591532
28.0751449284
30.8229281171
28.5584513616
29.0661965932
28.2603767355
26.4490929107
24.9877578706
25.6020475682
25.3973159495
26.7472172748
29.7494636023
31.9166103063
25.2011329292
24.5259526267
27.5352702495
27.25416431
27.059064871
27.2364355538
27.5999196117
26.4430283479
26.5348233688
30.5156150084
21.9648364955
17.8886577668
30.2930596319
30.0218384515
27.3218992609
27.4217813958
27.7477610001
30.3320122032
30.2777895655
29.9453662847
21.0889366226
24.4673710265
27.0990912519
27.9021461498
27.5004207358
27.7368782212
25.6345914493
25.9266753531
26.9960509275
28.4101364207
31.1188126533
25.2754133221
27.9778753873
28.6908726599
27.8980363397
27.0355647012
26.2220871358
26.9005554237
26.1697142484
26.4907012356
32.1356899102
25.7543407938
31.8176325044
30.4516253953
26.5540512085
27.0403306918
26.2627583847
26.1534973285
26.270532241
25.510726633
26.8250792478
32.165085821
31.6976968671
30.345745612
26.7299912334
27.1056018251
26.2834080594
25.2652039043
25.1386581756
25.1437231953
24.8310304284
24.6896401969
26.2043520017
29.0701683954
28.3282989641
22.5024502164
22.5400300877
21.8642965721
21.5862493038
21.7804367811
21.491716887
21.5256955097
24.7541840518
27.8578008409
28.4893231758
22.8936741513
22.3165493134
21.6893952793
22.3387412392
21.8187047167
21.3799585792
21.0788179326
25.1604504729
27.0597301971
29.4661290621
30.706297175
25.621492901
25.4471825282
25.2942599598
24.8673629124
24.5335615399
24.1970999306
24.7198324631
27.1687055544
26.7092354891
27.6742333433
26.2316674506
26.3710417982
24.9819060427
25.5978609281
25.3474580628
24.695780968
23.9162025786
23.5502662339
25.4451998391
27.2212421778
29.0645106554
24.3622115646
25.2538902273
24.3945041767
24.0526934624
23.5278512298
22.9056137186
24.0068680414
25.7773781956
27.1837823014
28.8209866641
25.0087356009
25.5116307707
24.8487315776
24.7979506697
22.8890048956
25.3488338359
25.0744839585
24.7149347255
25.6499005442
27.6602964512
29.5432305634
25.2343358801
25.5303488819
24.888358984
24.6940647136
25.2317513966
24.081713709
24.59392717
26.6592757213
29.3178776475
29.1070171839
25.1637781448
25.1316758088
25.3359942392
24.3152332444
22.0281154654
22.1804019357
20.5681480557
20.5869677669
23.6478892831
26.2304260692
26.5685443798
22.4279475532
21.9389064665
21.2489617292
21.7389731961
22.0477562643
21.1760372095
21.3637798073
24.489372446
26.5167100698
27.0604570796
22.7721766032
23.1763312209
21.595725707
25.1754418132
25.4813914665
25.3330921989
24.9345264434
25.1894473717
27.7696161115
30.1151736213
29.6603599306
27.8200274845
27.4047656788
24.4259316192
24.5483147151
25.5357800594
24.9188057237
24.9289651247
28.4614659538
30.5326511468
27.2929391689
29.4837416086
25.2578889981
27.6974748054
25.437394314
25.5984367148
25.3275334695
25.987203036
25.9820737732
30.0114527212
31.0490594723
21.5066773451
30.4138058577
28.4514655468
26.2976308029
25.9257361365
26.4895424546
25.1266866787
25.0549612838
29.4370659094
31.0682975738
19.0528482503
24.0668999959
30.5050108348
30.6682726223
26.5007443349
27.0788414271
28.7901088789
26.8724801712
28.1620701852
27.2362614354
18.3222074508
16.6101136221
24.4717175111
27.0040216873
30.4118401163
30.6938907876
30.6596837005
27.9096553721
27.3381802896
20.969441067
17.6817029492
25.0459419799
