203.673745924
69.0422901595
69.0076098794
67.3774826916
68.424781797
69.2319525476
68.6214838584
69.5553438351
57.2765369362
51.7789965008
54.0534214619
65.5520311163
66.2686129911
69.4060140078
66.7944774319
68.3830649805
70.3268385842
71.0533800078
51.3749895023
51.62496655
54.2596531882
59.7948534215
69.762270428
67.9263287938
67.9378120623
67.5656723735
69.1939015564
70.1528996109
71.3373214008
58.0481356921
62.705059098
64.6598300933
68.7694361868
68.2396058366
67.3463024523
67.3120253017
66.5166657588
68.6279727626
69.8587023346
58.73858116
69.0766487748
69.1386378841
65.2801656943
68.919629572
69.0997719844
65.9802506812
66.8373651226
67.0257138965
66.8398077073
67.9249809339
71.822833463
69.3494313497
65.2111396344
68.494333463
68.624636965
67.5262304399
66.865434021
67.1051786687
68.0328240561
56.59525652
65.5134235111
70.6778708674
72.6890731233
65.5218697005
67.6697949416
67.5457284047
66.1088878941
65.1550961464
64.8684394706
66.6262238225
65.2430354223
71.3673249027
72.8504138468
64.7962676002
67.1904379136
66.9973834177
65.4681175555
64.8028633178
63.9960891397
54.1878536395
65.5992210977
66.2941440249
71.7079653696
73.0358230261
61.6019474912
67.0903647334
66.1786882055
63.8671627092
63.4218056854
63.913834566
66.0302323861
65.7868836123
70.5093317775
72.5199299883
62.7574990276
66.4977284047
66.7897474708
64.503833009
64.173493188
55.0317623685
65.105283768
65.937015181
66.4224468665
72.1354161805
72.3573430572
66.2356752236
67.9286754864
66.9855373541
67.1711782795
66.2458684313
65.7879135851
67.3573359284
67.6331848968
71.378445741
71.9243741735
64.7002936601
68.1545105058
66.9847933852
64.9123752433
56.2310533489
65.6095605294
66.397106267
66.8273546127
67.5470385364
70.2501532478
74.1276452742
64.8471792379
68.3119548638
68.5375287938
65.5568707668
66.5878789412
67.2571498638
67.5269396652
66.5963483846
70.6659066511
70.5197246208
60.5890999222
69.1818171206
69.5950307393
54.2545438255
69.4451109381
68.8831922927
68.4638910082
68.0093560311
67.418270428
70.3662485414
68.2836586314
63.1335404355
66.6245214008
66.1605031128
67.1773392996
67.6696354086
66.6701762646
68.427669132
69.6758478599
66.1205682614
58.6192900467
48.9515587092
58.6873002723
58.5594832555
66.8363247764
69.3059315175
68.7482159533
68.8762206226
69.9432840467
69.3544342412
63.5530750389
57.2879175739
35.9499261562
57.1401283547
63.2846277713
69.1155585375
68.8195075846
68.064991832
69.3768767017
69.5715678724
56.6491971229
46.8180454899
33.3592269724
56.553673803
64.9822484448
64.544413297
66.5076981719
65.0286320498
63.9277798522
66.225474339
64.0601625194
49.7437340591
31.5149965021
33.4988181112
52.6456901244
52.8488790824
60.5675493779
59.3924712286
60.8641115863
60.1539129082
59.2327993779
39.5974757093
32.775161679
63.0748447471
56.7990559876
69.0012395955
68.9829202645
66.9036
66.6010762646
68.387022179
71.3353570595
70.444436795
55.8484152411
48.2936936236
60.7128087092
67.9134402956
67.5400128355
68.2457322957
67.1059307393
66.8689435798
68.0083743191
70.3707805447
60.5300995722
63.0207869108
63.6504479005
64.4515427683
69.3031867704
67.4154311284
65.8801054885
65.3214966913
66.5000735695
67.0131311284
68.0459505837
67.1638529755
69.1025719285
65.5198351477
68.6504042802
67.5848490272
65.4511148307
65.1021300623
65.9223600623
66.5146797665
66.372540856
70.4828102304
71.8295425904
73.304621937
67.4667852975
66.6933731518
67.9475595331
68.1729840405
68.2461725078
68.4589972752
65.7700186916
66.0580595562
71.5918105795
72.1555402567
67.3045612602
66.5841195018
66.9710587777
68.0481226636
68.3455708723
67.6780712617
66.9826356559
72.8776320313
64.6984254574
69.9023922179
71.8518451964
67.1296938934
66.6807711172
66.6076776956
67.2285214174
66.5152885514
63.4766713396
64.4811351246
64.5995825545
69.5907610895
70.9685826527
65.3118751459
66.7707648891
66.8826835344
66.6902429907
66.8345290222
65.9614682509
83.2851322896
66.2795860592
66.3254330218
69.2979560311
72.7087176196
63.6227915208
66.5300642273
65.8740412612
67.178472536
62.3827428905
62.6590883956
64.8721693925
66.1003753894
69.6937735409
73.1829144302
64.5248521976
65.8797909692
65.6173188011
64.7502418224
66.7366700429
81.9457252446
65.5118874611
66.4945630841
66.2911604361
69.8713599222
72.5341516919
66.5972115908
66.572101596
66.4956025691
63.7194166667
63.6656505649
65.3863724192
65.5599454829
65.635836838
70.3114132296
72.3224768573
65.8444659666
66.7561023745
65.8947909692
66.7429637568
75.4262114934
67.5821168679
67.745374367
67.8242437695
68.1395576324
69.9021735409
72.0920645663
66.8161956437
67.5500217984
66.8369240654
63.3006534268
69.5496285047
68.4756242212
68.5948660436
68.7999404206
71.0752817121
73.0389253209
64.4083877869
66.8853622568
66.7491619307
76.4513721658
67.4030116822
66.4146433022
67.147491433
67.0524386921
66.1037220708
71.1691649805
72.8085530922
64.1956442457
66.847122179
66.9386038911
67.8662148696
67.3592277151
67.9085383418
67.7307216816
66.7937029973
70.6254445741
69.9028918709
57.5937978227
66.4465066148
74.2050293083
70.1208653696
67.0847652783
66.5230918645
67.643563035
67.8685844358
69.2387856031
67.3337234539
64.1906232504
43.186033437
55.5732796577
66.8107798522
68.2720805447
67.8503160763
68.3429474504
68.9177424125
70.5753268482
64.6790101089
55.2899121306
38.0851912165
75.8888617187
64.1208926488
64.0047677946
68.3471194553
66.956292607
67.6764216258
68.6697915208
68.9239272657
58.2051076983
31.3062076205
31.8843159736
55.8920260498
56.704062986
60.9892088681
61.0831540257
63.7430762349
63.5061485226
63.1527002333
46.7150645412
33.317712398
62.765188694
63.5954564541
68.8585237354
67.8523595331
66.7464809339
66.8937346304
66.965028805
67.9331058366
69.505455642
64.649243485
58.1892904355
63.627588487
69.6450626459
67.6626385214
65.7460128455
66.5706765278
67.3246021798
67.8992428016
67.6580120623
69.7783683392
70.3495663027
70.6843632828
65.8714161805
66.8801365759
66.3319170884
66.3372931102
66.276716232
66.8534542624
67.0235434021
67.6027115609
72.6805659277
73.3188533644
64.4921602489
66.8299054107
66.0695584112
66.2529731204
67.7704820872
65.9524108255
67.193864928
67.1020494356
82.223220266
69.8269988327
71.7032570984
66.8413621159
65.0422997275
66.2983982094
66.2045738216
67.7497643163
65.8060529595
62.7898395639
63.8168103583
69.3067081712
71.4910544535
68.9001695838
65.006748151
67.1267244064
68.1481636151
68.9908238504
68.7217997663
67.2424042056
85.269834769
65.3921218847
68.0788322957
69.4725338521
69.1890311284
69.2123679907
70.0137877726
71.4910950526
71.5138480717
64.4278811843
63.7198188547
65.0276560187
67.1952159533
70.8360747082
69.5682824903
69.1006678349
69.502046729
72.989201792
73.0497731878
68.9221640047
93.1268867111
64.6105111025
66.1233155434
67.1665143969
70.6675832685
67.312385214
66.4225050623
67.3513753894
69.7571994546
67.583372954
65.4162847682
65.0740977795
65.7273342423
67.41673297
70.9212856031
67.3956793774
67.0414170561
67.7336791277
70.7555722633
69.8235795012
92.7082750784
72.3523358005
70.5724904558
70.2439294897
69.2604305177
69.8944066148
68.4491560311
64.6754088785
64.5350985202
65.6490451889
66.2257435698
71.3105562914
69.5511710168
69.4813482665
68.1461459144
70.9080291829
69.0941097276
66.1617227414
65.5319926012
69.459550448
96.0629027069
73.9097529228
73.2017479548
70.0552629529
69.0041842618
67.3841066148
69.7819743191
67.7636783353
65.2662849358
65.0654376947
63.9218550838
70.9839579275
70.7555753798
69.1508878505
68.5143765576
67.4351599222
70.9105836576
66.3602120623
66.9469669132
68.2588610354
93.6060301842
69.5201523179
69.0179419556
68.5801519283
66.6891168224
65.4818084112
68.8993315175
72.9086028783
63.3628965383
68.7286948229
67.6744850136
65.9102028816
65.9998699377
65.848569704
66.6573228193
65.5513956386
70.2594536965
73.4030801245
62.5295139969
68.533107393
85.2546527016
68.8013019455
68.3207458155
67.2491938497
68.0398972363
66.0052448424
67.0986058366
70.7073127188
72.2323469467
48.1525734837
61.7376098794
68.9006003891
67.902358116
66.8415383418
68.1000112884
68.507981323
67.9457447471
66.698378063
62.611590591
43.9361244168
80.3469616438
67.6773959549
67.2106374951
68.1923821012
68.3404856031
68.4847035019
70.0666608324
71.3052979385
63.9782722676
39.82505521
33.0325079674
59.6027010109
61.1657336703
65.4991528588
65.3054426293
68.4330245041
67.7808420848
69.4706612213
54.3575482115
38.1774097978
72.7760019524
64.8333481136
68.4004762646
66.8711105489
65.4426508369
66.5467036604
66.0884133904
67.2142631374
67.8552584663
70.7276433294
66.6211960327
65.3331170751
67.562684313
66.7067107824
65.6214815103
65.7059096573
65.7128890619
66.9249723628
67.1698851693
72.3979797744
69.2295698673
72.6429354337
66.1987996888
65.9211097703
66.1027680031
68.2779649533
68.1338839564
68.2168041277
66.5964591121
65.1641129283
70.698940856
70.3664360171
66.7372598211
66.3014488128
65.381704165
68.6391881574
70.1245703155
69.0307444488
67.6689688474
66.9783547508
79.6051274932
69.5503451362
70.5711077821
68.4345412451
64.2554883178
69.519805296
72.7839661083
73.6351547155
73.3598523568
63.5507065472
62.9523965719
67.0522861035
70.0909626314
69.8839653696
65.1748119159
71.4315922897
76.9022357755
77.1380038986
76.6130323461
68.4010689521
92.3995070533
66.0639298792
66.6954250681
69.021333463
69.1228902724
71.1940771028
71.9764729256
79.7117061574
79.7010245614
69.8735576773
65.2331125828
67.8339228672
67.1730467108
69.079751751
69.0856727626
71.9568718348
72.5160673938
80.4346089669
78.5656764133
74.4457082683
104.673837456
69.6531523772
70.1093024162
67.527376947
69.4317252918
69.6522132296
70.2260892092
71.4021410206
79.0923103314
76.6155793372
74.430225819
69.9621110678
69.0956948558
67.0726492799
69.4955902724
69.03577393
69.9649026101
70.3149466303
77.9552666667
76.3324502924
99.6917534354
80.1766335283
72.9820019493
73.2242474669
68.7092483457
67.6295478599
68.2777797665
65.518986755
65.1970284379
76.9521680312
75.7571072125
77.7056286048
72.2390327358
72.2993924396
67.858940833
68.6805035019
69.3798350195
66.4252764798
65.6615866771
76.1298522417
101.937043973
80.2905208577
77.4597942323
73.0284844115
73.9619439034
66.4422646944
69.0303451362
69.8148
65.2061300623
65.0201943146
71.706977007
77.6197268122
76.4688659392
72.4082571095
72.8027409427
66.3522156481
70.1592805447
68.9007491249
65.3278948598
68.656642134
99.6888921146
72.3645797271
73.767944661
72.3654152707
68.7182430853
64.0096190105
67.708924095
70.0145634241
65.274792607
66.2758228883
65.7875293889
67.2808511882
69.1883135956
68.2422793144
65.866521028
64.6136475857
67.8435264591
71.2545573707
61.9103570595
65.437180615
100.364769321
67.7051117166
67.290163162
66.1985864486
67.0594443146
65.6242857143
65.7460299728
70.8348011673
74.016982886
57.2758184292
67.7719809339
69.7441385214
67.7843254185
66.7671253406
68.4987827949
67.8957477618
67.1068871156
69.978033839
69.9481357448
48.9499498445
82.2323837118
68.1299657721
68.8844181252
68.246122179
66.9753525292
66.8143101167
69.7395599222
69.1912700389
64.9207782964
45.6820769829
33.3421127089
66.05796655
65.7943757293
68.9747833528
68.0956098794
69.1189587709
68.7788269156
70.2365188643
63.5907601089
42.1140672628
77.4604357673
66.3086289382
67.6094017127
67.202210977
65.6427563254
65.5003683801
65.8809536785
66.9964013235
67.3325679253
72.213470245
73.9800875146
68.3555527032
66.7933818606
66.3167259634
66.292970405
67.9094330218
67.4029209194
66.8252192368
67.2028053717
70.8616793774
73.1917832031
72.2271096849
69.2475344224
66.4319782016
64.6486662773
71.0969618231
70.4394179977
69.4201951695
68.8237262461
63.3883442368
69.7345420233
71.2712396887
69.5965381323
65.5204824766
66.057133567
73.4106209583
74.8962560405
73.8462473705
71.4461429684
67.0967382158
87.862168821
67.3524453095
70.1072821012
68.9323719844
65.3136510903
71.4946630308
78.698777085
80.8751083821
78.6376449727
63.2377939229
63.3405555123
66.8336016355
69.1138326848
68.9851159533
67.7634020257
72.6070296065
81.3966405458
80.9504795322
82.7454951267
70.4181305534
99.6409929384
71.7297240842
65.4467142857
67.514626703
67.6265457376
72.9134442712
73.245
80.761811306
80.6077098284
75.7601380117
70.5762786438
72.6000537802
66.094084891
67.3473841962
67.5473651226
73.1043794312
74.3783152767
80.3729473684
80.8448958658
78.9979816764
101.864230467
77.1234580897
76.2252564302
68.345805296
68.225702608
68.8702779292
73.3681332295
73.8279501363
79.4141392356
77.8884715289
77.6438014821
77.9817746589
78.2093224172
68.298713284
68.1824733359
68.2730875486
73.8387666537
75.6368527464
80.0009879095
79.8469769891
97.4502968627
80.7413785575
78.2046604288
77.9376163743
69.9410732087
67.9099307123
69.2755009731
70.0174261784
72.3217876072
78.3835721529
76.9059048362
79.0111044834
76.6665624025
76.2724696025
69.5698267134
68.2927029973
68.8421964981
71.2368971562
73.9463093105
80.5335426901
105.477937942
79.902524571
80.2974853801
78.5891847953
76.4060475448
66.2368243769
67.6707909692
68.4290284047
66.350759252
67.8102216595
77.9112385965
81.460217154
80.0602175439
74.3924918161
75.5003624318
66.1750965732
68.085433463
69.3138151751
65.6378796729
68.7524678613
102.188485277
79.8867408418
80.9862163743
78.1955699805
74.2186575769
65.8376817296
67.3822257688
68.2756571984
68.1591287437
65.1090062305
64.6580128505
73.5125070148
73.6857416212
72.6761769291
70.252501753
64.1414117647
66.6109723628
70.3261264591
65.8516697783
67.4683417672
96.9797360784
69.1161113274
68.3014394235
67.9064526685
67.9649766264
65.117095405
65.4386806854
69.5294571984
73.153882536
58.0865480358
69.1391848249
69.5632451362
67.3088746106
66.9184641745
66.9831791277
66.3110922538
67.3110790498
69.2002909374
72.7896476079
54.6693114308
91.3250818966
67.9736642023
66.3779988327
67.4724982483
67.573224601
65.5288170494
68.800859144
68.3859478599
65.9315501946
51.3406798911
41.2036990669
65.2181408012
66.4913877869
68.2552307393
68.5319766537
68.7556031128
70.3958307393
70.1297211202
63.1892612753
48.0549206843
71.7395470519
66.9906483858
66.6712604126
66.3448127676
66.9466156542
66.3915634735
67.1304435358
67.745148696
67.571224601
72.5021373541
76.1117596266
68.4436805447
66.9341977423
66.6324935773
66.9400759642
69.7572306194
68.7684910436
66.4552410436
66.8310685358
69.7956832685
72.3718675781
72.848252431
69.8571727626
66.7766826324
65.6028528037
75.293065446
73.7598339829
73.6763599533
70.8677549669
63.6470681464
68.9242684825
71.292966537
70.1357050584
69.5510315543
69.4594074795
78.7487014809
80.5734060795
79.7120970382
75.4164503311
69.2178250877
96.7651879168
66.9362771506
69.2548536965
68.6055929961
66.2740186989
75.2569361122
81.7442128655
79.8374951267
81.0437454191
70.3269890881
70.5147712393
67.2523600623
68.9418283379
68.2446068509
70.1912220491
76.3404573432
82.8197415205
83.8911029641
84.3800775828
74.7443044834
102.001655808
77.1332096648
68.1762705333
68.3869941612
68.5805056442
77.5045455963
78.7193826968
83.9385370515
83.8840908736
77.4939208268
75.3198502924
78.462297076
68.2937741433
67.821434021
68.2407804593
77.958254191
79.1275467654
83.1026532761
82.8006746001
80.7020553822
106.676525344
80.0952346979
79.1823797271
69.2828640436
67.9261973531
68.8512144803
76.337578332
76.938921668
81.2588861154
77.8536129536
78.61774961
80.1715762183
79.5030982839
69.5530981308
68.7312709225
69.3418439081
77.4941379579
78.8200779423
82.4182771272
81.4458943058
113.129936296
79.1010900936
79.8454452242
78.6999547582
69.3297258567
67.4659536785
68.1172358895
75.4601847233
77.087193297
76.5964939524
76.4711923527
82.0307905616
79.8765524366
80.7212690058
70.5718726636
67.1657100039
67.593179058
74.23766212
76.6601352299
80.763050312
109.196723731
81.7157822864
81.586600624
82.350697076
81.604782846
68.0182515576
68.1778298949
68.6275021409
72.8065023383
70.2099547935
78.5252687207
79.2265553822
81.0433814353
78.5451294347
77.3938191033
65.634607866
67.3093923706
69.2223867704
65.7275149981
71.2765508376
115.992142801
80.6813516569
82.0155797271
78.9907672515
76.0464727202
72.0201329435
66.693074348
67.7446361868
68.5702805447
63.8703757788
62.7656584891
76.4384814815
78.214494544
77.3856929072
72.2515227892
66.4765695364
66.9448980148
68.8868081712
65.9010641774
68.9030108992
103.933892773
68.0257166213
72.43977873
72.1782365549
72.8095134398
65.7623155434
65.5676031931
68.666214786
71.1430727343
58.4732559315
67.3445227715
68.0344488128
67.8597698598
67.7989053738
67.5774556075
65.788059167
65.4211187232
70.2642054475
73.5365845974
56.0715451011
97.7969133333
66.6056906615
65.6544747082
65.1632288828
65.6225815492
65.9270105099
66.594147139
66.7171619307
68.8000159471
56.8012644885
42.6683083204
67.2928872034
67.2073469467
67.2411649805
67.3683544747
67.5796614786
69.1266571984
69.27137393
63.5888778685
52.4516263608
78.7007198748
67.1505159533
66.0752888283
66.3054133904
66.6527036604
68.3966113707
68.0094945483
67.7355404984
67.4538310627
71.2253085603
74.186042396
69.6461038911
67.0524365265
67.144357866
69.4713794312
71.3795243475
70.3862057677
68.5498189252
68.385277648
68.0762307393
77.5649820172
72.0049494163
69.2828673152
67.034366433
66.937991433
78.4496769291
76.5347708496
76.9757521434
73.0901982859
62.7150346708
68.2345846633
70.6639389105
69.4218789883
69.127253993
72.0745847293
80.8642651072
81.9434635478
79.7699103314
76.3982537023
68.7548865939
89.8769847179
66.378326197
68.3887330739
67.8488077821
69.3527066615
75.1914041309
83.4087446394
83.1373946958
82.0000619883
71.7879762276
70.0188254092
67.4412807632
67.9317158427
67.332866485
75.2294820733
79.1535210444
83.5968837754
83.708800702
84.5305643526
77.7240588694
91.8014042303
78.2122584795
68.5367332555
67.5767866874
67.4973892565
77.8344916179
76.8109933723
81.682409286
83.0542887242
76.8610952009
78.5558650546
79.0021044834
68.1461304517
67.1018221098
68.0160840794
78.6496120858
77.8172276803
83.3418548576
83.0023086227
82.116297698
117.625651062
82.6654812793
82.7927269891
69.8634098169
69.1153468276
70.5978318412
79.1411641966
78.7194588694
81.7152290285
78.5883843153
78.6270764729
79.7050273011
80.1948615445
70.1684462198
68.9297909692
71.1280953678
79.444819883
78.8875419103
80.8632969177
80.7306749902
103.604175039
82.1359168618
82.1037472699
80.4064602184
72.082741433
68.6026752336
69.4301082133
79.0223395712
78.358225731
79.7603780726
78.1545911042
83.3515632319
81.4341099844
81.3315705928
72.8037153427
68.4514610592
69.819704165
78.7566723869
78.3407235867
81.9368864612
113.818150157
84.3530987124
83.933172064
82.8631053042
82.3237960218
69.2641861371
68.0390930323
68.4500731802
77.6638168355
77.2317275916
76.9982621927
83.4604389387
83.4186774571
81.4861734893
80.7495362715
67.0189225078
68.6241288439
68.9193756325
72.4036934164
71.2523289166
114.188891467
83.9509847894
81.8972090484
82.7143884555
80.8158499025
77.6260393762
68.2294933801
67.6784266251
69.466781323
63.9376634203
63.5995340865
79.6703734893
80.1621524366
78.6113949318
75.6367763055
71.1395354638
66.7597655763
68.3811175097
66.7595768184
69.1279084891
93.2664625637
69.2429419782
78.2106227592
76.8491009353
76.4517353858
66.0521523179
67.2856766654
67.2405500195
70.7406058366
58.2104177363
66.1003662904
67.8278894511
67.8517109466
67.3203241138
67.9671959486
65.6883823988
65.9612176791
68.954240856
74.0191248541
60.0277405679
100.319132705
68.1746089494
68.2048338521
65.5800373832
66.4004349688
66.3922383178
66.7495920592
66.688822499
69.8488844807
59.9463905095
45.7414199067
69.4460463035
68.7302933852
68.3258501362
67.6665247178
67.9631210588
70.1169824903
67.9265416342
65.2636371062
53.5652282271
71.4330914062
66.8943959549
67.8867624611
68.6261242212
67.30237164
67.612947799
66.5011402415
66.6661207165
67.582152648
70.7289252918
74.7933212758
69.3864241245
68.2268056854
68.4509957165
72.6689633671
72.935980117
72.7605676413
69.6060993377
70.4182571095
67.1961304009
77.8155318484
71.7116638132
68.1165389105
66.5883696922
67.4198348266
78.8322969602
78.8995883041
79.7238051442
74.4547802883
63.1721932217
67.881535617
69.9091610895
68.4575838848
72.411364628
74.3637583788
80.9395766082
79.0162409357
80.9337945419
76.4417361652
70.1283211224
87.1841206424
68.1225803815
68.3192210977
68.7645920592
75.0694489478
77.1983908807
81.4030429017
81.9046170047
80.2750413417
76.5076662768
74.0815348928
67.7875167445
67.7886321526
68.6988283379
77.3034847894
78.9750269006
83.6762006245
83.3548029653
82.5661872805
78.7546890363
116.697615506
78.2655762183
68.7159669003
68.5679875438
70.2375274426
78.6346947368
79.2273758285
83.4319083106
84.042736534
78.4392235661
78.8819652886
80.084331384
67.8715352552
67.9095951732
68.3179906578
80.9249692008
81.6907758285
84.8379090554
86.942253708
83.0306748634
113.361351022
80.9476162246
80.7467550702
70.9028648228
68.3539470611
70.2507741433
79.525023791
79.4386834308
82.7870952381
78.623617096
78.498971897
80.6639313573
81.2326684867
70.7937900273
68.9889505644
70.151330868
79.5685758285
78.0813423002
84.4452135051
83.2422452167
126.966151694
83.5032446352
81.9544485179
83.0713983613
72.2202290612
68.2638668224
69.9070821651
78.6274701754
78.3887064327
78.2109277626
77.9470296528
84.5981400702
82.0616544462
81.7574060062
71.9573463187
69.0649127726
70.0355476839
77.9036690058
77.9758990253
82.270921936
117.309184894
85.0879441842
85.9842848225
84.5176540562
83.1391002731
68.2724666926
68.5378583106
68.6464912417
78.2425621832
77.330188694
78.2552337105
82.3010019508
81.6829652751
80.3481009747
79.4143107212
67.3847071651
67.9709267913
68.7768287271
72.2948943882
75.2093643804
113.139654481
83.87224922
83.2887311744
83.7034765991
79.540782846
77.5939380117
67.8343637072
67.5990770728
68.9402361868
63.3573848851
62.7883521621
80.520911501
80.1970803432
80.8790487329
76.5412170694
72.1584984412
67.8132827103
68.3677325808
68.1230175097
71.1673796729
120.512114961
72.2459622274
78.0625321637
80.419673032
78.8402307093
66.3767927542
67.3147105571
68.2458018684
69.7116225681
59.0049739401
65.6178606462
67.4570568536
68.1497105571
70.0688375536
68.4415188937
64.1004225078
64.8719205607
69.0261828794
72.9135052509
60.3732567095
97.5652102785
68.4345114831
67.3476340989
64.9313894081
65.4980517913
65.2696970405
66.7767504866
67.6073785047
69.9803702839
62.6214227927
47.8490408243
67.7420346304
67.7356435798
67.3755940054
68.3116788634
67.4215044765
68.9575840467
69.7205494163
65.3467876313
55.9036332166
74.8234800625
66.0168280825
65.4951343458
66.5883757788
65.3788831321
69.0348952084
67.3051943903
66.6541429128
67.1824715732
69.7004381323
74.6110991832
69.5496918288
68.2940128505
68.5709731308
74.0620884645
73.1466909587
71.7194024153
68.8939298792
68.8323338527
67.4763507201
73.6719167969
71.1442618677
68.309048249
67.2361932217
69.3711904947
79.01191423
80.5987364522
78.510724259
74.7604142634
61.0317579891
67.9441868431
70.1650108949
68.5422129233
72.5750927152
74.1686192518
79.2791477583
80.7784902496
79.476219883
75.9955419103
72.0251866719
100.171212632
67.3277667445
68.2956656286
68.5884258466
76.2223320343
78.3704516758
81.899275351
82.151599064
81.2548553042
77.5937321637
75.0595005848
68.670588785
68.501459712
68.9668566978
78.3577555556
79.6724116959
85.2172563402
84.9090074132
84.8146543114
78.5202854914
105.525885613
78.420062768
68.5063287885
68.1138131569
68.7303577267
80.0106128655
80.0565306043
84.7547416081
84.1618212334
78.1493620757
79.3079106864
79.8687769981
70.0283665758
68.6850050603
69.060341378
81.736385575
81.8824475634
86.5497872756
85.6324172521
82.6767919594
121.103729528
81.1607975819
81.9875610613
70.3615438255
69.0976021798
69.7970112884
79.9316017941
80.4008128655
83.190058548
77.8316217799
78.3194102264
80.6486435257
79.6315132605
68.954348656
67.7945504087
70.0849517322
79.5609376218
78.9884814815
82.5417747853
82.9216576893
128.395204572
86.1398946136
81.8786279251
81.9039414748
71.4155099338
68.4104785826
69.2253878505
79.3326491228
78.7876202729
80.5530320062
81.0356998439
84.9656010929
81.8745678627
81.824475039
71.3448340475
68.3446504476
69.5471016355
79.8601820663
80.2466966862
82.8980640125
117.234647522
86.0572056987
84.2984182599
83.4594734789
83.1127788612
67.9386587456
67.9392833787
68.5008788941
77.5304647173
76.8252619883
77.7347194694
84.5061275849
85.9863328131
82.2821599064
83.18325078
68.5299918224
67.1586107435
68.2712257688
75.3429123149
73.8386742011
114.68495753
83.21900039
84.1492304992
84.0677223089
81.9428673947
77.5410908382
68.1986207165
67.3181930712
68.5709050584
63.713889365
63.8783769981
79.6281575049
80.8663319033
80.8142994152
76.0623391813
70.6235750487
65.6995097352
68.0003518879
67.5221217899
69.4918021807
111.16163665
70.2734795481
77.8055658613
77.6897272019
77.5401913484
66.1453137178
65.9707623685
67.0979844297
69.7517525292
59.2560221704
65.0222296613
66.9964696262
67.5204215037
68.4904384256
67.3098449552
65.0536218847
65.0211682243
68.8395350195
72.3664826916
58.3813558926
100.029453082
68.4878287271
68.4937925263
65.8672177639
66.0413660436
66.1991047508
66.7702242118
67.4270089529
70.7719727626
61.3601602489
47.5562153966
68.0232276265
69.4805505837
67.8428446866
68.190910471
67.9436917088
68.9845453484
68.720744358
66.4408409179
59.0799478802
88.4715903567
67.164126021
67.5218383956
67.696680296
66.9848582555
67.260368134
66.9125188937
66.9670035047
66.9325179128
71.8893871595
75.3028183586
69.0948124514
68.3572449377
68.4321312305
71.2676380989
75.2979068589
72.091507986
69.3667541878
70.0165617452
66.812553912
79.4384249414
71.361018677
68.8400470817
67.7076614725
68.537133619
79.9596936867
80.0023005848
78.2999653157
74.0223954032
62.5529255941
67.3975961838
70.0473622568
67.6876684825
68.9995814497
69.5236710834
79.9228826511
80.6240124854
80.4956768031
77.767291894
71.4582712393
97.3557059976
66.4921000389
68.4536364344
68.3012425068
75.49574318
79.7450218239
82.1194516381
82.8494672387
80.7691111544
78.0345961014
73.5270651072
67.4702298403
67.9724667186
67.8370782406
78.0658787997
80.3957169591
85.4957760437
86.0224682013
86.4967249317
78.9510339314
112.983961054
79.1797333333
67.8455443925
66.7438147139
67.9812428961
79.3858690058
80.0090370515
85.1179574717
83.625806867
78.2062356613
79.1939126365
79.2248560842
68.473579665
68.2527816271
68.8328470222
81.0423224172
80.2235083821
85.0075427234
86.5600120999
82.2099656518
110.274369394
80.7555421217
81.2382102184
70.5606641995
67.9450085636
71.1144406384
81.3189068226
79.3463653021
84.4524434036
83.7785238095
82.9345917252
79.4837921217
80.7298283931
70.789416829
68.1075877773
70.5701876216
80.4327270955
79.6737419103
85.248029274
83.3328376269
121.660945276
83.5905384315
82.6257578003
81.6576158346
72.4645449942
68.3455955625
70.2021078241
80.4605610136
78.5409126706
79.6791088568
79.5955259462
82.7316891839
81.0291111544
82.2661173947
70.5206102884
69.1339996107
70.2119929934
79.3640319688
78.1310526726
82.7115843091
107.955506876
86.3162283372
86.2956410456
83.810349454
84.1150401716
69.0835056486
67.4677676139
69.0246956014
80.2445017544
77.1354323587
78.9440085837
85.5560468201
84.8886316816
81.4114613885
81.7139680312
67.6104674718
67.03541884
68.7761743869
75.3190066251
74.8524251754
118.535742621
84.3693035505
84.3177936817
81.9800861934
81.955594152
76.1530300195
67.6251814642
68.0442238225
69.0906564202
64.8632500974
65.0917004285
81.8307777778
81.9497664717
82.2548721248
76.6712451286
73.5001866719
67.3646047508
67.9077933852
68.5650645914
70.7559540498
113.272872835
70.85984067
78.3715514419
78.1086436647
77.3293632112
64.6233626802
65.3049135177
66.5960486571
69.3092194553
57.7796141579
65.1437804593
66.7712713118
68.8591865991
68.9393147643
67.8296380989
64.5461830218
65.6543999221
68.1857431907
72.1569867756
59.14819479
94.8095137255
68.6019291829
67.9894165045
65.3490864486
65.2738255452
66.3543925234
66.715719346
67.4103912028
70.3752389105
64.2883302217
47.8484086314
67.3194428016
65.9253809339
67.9901179447
67.7901919035
67.1902292721
68.276584274
68.7804155642
65.957781797
56.4851450233
83.2382873923
65.9070598989
66.6566757493
65.6358006231
66.9019953253
68.5124994157
68.2788387222
67.4891503115
67.4456507009
70.8550182879
74.5425814858
68.3650937743
67.5326310869
67.3870919003
72.4164456564
72.4234318005
71.9441168679
68.7968063888
69.6522777561
67.1374133904
80.9237203754
71.4945525292
68.6835303502
66.1738250877
66.2341312817
78.636141855
79.6584725146
78.6682466875
73.9560982073
62.7660973899
67.5059057999
70.5756245136
69.0157007782
71.9835886249
73.408913484
79.8880276911
79.5549099415
80.3102055382
77.9498234606
70.454650039
97.3816494118
68.3041377968
68.1111066563
68.8118038147
76.2529696025
78.5690705378
81.3776275351
83.1240854134
82.6718389236
77.0483606238
74.6420421053
68.3167461059
68.0585033087
68.2496850915
77.831609509
81.2977465887
84.6640198986
84.71
84.6224471323
78.7749099064
104.91791945
80.7156458658
69.6247904168
68.5433670689
70.2507236279
79.3026109162
80.4918826511
83.4621424112
85.2900175713
79.3405392119
79.1501400156
81.5417010148
68.2977545773
68.514998443
69.8019770339
80.5739360624
81.3704553606
85.9414787359
85.9285675254
83.558134998
123.512758661
80.5482418097
81.4422160686
72.383462797
68.0594639938
71.0674168937
79.6185387914
80.5257625731
83.0561135831
79.7746108509
81.0056764247
81.0467570203
80.8037351794
70.3846910791
68.2642915531
69.9237559362
79.6826136452
78.9318159844
85.1478099141
83.0747521468
122.576995274
85.091557377
83.2303599844
83.0434664587
72.1043128165
68.0519657454
69.824435578
79.3388237129
78.7507461988
78.9724750195
79.3131881343
86.4284371585
82.4130643526
81.1278280031
72.0644931827
68.6507154535
69.1417870767
79.4296296296
79.0340670565
82.8252045277
123.900948425
86.5417123341
85.707995318
84.3903482839
85.1473428237
67.6251328399
68.0152152589
68.6787337485
78.1481411306
76.6329539961
78.7992364417
87.4684444011
86.4674408896
84.3959676287
83.8885497076
67.983152648
67.8862993383
69.0330276372
75.3831952455
74.1122292398
116.44434107
81.2771162246
81.6668801717
81.3830861934
80.3921294347
77.3454422777
67.4578843458
67.6483238614
69.2578128405
65.6910572653
66.5621788776
80.9409910331
80.398399766
79.8498592044
77.6054614186
72.8659251754
67.6547889408
67.6917356948
67.5799039284
69.7784369159
108.506710692
71.5369395947
78.1659711613
78.6321122369
78.1364968823
66.7678117693
66.5693038566
67.8029571818
70.2501801556
58.7773138856
66.3086590113
67.8090151869
69.2157444488
69.8031231009
69.2523268407
65.219786215
65.8131347352
68.7461584274
72.9921971995
60.021210424
106.456723555
68.9799789801
68.63341884
66.0698329439
66.5201409657
65.7683944704
67.6571689373
67.3605823278
70.8817350195
64.1574247375
47.8043487558
65.8209038911
65.5246529183
68.0034745037
68.2483421565
67.4644601012
68.8158521401
69.2251226158
65.1583286659
57.4609731726
85.1501808927
66.32815986
66.6575241433
66.1291222741
66.5857023763
67.611850409
68.0425116822
67.8776635514
67.63218582
69.5921245136
73.3785978219
68.7322774319
67.2453481308
68.6595668095
73.2381063498
71.3495037037
71.5083517725
68.6593428126
68.3390630841
67.2858754379
77.0866829554
71.3479824903
68.0954225681
67.053286716
67.6445060382
78.3836323587
78.7517239766
78.5985391813
73.5236754967
60.9900066225
66.670459712
68.5346428016
67.6771681588
72.3373696922
72.1492727981
79.2524588373
79.3450748538
79.4443898635
76.2334614186
69.7271044427
105.695189242
67.323012067
68.4876352666
68.3832635267
77.6032213562
79.3518947779
82.178793911
82.6638712949
81.9964414977
78.295128655
75.4318830409
67.5795588006
67.8546656286
68.9688738809
77.5608791894
81.3449766082
84.5517709715
83.9733195474
84.2165938353
78.3707113885
98.7905472734
80.7983118908
69.1607616822
68.2249964967
69.1169626314
80.0768534113
79.8660292398
85.2357612173
84.7160288837
78.6550085837
78.7993276131
80.1082939571
69.3575126607
68.7198925652
69.041640327
83.0380896686
83.1653723197
88.9866569087
88.1501717408
83.6039921966
118.409472627
80.6738428237
80.4527156786
70.4376116089
68.7548077073
71.1481448034
79.8865483619
79.1733076023
84.6301022639
80.0471502732
81.1367002342
82.0809282371
81.6100327613
69.7953659392
67.989793694
70.9614834566
80.9512230019
79.9574483431
82.759156128
83.3280074161
123.480486806
84.9023017174
82.371975819
82.4235592824
70.8676825088
67.198091086
70.1659785909
78.7119329435
78.0889290448
78.9039125683
79.9313450429
84.5398071819
82.7246782371
82.9608108424
70.9528098207
68.1945363955
69.0444741144
78.3242565302
77.9610233918
81.9805819672
112.234438852
85.4372396565
85.3481701131
85.1694707488
83.1868568643
68.8127830152
68.0646675749
68.6890217984
80.0809469786
77.1050233918
78.5976734296
85.0579239173
85.3269578619
82.3660117005
82.1380288499
68.6106444704
67.4901837291
69.2989490074
76.1383951676
74.0439321902
116.50440716
85.2839083463
84.8039017161
84.0321852574
81.884014425
79.2544588694
68.0760876168
67.8706819774
68.6049708171
67.2009742891
68.1738122322
79.8398077973
80.3945734893
79.6361512671
78.2847385035
71.740129774
66.4776033476
67.785356559
68.4018715953
68.8226529022
106.355477594
70.6940880062
79.1703538581
77.9879399844
77.4104703819
65.9991838722
65.6832863265
67.5082452316
69.51867393
57.5135254765
64.8286438303
68.1265116822
68.253089244
68.9706022594
68.6411885469
64.4557406542
65.8121530374
68.1593055664
71.5692010891
59.3510073901
98.9289748823
69.1244480343
68.057834566
66.0120681464
66.4555856698
65.6589906542
67.1425554691
67.101704165
70.4914297939
64.4455406457
47.4166403577
69.7770035019
69.3525373541
67.2239556248
66.9994970806
67.5973394317
66.96132607
68.7753953307
66.2199642163
56.3016664075
81.3296180039
66.7560093349
67.7353043986
67.1259019074
65.7300424455
66.0871253894
66.4821449162
66.6456098131
66.6320089564
70.9360529183
74.600075457
68.9228821012
67.7999887072
67.3367866044
72.4482859369
73.2195288387
71.7973607324
68.9102228282
68.4256643302
67.5364019455
77.5424519156
70.0940774319
67.4519389105
65.2677830152
65.4569848072
77.8363448948
78.7204688231
78.1775989867
72.8371395168
61.162176081
66.8075873881
69.1310140078
66.885181323
69.4785134398
70.1864043631
79.5982916179
79.3851551657
81.7907095517
76.689555339
71.2158109162
94.7031909055
67.4653803036
68.7850786298
69.0377232386
75.0199703819
78.5562127825
81.4186181747
81.6026879875
81.6912117785
77.0692576998
74.5591173489
68.5096409657
68.4505578046
68.5779657321
78.7009723305
82.7510592593
87.0775942255
86.0488923137
84.93869762
78.4836661466
109.476715297
78.919200858
67.2032745327
67.2123386532
68.1175352277
79.0048596491
79.6798085023
82.9445661851
83.5487518533
78.3203445181
79.1540393916
79.1872038986
68.9452278037
67.8133160763
68.6069778037
79.9738530214
81.3591021442
85.3796618508
85.6801885246
81.852004682
122.999606538
81.6271513261
79.8408560842
70.7182512661
68.8953476061
71.3225893344
79.070762963
79.6181824561
85.3123423107
81.0541444184
80.0231124122
80.8237734009
81.5593155226
70.8687795092
68.9740599455
70.4764291277
79.9108291732
80.307702924
83.7742923497
83.6664387198
121.954977165
83.4127697112
82.0431404056
82.1859434257
71.0202785353
68.7792436746
70.1978614247
77.8123013645
79.5528140351
78.0652708821
78.1526760343
84.3428177205
82.5316973479
82.0741965679
70.6604935723
67.8420350331
69.1606076294
77.2864105263
78.5637130604
83.9849000781
129.197379582
86.4982411237
86.5969180648
84.0303896256
83.0063875244
68.3840140242
66.9925760996
68.0293635656
78.5831146199
76.2748062378
77.2504160812
84.1585839188
83.8907756535
82.0608311232
80.5652385965
67.6859501558
67.2244951343
67.9026107435
75.8258834762
72.7860814497
112.123789225
83.5532918455
83.4946154446
82.5394660686
80.4645325536
78.7371700468
67.5786616044
67.459658622
68.9034824903
64.2473252824
65.5880066251
80.579782846
80.701254191
80.5689415205
76.6180596259
72.4065062354
66.8478060748
68.6759089494
66.9126849475
69.5978481308
114.901456479
71.7983268407
77.6402505846
78.4189645362
77.8021633528
65.7544499416
66.3924561745
66.4616854807
69.6885712062
56.3716328277
65.7384379136
66.9731257788
67.3961897156
68.8731445267
67.4892921698
64.6907418224
64.4936693925
68.4231400778
72.5792559315
58.4737180086
99.9622434236
69.0374231218
68.7604192293
66.6866857477
66.4332476636
65.9945786604
67.5824098871
67.59483768
70.2410638132
61.5867592377
48.6165524883
68.8803957198
68.4629128405
67.5328442974
67.3214822888
67.5661296224
67.7822603113
69.1920478599
66.1273967328
57.6171229094
77.1773454617
65.3383131077
66.7123865317
66.8169478396
66.1092149533
66.1723095794
66.5248859034
65.9126993769
66.4010533489
70.9804245136
73.6912038117
67.2946731518
66.8960825545
67.6343376168
71.7390338917
70.3190296065
71.6472660693
67.1948679392
67.6237169003
67.4317941634
76.2793094959
70.5280883268
67.7224575875
64.8422395793
65.5672547721
76.5424629774
76.9919150429
76.0798179337
71.8627584729
62.3097822361
66.8907279097
69.4712097276
67.2025381323
69.1506893998
70.45581418
78.4880261209
78.5439746589
78.5390183236
75.049985191
67.730335152
99.0057104747
67.7983176333
68.9371813935
68.4132736473
74.3157985191
76.7770748246
79.6730959438
80.6088120125
80.4432656006
75.1109341131
72.5952354776
67.0736549844
68.4951121059
68.4223647334
75.3180950896
80.9080615984
82.1642528287
81.8938958252
82.0777273791
77.2113575049
103.727920691
78.8604397661
68.8201292835
67.7667807632
67.9626815882
79.8979235867
78.7289832359
82.0977147874
82.8654799064
77.7745052673
79.5661060842
78.5302003899
68.6321102025
67.9517333593
67.7012055274
78.6408319688
80.6304214425
84.0918755365
85.4459914163
81.480518533
112.552501572
80.2829336973
80.2520834308
70.1917877726
68.7395864486
70.3481841183
78.6098721248
79.4623037037
82.2042473664
76.9890386266
77.8006562622
80.471225819
80.5766719969
69.8019925984
68.2278061503
69.2097442585
78.2018432749
78.221802729
82.4559820523
81.1568263753
104.662707499
82.5562469762
81.4361216849
81.2088120125
71.0013350214
68.3714344103
69.3412319969
77.9110795322
77.8960265107
77.4171283652
79.2914574551
82.0090948848
81.1763781676
81.2998764133
70.3344370861
68.1624398599
69.1136862592
79.0626035088
77.5904109162
82.2043168162
119.681001969
84.1480058525
83.7418318377
82.2555936037
81.8991883775
67.3392383178
67.7508793305
68.94305761
77.8134610288
78.8604346979
78.4121006633
85.2939867343
83.0180101444
82.2055130604
82.9295134503
67.9168909657
67.9105480732
69.3738353445
71.8677883866
73.4032346064
119.657352617
81.2314972699
82.0469379875
80.8841602964
79.1110175439
74.9775918129
66.2499338006
67.3174908525
68.3306330739
63.3432099727
63.3721499805
78.8357208577
79.4495953216
79.2240226121
74.3688897116
70.2043511302
66.9172235202
68.1521089494
67.0256945525
68.433086838
99.3594267766
68.9443025701
76.4714618083
77.0310440374
75.1965596259
65.5239076743
66.1360136346
66.925505255
70.1797754864
58.2376740568
65.3392031919
66.4846574543
66.1847015972
65.5265625243
66.3652516556
64.7543512461
64.3847538941
69.7926836576
73.2053150525
58.7547553481
97.557457042
69.120089529
68.023525107
66.9289022586
65.9489306854
65.0280611371
67.5897092254
67.6923974309
70.6714735409
60.7867841307
47.9507468896
66.8388770428
66.7825136187
67.1417259634
67.4470544959
67.6110284157
69.3151241245
70.1633898833
65.6626549981
55.0950171073
72.3431554688
64.6931306884
66.9520299728
65.924491631
65.4578925234
66.9571429128
66.9975167445
66.4697932243
68.3317621643
71.7017035019
73.9568245819
66.6694929961
66.5082639159
66.5033695483
65.8706864044
68.3178593689
67.5389294897
66.8885623053
66.8884439252
69.3627038911
74.0854238281
72.2253657588
68.2272081712
64.4218251558
64.6964116044
74.2058893219
74.0473620421
73.9051535464
70.1877008181
63.202426568
68.1658100428
70.8153560311
67.8591945525
65.3030638878
66.0272948968
79.4484701754
78.6652869396
77.8548078722
74.2519427347
67.3451963381
89.3363918495
67.0384499805
69.204944358
68.3106120623
67.9680362291
74.9047440592
81.5073087719
82.3602031189
80.6999325536
69.837434308
68.9938480125
67.7852211838
67.7779591281
68.3727353056
73.6643858145
78.4156784879
80.9323280031
82.2685159906
80.4874715289
74.0903578947
106.177496264
76.8829130943
68.5063629283
67.6041860646
68.6741012067
77.8164255651
79.30287841
82.7139785408
83.1156351931
77.2860296643
76.9137730994
78.980374269
68.0447698598
67.8512810432
68.90315181
77.6463282651
78.2195076023
81.7187460008
82.9414346469
80.5533175966
104.823280047
78.8466986355
80.568419883
68.1144906542
68.5967968081
69.8762296613
77.0717883866
77.9525327358
81.073518533
80.2923460788
79.3099761998
79.5707216374
80.4303649123
70.1486090343
68.340030362
70.5763079019
77.8138367108
78.3151897896
83.071011705
81.3462529274
108.100172102
81.429263466
79.2836339181
79.1648323587
70.1053193146
67.5054464772
69.1468898404
77.0082038986
78.765454191
77.8313753414
77.2549621537
80.4136825273
80.3907333333
80.3201692668
69.4552301402
67.4944266251
69.0962183729
76.6787073266
77.4392155105
81.3634213812
112.658437279
83.3042010148
83.3557301092
82.4424491228
81.3122682261
67.5968138629
67.5736605683
69.1267395874
73.9323776306
74.2101730994
77.6930386115
81.6088595944
80.5726669267
78.2314210526
77.7918335283
67.0844653427
68.2497419229
69.1887042802
67.7177545773
69.4743090413
110.710139599
79.2653859649
78.74718611
80.0462682261
75.7691859649
72.6206757599
66.5608216511
68.0082814325
68.8116614786
63.4542761979
62.5749680561
77.6279341131
78.4128074074
78.1564584795
73.4812925594
65.0200564862
65.6954312962
68.8468287938
66.4378789883
68.9294848131
101.432563408
68.1124887072
72.8742403584
72.8159318005
71.8682590573
64.4259146864
66.2216934164
67.9588501362
70.3322284047
58.995924543
65.967506812
67.3866321526
66.6766989875
67.5857721963
66.9203119159
65.39480919
65.3509345794
68.8545949416
72.0686709452
56.0476236392
92.823619365
69.4458392996
69.4818529183
65.7411382399
65.8890883612
65.8103600623
65.885386921
66.6945546905
68.9455250875
57.2452302606
45.6592006221
66.7979778296
65.8387635161
67.8839684825
68.2577216816
68.0091233463
70.2821840467
69.7187529183
62.1411590821
52.8560384914
80.3147589041
63.9646192143
67.8276123005
67.8240918645
65.8681452492
68.2861760125
67.8330011682
67.6317430907
67.570180615
68.381663555
66.6071423571
65.7172241245
67.4811533671
66.8797173998
65.3124688474
66.4117040498
66.0779147196
66.258597352
67.4379139743
70.9184455253
73.4867953125
72.3208183586
68.4380665111
65.7491838006
64.8683138629
74.4475594079
73.8344067004
72.7740631087
70.433410596
64.2043792835
69.7717003891
71.8667085603
67.6843922179
65.9680759346
65.1770179198
75.8483558067
76.5774353079
74.6804961029
70.2766564083
66.8532968446
82.6376258317
67.4929497859
70.956436965
68.8822996109
65.4437383178
72.5147534086
78.7160483431
78.5662081871
78.3759134503
63.496210834
63.1527386054
66.3017777345
69.0395058366
68.4691980545
66.6280763537
73.7933139852
78.7214214425
79.2110690058
79.2462779727
70.6656819953
84.9679510763
71.282454014
67.8718026469
68.2006294278
68.4932436746
75.2830795012
74.8700841777
79.9905189231
81.0168482839
77.8711407956
72.5020814815
74.369268901
66.6353391745
67.7385955625
68.9554857921
74.7279855807
76.5934684334
80.2187964119
78.3752656006
80.1854356474
107.805011788
77.8584021061
77.0775779423
68.8506207165
68.7906940444
69.1640638132
75.304709778
77.0213626802
79.967399766
77.3417355694
77.6603896256
77.4285964912
76.2467762183
68.1740245327
69.1752619696
69.9040108949
74.2297985191
76.5416036633
81.2112730109
79.546525741
97.946184386
80.2340904836
79.1486862822
79.2008265783
69.8621222741
68.8796516154
69.1446535617
74.0188398909
75.7620132502
77.6995747171
78.0463443838
79.9365643526
76.7259668745
78.1934251754
69.2538208723
69.197474893
69.3868804982
72.4861425789
74.8379224474
79.9487515601
102.537197095
80.9632363495
80.5475298246
78.5295606238
76.8018424951
66.4556538162
68.6485527443
69.4256718568
68.2285644721
69.3841040125
77.4176658869
78.6279961014
80.4430335283
75.4551874513
74.2648203429
66.165852861
68.7001401323
69.167463035
65.6242640187
68.3273819174
103.046230467
80.2158163743
80.6828666667
80.5318097466
73.1508706661
67.1049622127
67.731180615
68.1465560311
68.0436176585
65.2465899533
64.1744711838
75.6987420109
74.9144469992
73.2339056898
70.0016688742
65.1153868329
67.2682479564
69.7000922179
64.4132660443
67.9002752044
92.1257920094
67.4095118723
67.1445753798
67.4125165563
66.6261110245
66.8098785047
67.9255623053
69.7575023346
72.6866767795
57.8346923376
68.4180568315
68.8641015564
67.8072581776
67.3030323209
68.350805296
67.0249540677
68.2531413001
71.2871385214
73.8837277324
52.2140777605
97.6853111024
69.6235976654
67.9042287938
67.3017652783
67.4275655897
67.2205574153
68.7724801556
69.3552058366
66.5659319331
50.9444618974
38.8224986397
66.561361727
65.754260599
67.5578070039
68.2372933852
69.4920673152
71.4135486381
70.9392416342
63.3034700622
47.5263017107
71.9689886719
61.4485180863
67.9942042802
66.6813451362
65.2075465162
66.8574826781
66.9261666018
67.5003335928
68.4083066148
62.9165748736
57.7099976663
62.3648576429
67.8879027237
66.6059536965
64.8173781153
66.1160537383
66.3339532892
66.987089529
66.9777053328
69.2330785687
67.1982988685
73.9264823026
66.1895667056
66.8876309848
67.012311016
66.6190665888
67.3082819315
68.1185424455
66.7578789412
66.3065472947
71.439122179
71.680579541
65.9654655776
67.1743047879
67.5550766835
69.4621102454
69.0682469809
69.1516899104
68.559618621
67.5895661994
79.762132681
68.5042042802
70.5720649553
67.4809595488
65.0525969626
68.8325860592
71.9634694196
72.7179267628
72.2670163615
61.6698874172
62.5570124659
67.7022137018
67.930836965
66.5338801556
64.6609373053
71.513555296
80.0753994544
79.0035222136
77.2421126267
67.9177896377
103.285142857
64.2171316712
66.8065636434
70.2953105058
68.9872774319
70.9228589794
71.378511492
78.7364754482
79.5982120858
73.9027307093
65.3249395947
65.5045671991
68.062540288
69.8112237354
69.9017280156
71.7722524347
71.8654133229
79.2265873635
78.2706163743
74.5922562402
95.3227028616
67.5014466095
67.5141219797
66.5879645777
68.7971011673
69.070244358
69.2103860538
70.4384016362
78.9339840156
75.7062647173
75.9303033138
68.6659040936
67.6927322681
66.6533670689
68.7784245136
68.3066256809
69.7878578107
70.3146836774
78.2839773879
75.5696319688
110.265412019
80.2005306043
72.9876223694
71.4619318005
68.5083518879
67.7056194553
67.5138684825
66.4576739384
66.2637974289
76.8999769981
77.197025731
79.5320569201
73.1408737334
72.6446644583
68.4617100039
68.3490972763
67.9452536965
65.6854417608
65.7166108298
78.3068631579
99.4880858824
79.7168081871
80.6272904483
74.7195118908
74.5252948968
66.4569404438
69.6550509728
68.851044358
65.2270755746
65.6928242401
75.4570568979
79.2990674464
78.4220900234
72.030042462
72.1179333853
66.7278010899
69.3279085603
67.2110696227
65.4438878505
69.0576479751
96.0670670325
74.6889485581
74.6123901013
73.3538394388
69.2924807168
65.502290222
67.9555278318
70.9739124514
64.4782228705
66.6843114052
65.7785959517
68.12222127
67.6274250097
67.3593880016
66.873663162
65.423786215
68.9008190661
72.8383068845
61.3608879813
66.3561817828
104.571021987
68.3677489295
68.5793193146
67.6418033489
67.2898255452
65.9194196185
66.7384869599
71.2740210117
73.6324437962
54.5187546656
68.0274361868
69.496625146
67.700329311
68.0630700662
68.1568738809
66.7029205917
66.8214885169
68.3885320887
68.8041532478
48.0500863142
80.8814401408
68.1434994166
67.4008479191
67.5443140078
68.0821789883
68.1281824903
70.0459330739
70.2398377432
66.5985344224
46.0348289269
35.1044275165
61.6299249319
62.6963912874
68.0664330739
68.1296844358
69.4129688837
69.2531415792
70.2467584597
58.5821251944
42.8394692846
73.9836013276
59.8261912908
67.094836965
68.4276529183
67.9515657588
66.9381953307
67.501718677
68.6579929961
69.3961023346
64.5011621937
59.7355451011
62.5725523143
68.0255622568
68.1621525292
66.9097282989
67.3356177501
66.4097384196
67.3996828794
68.430636965
61.1847693504
69.6373391881
65.4989260988
62.6153169973
67.4863645914
67.1435346304
65.5430568536
65.5731238318
65.402449202
67.2862728688
65.6977150642
68.6565608713
71.6632901595
63.3870879035
65.4264153367
65.6512059167
66.3742686916
65.2945985202
66.6346246106
65.505232866
66.4644396417
80.396427454
69.8805396887
71.7278378063
65.2860035006
65.7247068898
66.9654682756
68.0212091936
67.0142158161
67.885768991
68.8676234424
69.5864014798
69.4535708171
70.0331711396
66.3815316997
65.6078766057
67.9110073959
69.6814553954
70.0376769291
69.1625753798
66.7909579439
82.3777080235
63.456451324
67.5586543402
68.4166394399
65.5590322832
66.808171729
67.0609614486
70.0759629918
71.3326042072
64.1729758473
62.9896584891
62.9665144081
66.2125998443
70.1759178988
66.992504473
68.4868640966
69.3438496885
72.2794701987
72.028479735
68.088137125
98.1692168627
65.1022551617
65.6398332684
67.3255760996
70.7113976654
65.5316985609
67.4624630062
67.8089162773
72.7260970382
66.4557451286
66.086403584
64.324625633
65.6010381769
66.5212409498
71.0877661479
64.8758859922
67.656951324
67.9796331776
71.6828671083
68.8020019486
99.0301922322
73.5363439813
69.2283799688
68.6808582002
69.0373735409
70.6185840467
67.3283638132
66.1196327882
65.9053021807
69.9796212003
68.3445966485
72.0793611219
67.4244292949
67.1281359564
68.2485669261
69.4507700389
68.5198922598
66.7362067757
65.6958676012
69.1446430242
94.9286496865
73.299
73.0732023392
68.5776295286
70.0345878457
67.8425120623
71.2212326848
68.2819101517
65.8440109034
65.2297947819
64.3716213479
70.5291289443
69.3601647838
68.4857537982
68.6705506231
67.6493715953
71.1698203034
65.1599778296
67.0933713507
68.903776956
88.8517896592
67.4495068173
67.2313287885
66.4266836774
66.7195050623
65.014633567
69.0920237446
72.4923776741
62.7685810968
67.1038446866
66.6793542234
67.0774805296
68.3558625389
68.0398430685
66.5159338264
65.9315515765
71.0222509728
73.6033064955
60.3769793935
67.8539357977
84.3999737666
69.3836307393
67.8874153367
67.508778513
67.2367979759
67.5662915531
67.7490716232
69.2358206923
69.9314189032
49.8256730171
59.6559416569
67.5596914397
66.9163782101
67.8097333593
68.2699303502
68.5878042802
69.6630054475
66.3405468689
59.0105139969
43.9644568429
83.3949029354
68.8776511085
67.2084231816
67.3459941634
67.3825050584
68.5043420233
70.4260116686
70.0121411902
61.94806493
37.8949362364
33.12134007
60.759149689
60.0944179627
64.6035441462
66.3499109296
64.9884889148
68.2086686114
67.9044690782
53.706527605
37.017653577
77.4945537319
55.9891874028
65.1535857643
66.159352781
68.8839190661
67.624755642
68.5424105058
69.257403345
70.5199840529
56.8861294712
45.6714681182
58.409007776
67.569655642
67.1908062257
68.3149357977
67.5506276265
68.0644478599
69.0588194553
70.1850404669
59.4630952566
66.7058561404
63.507285381
63.4168141524
67.4790782101
68.6444536965
68.7307574932
67.3396340989
68.6496321526
68.5559311284
68.523840856
64.7790023337
63.3076034215
63.1428884137
68.7836350195
67.8942649805
66.7466597898
68.0691086026
66.9689108255
67.6221268976
67.2572657588
75.8935292969
70.0660945158
71.2591108518
65.9699303773
68.3459101167
67.496075905
67.5202792056
67.144459891
66.699040109
66.086163877
66.6753655119
70.7497833528
72.9370575651
65.5622975496
66.8539898793
67.5689556248
65.7110085703
66.8741818536
67.1075241433
67.7599988318
82.9736221613
64.7296952121
70.3167439689
72.2624387398
64.8791719175
67.0996196964
66.8655901129
66.209003506
65.1992259447
63.6284850019
64.6589968847
64.7791868431
69.3397287938
70.8705674835
65.6430707896
66.4990159595
67.1890194628
67.4786661473
67.2049520841
66.1264238411
79.9296666667
67.6228707165
67.0501608255
70.0626875486
73.6908024115
64.1255585375
69.7474593227
70.0938746594
67.5116719907
62.2444561745
63.0124063109
66.1052172897
65.5644992212
69.5807579767
73.2018716453
63.7560867367
68.0612129233
67.2570891397
67.4446092715
67.6894483833
88.1478499804
65.8521355668
66.2453376168
66.9737511682
70.3983140078
72.8414445741
64.4969432128
66.7590521604
66.1011592059
63.4917370471
63.293195559
65.0839403974
66.1270050623
65.5872044393
70.2935607004
72.2284823026
65.5491878646
66.6829147528
65.5775453484
67.3883326841
84.1068250489
67.274651344
66.7544182243
66.7105576324
67.2966016355
70.5916509728
71.0921147413
65.7071524699
66.9673433243
66.9905916699
63.2771901052
67.4799820872
66.7937597352
67.1967773453
67.72005761
70.7446264591
70.4558063011
64.9549556593
67.1890101167
67.1082985598
87.644826087
66.3034676791
67.1833309969
65.9653983645
66.853013624
65.9471767225
70.7665894942
73.1760991832
60.070257776
69.8174747082
69.1929066148
68.3975581938
68.8718189957
69.5622646944
67.7341856754
66.4757707279
70.1166705562
68.7442068429
58.229838647
64.4942197588
81.3683802817
68.2611385214
66.4121284547
66.0171860646
67.9312798754
68.9004365759
69.5090412451
66.626672501
61.8292639969
43.2316854588
55.7992213147
64.1726608324
67.3434945525
69.1212062257
67.2224132296
71.4816511085
70.4390517308
62.1754996112
54.0383837481
38.454101438
77.8556271981
64.193915986
64.1044982497
67.1499354337
66.7090318942
65.3378751459
68.1794994166
66.0354850253
56.71856493
32.5758309366
34.1016813059
58.4084051322
59.4117888802
63.8705052509
64.1673652275
62.5292784909
62.4761792379
63.8811306376
47.0429160513
33.1677372717
63.785398986
42.1671989895
61.4359541035
61.7396452742
63.9359937767
66.1058156359
66.7557417347
66.5598362505
66.5552547647
45.5269650078
35.9407888802
42.3833716952
61.5126460521
64.6434025671
67.2771206226
67.2560202335
68.5189420233
70.1089961105
70.3463438351
52.2362674961
60.8243137408
52.9616566874
52.6226827372
66.2980070012
66.8432337612
67.1421291829
67.1254447471
69.3428451362
70.5106708171
69.9559521587
57.2810089459
57.5385031104
51.5012698289
68.2154805447
68.4634898833
67.5491136629
67.5743378747
68.2813957198
68.6700863813
71.0700747082
64.5348701754
64.7422504862
59.4294513997
53.6422083981
67.9296097276
68.0911914397
66.8037703387
66.711180615
66.0781514208
66.0256247567
68.3391121059
67.7609377674
65.2943663944
52.2927881026
67.9767879377
68.3048688716
66.4645554691
65.5429961074
65.5092257688
66.7459731413
67.7047345824
65.8779175097
69.7002119798
68.4153718398
58.32794479
67.8693214008
66.9342252918
65.5097209031
66.0113781153
65.5699260413
67.8770712339
66.9983787466
69.914521198
69.0884344613
65.0068292493
67.8906496691
67.0455309459
65.8326094237
66.7953498247
66.6332161215
69.3180745511
66.895221487
66.93279058
70.2390042785
72.2686238818
61.628705562
67.2149209809
67.2193557805
65.5040245327
64.6280354361
65.4598917445
66.9217170105
67.4563378747
69.9680101128
72.7328802023
60.5777526254
67.9559342412
66.697192682
64.7296767913
66.2863586449
69.7922002342
64.8244536604
66.2698127676
67.7215033087
71.4401135745
71.2964753014
62.1268813691
67.7355484624
67.0799291553
69.0608337227
69.3757753115
66.0258948598
66.069072791
67.1647547684
70.512823415
70.2580649553
60.866210424
68.8456142468
67.8220093422
66.6413010125
66.8369106167
65.5684088785
65.9961970405
67.1603919813
66.8952405605
69.9792574874
70.017605212
61.5258961494
68.2566918288
67.6109731518
64.7048092643
65.1954523161
65.5487746205
66.1388139354
65.4460856364
68.2072749903
68.5985975894
61.2785723173
67.8772237354
67.9964785992
67.4734282371
68.8889346049
67.6340323083
67.9317469833
67.3082731518
67.6873151751
68.115940879
66.5084576205
46.7000163297
61.4675688716
62.7606361868
68.3179190346
67.4195247178
68.2174285714
69.7246957198
69.0976175097
65.6336600545
59.9975602644
43.9264576205
60.1851816414
71.8073990629
64.3377471801
70.2925354086
68.3976031128
69.991781323
68.8511291829
69.336888716
63.5876726283
52.6368580871
34.7800376992
56.5341660832
61.8847697394
68.3222143135
67.7549533256
67.8431373007
67.8043204979
67.9412714897
50.0661209176
53.0698460342
33.9427411582
63.339111501
58.2383923017
53.8111197512
63.5984994166
64.1789587709
64.3441400233
64.7389852255
64.830596423
42.1820660707
32.4090691799
34.7026743101
36.8886397202
39.7641577925
48.6528433126
48.3752523328
48.5795202177
43.3452861586
41.6942821609
35.0232841042
33.4695215702
60.0815508376
