49.0436254473
46.7097705173
46.9363418903
43.4096332166
45.282882536
46.739084014
45.6027588487
46.2698720342
39.8913262053
35.0263938569
36.7429751166
43.6797864644
44.185714119
47.4237972763
42.4282229572
45.3754599222
48.0653943991
48.9967522365
35.2882433904
42.9881376896
35.9249160187
41.347212675
46.7172478599
45.9744747082
43.1463455253
42.4182108949
45.2856809339
46.6282610895
51.0532237354
40.4467989891
42.3585863142
44.1461551322
45.2547007782
44.5776357977
42.3965231608
41.9303542234
41.9120964981
45.1995459144
48.7455070039
45.0063339821
47.1364329055
46.5319976663
43.8852812135
45.9618529183
45.8660801556
40.8392572986
40.7940848579
41.5906652394
44.2188847801
45.3392634241
49.4025513619
49.0448047452
43.9692220926
44.4430338521
44.334370428
40.7784663293
40.1688898404
40.4434756715
44.7455118723
42.0683145193
41.00610471
49.095765072
51.689764294
44.7306662777
43.2259863813
43.1087976654
39.5598781627
38.3346562865
40.2782425068
42.9733390424
40.2544815103
49.2319490272
51.901159471
43.1950980163
42.3546500584
42.0661241728
38.8880373686
37.7269439252
39.5704593227
38.882330868
39.2399190346
40.2659260413
50.6772688716
53.4049439907
42.2849132633
43.0824772285
41.9686169716
37.2036154146
38.506019081
39.584792137
40.6103787466
40.5998734916
48.8648448075
52.4401147413
42.9499066511
42.5716677043
42.9237081712
38.4167816271
39.218177501
37.2037195169
38.7504573764
40.6383020631
41.2017933048
50.9603236095
50.7227102295
45.087714119
43.5160941634
42.2928342412
41.6423106267
40.6254289607
39.4968123784
42.1661370183
42.2904885169
50.5013733956
51.489537923
44.4227125632
44.9850540856
43.0326540856
40.1515764889
39.6733847352
39.1389065784
39.667285325
41.6814698326
42.6934690541
48.1000871256
52.7477751848
44.3396364697
45.7594097276
46.9508626459
41.744241339
40.4846979369
41.2273651226
42.1462316076
41.3532055274
49.6611369117
50.4242240373
42.4519758942
46.1111167315
49.1912828794
36.6192321776
42.0976313741
40.9138750487
41.262866485
43.8042735409
44.1040844358
49.0606830027
46.5627161742
42.7961625194
43.1265163424
42.4382237354
42.8975653696
42.0104817121
41.9220214008
45.6829750876
46.7744233463
45.956537534
40.629972395
32.7962239502
40.4427864644
41.6797764798
46.2448218592
46.6459268482
45.1024035019
45.7510330739
46.1058175097
45.2483875486
43.6620657076
38.8300583204
21.9926245628
40.0878105795
43.5822722676
46.8480435628
44.5972905484
45.3742613769
47.8987860755
48.8685138079
39.0983020995
30.1048417574
20.1747520404
42.4369883223
43.4027787714
43.0196073095
42.4984951381
41.7146713341
43.0458354726
45.0663794712
43.6706671851
33.049057154
17.9911927711
21.4548457054
35.489537325
35.697192846
41.8264152411
41.1633619751
42.1361407465
40.5949615086
39.8924914463
24.085838321
19.7788511465
51.5749287938
39.0117764386
46.5123061066
46.4127604045
43.5919968872
42.29947393
44.8715657588
48.3255635939
48.4505842085
38.482775661
31.6138378694
41.9974766719
45.0386791132
44.0423154415
44.7347108949
42.9110455253
42.7260677043
44.6943684825
47.2834326848
42.5085651497
45.5311846513
43.2827523328
42.894714619
45.7568579767
43.9879400778
39.8167582717
40.0139147528
41.0429166991
41.3826700389
45.1958933852
48.0097429016
47.9387900467
44.059598367
44.436511284
43.3749949416
39.7129746983
39.0186499221
39.6290241339
41.4604486381
42.9594252918
40.8014654432
49.7526180475
52.4205422015
45.9319319331
42.9201727626
42.9318085603
39.654717789
39.3689540498
39.3219412223
41.5621456386
42.1830583885
50.1355725399
50.233100739
44.9391232983
42.2264102764
40.876374854
38.6353843458
38.903911215
38.0783785047
41.3279237057
42.1842273437
38.3272370572
46.3599474708
49.677101128
45.0985223648
40.5351887894
40.0047325808
37.6725260903
36.8711647196
36.6518033489
38.7821647196
38.4404279595
46.8881319066
48.5137526254
43.2963889537
40.4975792137
39.744908914
37.5481573209
36.8533856642
37.2217596416
38.9961866928
37.2160919003
37.5082640187
46.3707093385
51.5407821859
42.6257432905
40.992030362
39.3733939276
37.7438932606
35.5867857421
36.3427858255
37.3777262461
37.7624871495
47.2139677043
52.4647098405
43.5108817581
40.512731413
39.8514920202
36.1211713396
37.8619061161
39.2646277886
36.7528080218
38.8752410436
38.7982577882
47.454322179
50.8477180086
45.1830151692
41.588374854
41.0233382639
37.2163886293
36.8028137904
37.1614737047
38.8684774143
39.0917367601
48.0262167315
51.0156277713
44.3184519642
41.2756543402
40.1012440638
38.6607096648
38.3762126661
37.4642415271
37.5339236463
39.1684797508
40.2103524143
47.0678933852
49.7837654609
45.4353745624
43.1761109381
43.8634310748
37.3532145639
38.7507250779
38.2042371495
39.8983944704
40.1281468069
49.2166272374
51.1994659665
43.5475001945
43.1288319066
43.2681580381
39.7098084441
39.5765771028
38.5756456386
39.4271670561
41.3567925263
41.3145270533
49.0632525292
51.8427432905
44.2534265163
44.5451922179
43.9216836576
40.8961930712
39.9889914364
42.1644118334
43.0551630985
42.6808625924
50.1374861921
50.3874519642
39.7118250389
46.2719805447
39.8410762016
48.4986326848
42.4448867264
41.8979976645
42.8640058366
44.6634058366
45.7872210117
47.1897887981
44.945625972
28.8055447123
38.0241528588
45.354571762
45.4235817121
45.499280654
45.1293043986
46.0384120623
47.3275669261
44.7769257387
37.9100108865
23.8137602021
43.9004675781
43.3189307662
42.9950280047
46.6812712062
45.5791996109
44.4932275379
47.3829607157
48.1719992221
39.9206823484
17.3026049767
19.4648604742
38.5891263608
39.5611699067
40.921613769
40.6297541813
43.2504266822
44.5824043546
43.3516197512
30.5259949456
19.4859778469
40.891157115
44.0735933126
45.6933307393
44.4753027237
42.6416964981
42.9148536965
42.3325683145
44.2782038911
46.6406957198
45.5111194088
39.9291796267
43.5741310774
47.364544358
44.2959568093
40.3474527053
41.0455519657
42.0048758272
43.0595529183
43.6786023346
50.8354484636
45.916474649
50.239520809
44.4620478413
42.6214459144
41.5870704554
39.427569093
39.0456917088
40.3348454652
41.4712331647
44.8546893733
53.4276180475
53.1067845196
43.0479961105
41.818505255
40.5342106698
37.871410596
38.781963785
37.9418602025
40.0838349552
41.5889735306
44.5199037559
47.9527093385
50.2247125632
44.531739401
39.2898007007
39.7307999221
36.5556918582
37.6473373588
36.4837067757
37.403459891
38.3761063084
46.6861478599
49.6952808246
47.5746262155
38.235599455
39.1151630985
36.4144191663
37.33212159
37.0041515388
38.8027978972
39.7287220047
37.3828991433
44.2868894942
45.9025003891
45.6071684825
40.3057916667
40.1450385514
38.771625633
38.5899692248
35.8304472146
36.5126034281
36.2588122322
42.8246420233
47.4411669261
46.2804766537
39.9515809969
39.3554061526
39.2877113362
39.5939598597
37.6325820023
41.3339541356
35.2699454616
36.4208679392
42.7971513619
48.0128848249
45.3303120623
38.3608220405
38.9326911994
37.4213435917
37.4235861263
35.6554877289
35.1445718738
35.7180790806
42.6400934216
48.0635618677
45.229951751
38.8489030374
39.2403703271
38.2830070121
37.9735736555
42.5820638715
39.1631994546
37.8556532918
37.787984028
43.5439248735
46.652863035
45.6254190661
38.2002024922
37.6860175234
36.8622119205
36.4966021044
38.5780144137
37.9863108687
38.2142742501
43.5398937743
48.0435560311
47.2737346304
39.575353972
38.1441086449
37.8161745228
44.2033872107
40.3861788776
39.9746653681
38.7807047137
37.792928321
43.3787568093
47.0465626459
45.9406763905
39.2931580381
40.1531288941
35.7114440982
38.5940409038
38.6579980522
38.1637523364
37.9706152648
43.2083684825
47.8341548638
44.0564525292
42.1312569093
42.8633806929
42.7474163073
38.2248897546
37.6877257499
37.7041667316
38.5761950935
38.9665334891
45.7597031128
52.2757674057
43.4056596655
47.0206862592
45.4769719735
38.4808037383
38.295711838
38.3154209502
40.3116117601
40.4797757009
48.1744116732
52.6854760793
43.4492616641
46.8423101167
40.1775242756
45.8818062257
41.2891736084
40.6540256909
41.0932970027
41.2292086415
43.1672470817
49.1465071956
51.6954912485
33.1443215397
43.0843185531
47.3655758755
43.5600506033
42.0659007396
43.53589529
45.2358891051
44.7562883268
45.7719249319
43.9884210731
28.7952468896
42.299525636
45.0308809802
44.4102952159
45.6995548638
44.6755914397
45.8970968872
47.4309377674
49.3058059121
44.6408191365
24.941901633
20.0650952196
41.2335342146
42.9027414463
42.1869700506
42.010402956
44.3600151692
45.5167697394
45.5722516531
37.5453211509
23.4343600311
43.2748324873
44.3893115519
44.9019420233
42.6117045543
40.1277084469
41.5332324766
40.8581514208
42.7445986765
43.9142319969
51.1958354726
48.0302819914
44.0531330222
42.1481237836
41.2202576878
38.7947294667
38.4263718847
39.0277337485
40.3114896847
41.2974001557
52.2051112408
42.4533832943
51.4395332555
44.0665670945
40.5112323861
40.113373297
37.9143699377
38.213883567
38.7391444704
38.838027648
40.5279910436
50.1235677043
47.2653772851
43.4456495527
40.0560583885
38.8830615025
37.599296455
38.5209080639
38.3120985586
38.1657542835
39.3970334891
41.0922929214
46.1775719844
47.0306361868
45.3008435798
37.4307838785
39.7610619159
38.3786470588
39.7742809821
38.778048695
36.297609509
35.9122695754
42.5820506033
47.4561374076
46.9549891051
37.3692838785
40.092692757
39.489124318
41.8005871345
39.8228254092
37.5735835606
41.5395803292
36.0727312037
40.8411097703
45.1379758755
45.8048412451
39.0270334891
38.8342119205
41.2820307872
41.3855005848
37.8721738114
34.8956127776
36.0836525127
40.9550751265
45.0553284047
45.3609031128
39.4004335801
39.163397351
41.886288499
40.7109270955
39.4476415757
44.2389458186
36.9692373344
37.2558199532
40.5732675234
45.0350498054
46.040507393
38.6465932996
38.6131877678
42.6450682261
42.2436678363
40.9946844774
36.6333647701
36.8596266563
40.501121448
45.3601859922
45.5698400778
38.4070479159
38.7917160109
41.8162810916
41.5394155945
43.5068064389
42.547060039
38.1606140351
38.1321422447
40.9111876216
43.2312365759
44.5664622568
36.5462165952
36.1675578496
44.2184191033
42.8716331384
42.1801422447
38.3621605612
38.6050116913
40.732207863
44.774388716
46.5512692607
37.7442215732
36.0778410596
41.9198475634
42.7248845701
43.1525157895
41.2119037412
38.7133671083
39.7660015582
41.6253324251
45.5325447471
47.4905747082
37.6877542835
37.5851012461
40.6274875292
41.718543258
40.9031184723
38.5706306973
39.1846544605
41.566987933
46.6142463035
47.212252431
38.7792725857
40.1245595794
45.2950400157
38.5875438596
39.7938671083
38.4358196338
36.3853572263
35.2343065836
43.6733553912
47.4266863813
44.0136731518
43.533584274
42.4045122616
36.9350155824
37.6489735099
37.4152306194
37.2553383956
37.4412554517
44.3391622568
49.8907320109
42.5062668222
41.8582210977
44.9815759121
43.5765270533
38.3603500779
38.054413162
38.969251947
39.7836376022
39.9144285714
48.6637836576
53.6541707507
40.6817768274
47.598155642
47.175814786
41.6653865317
41.2162428961
42.4579606851
44.1769116388
43.2149583496
48.3981474135
49.702302217
33.1267713841
37.7405113547
45.8027071179
47.5352376507
45.1693540856
43.2766953307
42.8199097276
46.1274653696
46.6018505837
44.8520742902
30.1854241835
20.0281344734
44.2106339946
43.7524900817
45.8771925321
45.9225733178
47.7809342668
46.2397856865
48.0934974718
44.2322013997
26.7728242613
46.9516622413
45.2688755348
42.7948789412
41.5507201246
38.2901876216
38.4930992991
38.5974312962
40.2086656286
41.2575029194
51.6809210424
54.6184014002
46.7196456632
41.236430907
39.6844924095
37.6922001558
37.7627842679
37.9515925205
38.575751947
39.7738668743
49.6421964981
42.0946476562
50.5248164138
46.9571462466
39.8573040093
37.6507133956
39.1566229061
38.245498247
38.1265520062
38.9949018692
37.4491935358
48.0912494163
48.9948346304
46.6077529183
37.901510514
37.6879388629
38.9404402026
40.2401457521
39.1781640047
38.8701242696
37.4953529412
41.1422573443
42.7469937719
46.3617303502
45.5260237354
36.8980689252
38.4589275419
40.6920919719
42.0976565302
40.6543858145
33.6124600701
34.1246182314
40.7320288162
45.1970233463
45.3767910506
36.6473167121
38.372381379
41.5576280702
41.6404276803
42.5015461988
37.0117544817
43.8758944684
38.4578741231
38.5707391981
42.7380463215
42.7477559362
38.6250857366
38.2100222049
40.5368732943
40.8599383775
41.434468616
37.8508160561
38.783835152
38.6122550623
42.4087975866
43.4845414558
38.0650970004
39.1384883087
40.2806074074
39.7206068643
41.5935555556
40.5285728308
40.7459953216
40.4753098207
38.9821273364
42.0693744648
43.7576492799
39.7309368913
39.6954834437
40.7728459438
41.4040986739
42.2474395476
40.8390436647
40.430417154
39.3389887028
42.3189108603
43.1384470817
39.7792251656
41.2825777172
41.4975202808
42.4607566303
41.9943058824
42.1775672515
41.1168097466
40.7509411306
40.0097788162
42.5689840405
44.8591152199
38.8866303078
40.0064641465
43.5549914197
42.5997355694
40.5148346979
40.6324645086
40.3819859704
40.0283345016
42.5987318023
44.3454023346
38.8217518504
39.7477541878
43.2912397661
41.4976590731
40.7297137285
41.0206070175
41.7561126706
39.8197147311
39.427286215
42.9588010899
45.2674089494
36.8966758862
38.3740331126
43.5228701754
41.4164510721
41.8510666667
38.9191028839
39.7794532346
40.11294081
43.9322128405
46.7779089494
37.4675260903
39.3204452668
41.5143667059
42.5140826189
43.0976764133
41.2990265107
39.4046739384
35.2695738216
41.6794713896
44.4735268482
46.2428930377
40.4174961059
39.4965373832
40.4757677319
39.4070358535
38.8901305534
39.0577658746
35.5077818465
42.5426792526
46.842507393
45.2656713341
42.4306313741
43.1239709804
42.8815780459
37.6664939618
37.3621499805
37.477358395
37.9399816978
38.7826919782
47.1784311284
52.6337662388
41.22545352
47.6591867704
46.8301357977
39.7302558411
39.3148995327
39.7178064642
41.5677722849
42.9634567757
46.9315530922
52.2884402956
37.5199615086
43.7061210815
44.5152319066
42.9240023346
41.9798474114
42.262537174
40.5998746594
45.5072824903
45.3806607004
45.6494902724
34.7628284714
26.4450567652
44.0836647219
45.3009805523
44.6635081712
45.7327828794
46.3946607004
48.4248976654
48.6257744068
43.6560637636
32.2233919129
41.7520183522
45.3277366783
40.7404927988
40.6454706111
38.679260514
38.1368208723
38.7199992212
39.5939462826
40.0577173998
52.543377821
57.192915986
46.2332821012
40.1842160374
38.6379326586
36.9534378652
38.8419528633
38.1416569315
37.9448979751
38.5936133178
47.8471980545
43.38761875
51.0484690782
47.1099933852
38.4957757009
37.020154595
41.1901577717
39.9840105222
40.1209684457
38.895546942
36.5126799065
46.8770824903
48.1634494163
46.4948206226
38.5814479938
37.6662984028
40.5086566641
41.8261847233
41.2205654716
39.4045169459
37.174970783
40.9661726167
41.7569750876
45.531266537
45.0669723735
36.4776751071
40.9409396182
42.1628
40.9294639376
41.9083352827
38.1142353858
38.4457326578
39.5525313351
43.4214390814
42.7720700662
38.0893533307
40.2917323724
41.0966592593
42.1644812793
42.4605536062
39.4142354776
42.6746012559
41.4240884645
39.0865488517
42.2862448424
42.7630669521
40.4007903352
40.7476664069
41.2093205928
41.3473326833
40.0053884555
41.1631968811
42.0636787524
38.800921729
41.3077987544
42.0763888673
41.4808654971
41.8841434139
41.7487223089
41.2514490831
41.6661068643
41.2929721022
42.7121048733
42.2902194932
38.851899104
40.3237485403
41.9056395485
41.0165452065
41.0757022603
40.4214348674
41.2458373
42.2419336973
42.7790732943
42.3831341654
39.0300058411
41.2981860646
42.4407683924
40.9209820733
42.0247630553
41.6439566745
41.771851014
43.2159441604
39.2405448518
41.9459590643
41.269648986
38.5908185358
39.7872530167
40.8246259245
40.1841539361
40.916664848
40.2002274678
39.7310198986
40.1647090484
41.0873575049
41.8154639376
39.2459474299
39.924251849
41.628045543
40.1943219018
40.9064984412
41.5695900936
42.4892636757
40.2137112758
39.8139235569
42.7506775828
42.8585259259
38.7600856698
41.4638797197
43.3778684313
40.0039232268
39.147951286
42.4628950858
40.1483697348
42.0547535101
40.7575442495
39.7915111111
38.2622562305
42.4072915531
46.247555642
35.9818021036
38.8548691079
44.4625912667
41.6860300195
42.3469668616
40.5191454191
39.9552373344
38.9531040936
39.4453320358
43.2598914397
46.0413478599
38.1737873832
36.8073516355
41.0412756335
42.4893273578
40.9608281372
38.9683506038
36.3422956759
41.3313129622
45.4884307393
44.6979012058
42.1929700272
41.5949564022
39.7475640327
40.5137199065
39.5611402962
40.4709957148
36.8421266069
36.9951464174
44.4665614786
48.8434402956
40.9989976663
44.6781288439
42.9542218762
38.3343609813
38.1032655763
37.9357811526
39.9206679642
39.4158808875
48.4421824903
53.2910937378
38.8708728616
45.4367670588
41.5415657588
40.7872070039
39.7614246789
40.4888115998
40.8774647723
42.4383514986
42.5331311794
47.3054434072
40.0101361338
28.2186493002
43.9046612213
44.3726242707
43.5291770428
42.9554727626
44.7217322957
46.170444358
46.5648964981
44.0690661221
35.8555439347
38.9528959311
45.2180836576
39.3623865317
39.3151233943
37.5304988318
37.7497114486
38.5602278037
39.541786215
39.6776060724
49.9779836576
54.4704753014
47.1205392996
39.8400626947
39.2907823209
38.312453058
38.9804550058
38.5166695246
38.147603972
38.1873247664
45.160181323
42.5361473808
50.0217879377
46.1956610895
37.6167464953
37.1998212617
41.7899049104
39.6738417771
40.7138363211
39.0441316712
34.3457748344
45.2894293499
46.925851751
44.8737019455
37.9127510713
39.1744374757
41.2978307992
41.7836697856
40.8133645224
39.3192240842
36.3756036633
39.9316007053
39.2475679253
43.2582902724
42.1108501946
37.2772232178
39.1070522214
41.3765516569
41.1370795632
41.6255551657
38.7519263445
37.3183893219
38.8438512461
42.0861989101
41.178131958
40.4407813718
41.7595210444
40.5983237129
40.8075448518
41.4413124025
42.0044717349
42.996253819
41.5772709552
38.9585073988
41.2068318412
41.0526438303
40.6792132554
40.4000124756
39.2709988295
40.6189664456
39.9471482638
44.0725366615
41.2767785575
38.1061697819
40.2069069677
41.165236668
42.3625723197
40.7206393762
40.3263570035
39.7093862661
40.3655501366
44.242070417
42.1406279251
42.5303038222
37.7687923646
40.6707979759
42.9846337096
42.7440924337
41.9621816764
39.7546102224
40.1858240343
40.8703706594
41.4227975819
41.7921322153
38.6828199532
40.9757594395
43.4402954457
43.0383840156
41.7331766082
39.6094159188
39.5693987515
44.044833595
40.6751612022
41.8152472699
41.1778451638
39.5634458723
40.7666031931
42.3315153756
42.3190608187
41.0871536062
41.1160066329
40.3313928989
41.1148891491
41.2855850234
41.7895159906
40.4625841121
40.5808944704
42.6603398209
42.3051587363
41.9876393762
40.3575489661
45.3512869497
40.7943792431
40.5753351541
42.6647121685
42.3060097504
38.6563668224
40.8256356559
42.4152483457
42.4416360094
45.1724859704
40.872699961
41.149867343
41.3005612324
42.325311501
41.5171138846
37.9049158879
42.3024710004
44.2097664461
39.9557779509
38.2656734217
45.8527294534
41.9171474259
40.5081532761
41.6678174727
42.0568159844
41.8254916179
39.5338041277
41.8036640716
45.3931178988
36.5037109466
35.6105033113
41.9093625731
42.7519649123
41.6501953216
40.0358242401
38.8531839439
40.1173294393
44.0922225681
44.7273255543
41.9879957165
42.5701713054
39.4733660436
41.0007665627
41.0115265004
39.8045779423
36.0295278535
36.631492014
42.4510521604
48.0642178988
40.1036374951
42.7875784352
41.7524032698
37.1573470978
37.1552107519
37.828068173
38.3806857477
39.3310650312
46.8250642023
52.9580653442
42.1772189809
42.1909717314
44.4921023346
43.893863035
38.9795852804
39.7999867601
40.1746748442
41.4354912417
41.9541930712
48.859092182
42.8279669389
31.0640641524
46.4615536965
46.3322011673
44.2010762943
43.0519170884
44.2451782795
47.7524642023
44.6664856031
44.6537856865
36.9567818818
40.023640625
45.1482131466
40.3481966511
40.2443637072
37.4195403194
37.3142633424
37.0546828983
38.8774053738
39.1435058411
49.5592875486
55.2715025282
47.0263280156
39.6558212617
39.6182928349
40.4125728761
39.6735337232
39.9316233918
38.1170615504
39.4939824698
43.9759692487
43.0948800313
48.9314626459
44.5630844358
37.4764908453
37.2857109466
42.3900970382
41.3769130604
42.5138565861
39.1172337359
34.7871830931
44.9374192293
45.5742688716
43.6270105099
39.6666190105
41.017190569
41.268625731
40.6040725146
42.2271461988
40.5189516758
37.7164715511
40.3097884841
40.3891541456
42.8513830284
42.907420397
42.2472837101
42.299017537
41.0237796412
40.9785085803
39.9910124805
42.3196148148
40.5106974659
38.8765950156
42.0810241339
42.6656068509
42.7225604524
41.6902491228
41.5424519906
40.2463921186
40.8223932891
41.1054412798
41.4149177489
40.4652865497
37.7274898754
40.6197197353
42.367060724
41.7300908382
41.0479138402
40.4004007023
40.6967096019
40.7844982442
43.7765639626
42.8267333333
38.2184807168
41.0878446866
41.7683896458
41.8338580897
42.0689126706
40.0453711944
41.4756596409
39.7518700234
45.2493058176
40.9522386895
41.3382773011
38.5132555512
39.6383339821
41.7214415888
41.5709317473
40.8985208577
39.4611491023
39.2530991413
40.1659492584
40.4823892356
41.4158966459
38.7128001558
40.3831553134
41.5465114831
42.098479922
40.4848499025
40.3078610461
39.3350456853
44.9595918046
39.6857666797
41.0499044462
42.330472103
38.8466084924
40.0022063863
41.7679415888
41.9443641326
41.2509317739
39.1706446701
39.9590339446
40.9150686695
41.3111766771
41.7649430577
38.8735781067
40.5321468069
42.3276617361
41.6809021442
41.5583575049
39.6322033568
44.8859429583
40.288559719
41.0066328521
42.0556649766
42.1155446742
37.1371717959
40.8586014013
42.1020163488
42.329302924
44.6381161793
40.326420991
40.2499742489
40.5393449083
42.3495052632
41.6649083821
37.4992772586
41.3752340343
44.175148696
39.4080124708
40.4203674981
45.6776981132
41.3027843214
41.0549520094
41.0069227769
41.3189387914
41.6282709552
38.7445455607
41.4220529389
44.5657914397
35.5262578886
34.6825068173
41.2032432749
40.3667187988
41.7212487329
40.3540681995
39.4587747467
40.1776888629
43.6651673803
45.8195817121
42.0306880841
45.8455007874
40.0495436137
41.016642885
42.5590997662
41.3501363991
35.9324257889
37.1552995715
42.7754176722
46.8964719844
40.2117160638
41.7227197353
40.9638788941
37.1145679782
39.153019478
37.4095983638
37.318269081
38.2078045171
46.3971723735
51.6221898094
42.6119101517
42.0048944684
44.2987197353
43.3014721682
38.1293298287
38.8188185358
39.1426452492
41.9173896458
42.6832663551
48.929
45.371428238
33.1188262053
44.2581529183
44.1468420233
43.9245107046
43.8250447645
43.3371370183
46.233718677
46.7767081712
44.8912761571
38.9255169195
37.9241724003
44.5866526643
39.3918333333
40.178095405
36.4517128944
38.5042119205
38.0679033892
38.0702998442
39.0278551402
48.8216175097
55.0923294438
46.9777898833
39.6147449377
39.4038134735
41.5167197973
40.3519855807
40.2102800935
37.8388188547
38.2878465134
44.8074301285
43.0802644531
49.328433463
44.889351751
37.4799100117
38.847807947
42.2808810916
43.2603582846
41.7999340874
39.5170300078
32.7786406859
44.8778657065
46.8100101167
44.1773768003
40.3028550838
40.813682385
41.0690389864
41.305124415
41.3625754386
39.819780117
38.6848390491
43.8937069439
39.8647468847
43.2586917088
42.6893082912
42.6539520655
43.1193277475
41.5074290172
41.641450858
41.5706068643
43.3358966862
41.4331672515
39.3229225078
42.1501424679
42.0355720405
42.9430054581
42.2495699805
40.9042422942
41.4339680062
41.8424174795
41.3366708268
40.9419783805
40.9419953216
38.2917841839
40.9135488517
41.5838404048
42.2989625731
42.0433001949
40.2382369243
39.7831350507
40.6096078814
44.1067597504
41.1908842105
38.348335411
40.4853674582
41.1268703776
42.7731703704
42.1019079922
40.6785569867
40.607431694
40.2312716628
45.7094114173
40.9408026521
41.0382707764
37.7058379431
40.0410206306
41.5291938497
41.3985347114
41.5027025341
39.5958957845
38.862314598
40.5608696331
41.0064430577
40.4034286271
37.7196786132
39.9734336318
41.7895196575
41.6088709552
41.1298822612
38.5621116315
37.8453227947
44.031983445
41.2497619048
40.7789465679
41.4575282872
37.8726279704
39.9957535047
41.1802285826
42.5810307992
40.9957473684
40.2099067135
41.6742041374
41.1799352069
41.8479836193
42.087700858
38.5006723802
39.4487127287
41.3087788162
41.5969461988
41.0011516569
39.6189379391
44.4339480724
40.4150468384
39.5641627
41.2433030421
40.7902909516
36.9468024932
39.8167131179
41.2972683022
42.0435216374
44.3187996101
40.3114467421
40.4325641826
40.5473741709
40.3423198128
42.1523673947
38.3324306854
40.1028540288
42.6854745037
41.6447957911
39.8772950117
45.8805729453
41.0525612324
41.5965358814
40.9877055382
42.5334621685
41.5541918129
38.9268434579
40.9339054107
44.9436249027
35.6679357226
35.0906908382
40.5181925926
41.3960113105
41.2157185185
39.455922807
37.3234697856
38.5488905763
43.3094266251
44.9602252918
40.5636904206
43.1810208415
38.7844218933
41.444254092
41.5780623539
41.6768515199
35.4860915822
35.7115523958
42.0607485403
47.001281323
40.6314974718
40.6724390814
39.5361214953
36.5431651734
37.2564053001
36.863306194
37.4635046729
37.7660264798
45.9659455253
51.3947716842
40.6343142746
41.3078288182
44.6748446866
43.8291961853
38.8846949747
38.7189536604
39.8797698598
41.9212502919
43.096521993
49.2817494163
44.1441061844
32.8209210731
46.2526463035
47.4064136187
42.3546387699
42.6967820163
42.9684585442
46.9406516154
45.7608194553
45.9889436017
41.6796697783
39.3784668757
45.4376911708
40.6393792835
40.339546729
37.3359700156
37.8909466303
37.6561827035
38.8183329439
39.4678383956
52.0140552529
57.0676900039
46.9449677043
40.0415673676
39.4178905763
39.3411499805
42.0608503507
39.8704285158
38.7115668095
39.2207350993
44.0155566368
43.5615340109
49.1990233463
45.6087101167
37.9902941176
37.7932890534
42.3245678098
42.1142826511
41.7098133281
39.1443509934
34.0886194001
44.0456643302
46.8668322957
43.8733696498
38.7093503507
38.5215167576
41.9339329435
42.0384705423
42.0405224172
41.3014929852
37.9340245518
44.1480286162
38.6581794473
43.3015667575
42.5186784741
42.074164848
43.8318998441
40.1505811232
41.7219621685
40.3643736349
44.0881890838
40.4142518519
38.7395765485
42.2532635267
41.6239314909
43.3733343726
42.9839153996
41.2225403824
41.5808595396
42.0477026922
41.2672546802
41.0108363493
41.0585415205
37.4551919782
39.8930564422
40.6558668743
40.94168577
40.5951146646
40.569832618
39.3167619977
40.4433780726
44.0781735569
40.3269945398
37.4827054928
40.1888618139
40.5931720514
42.2276584795
41.067105653
39.6141236832
40.7204028103
40.5854184231
43.335806845
41.6804301872
41.4222968019
38.3306918582
39.847849747
42.0708731024
43.1752109162
41.2147617934
39.9471323185
41.6140339578
41.5477954723
40.9639021061
41.8243896256
39.0575851188
39.8703098482
42.0639540677
43.1340580897
41.9042241715
40.7474379391
39.7812494145
44.7051204724
40.0615957862
41.6638022621
41.0563876755
39.5300218153
39.3399163098
41.8076928766
41.5936031189
40.0858214425
39.9191904019
40.0531264144
39.4565579852
41.92524922
42.8176712168
37.9238901013
40.5171798365
41.823657065
41.6638319688
40.3924393289
40.5270245902
43.880502947
40.9085604996
41.2165821303
41.8252854914
42.5198018721
37.8688909233
39.9849715843
42.085540288
43.6967906433
44.1584725146
41.3642079594
42.2926340226
41.7971260242
42.2526014041
42.6646307992
37.6972177639
40.5410073959
43.0858427404
41.833794622
40.2287720187
46.0733120819
42.1855040968
42.1706095944
40.21
43.2783430799
41.1667968811
38.6518235981
42.2283137408
45.9309315175
36.6498846903
36.5620136346
42.0732074074
42.4551614035
42.3842974659
41.0739879189
40.1479056898
40.4929065421
43.148311284
45.7554136187
41.3244365265
43.4797507874
39.1876801714
41.454277085
41.6513867446
41.1384088075
34.5753677444
35.4163143748
41.4738349552
47.0038867704
39.155831972
40.8449914364
39.6432471779
36.6123467082
36.6117463966
36.658368134
36.3142733645
37.8005159657
45.1999883268
50.9842839362
41.4353646967
42.8789678431
45.3510735409
44.0451557026
37.8221518692
38.2498543614
39.4635163551
41.5372899961
42.2658489685
48.8346272374
46.7389587709
33.0072150078
42.483563035
41.291651751
43.4817843519
43.5433001168
42.9806862592
45.4073071234
46.2540198444
45.4817386231
39.3757779938
39.6189013312
44.4336958382
40.4709143636
39.2375307632
37.4073334632
37.5216349825
37.9644818855
38.6026534268
39.1455077882
50.8384062257
56.2825663166
45.8261552529
39.7937467861
38.7044536604
40.5018426178
40.5154232268
39.2351749123
37.9761449162
39.0568784573
43.8581315687
42.1475236605
50.2231871595
45.9942466926
37.5622516556
36.9251020647
42.439231099
43.243037037
42.5252439595
40.0560233827
34.1273693027
43.7670233554
47.36637393
44.5012303502
39.606110635
40.2712116134
41.0129555382
41.2243270955
41.8379590484
41.3181917381
37.5173971161
43.7915698039
40.0049692487
43.698998443
42.42173297
42.4101687451
42.2780062354
40.7035869735
40.8232929017
41.6406462559
42.3525341131
40.7082639376
38.6972219626
41.9406952121
41.4281848968
42.3994910366
43.2471309942
41.6049250878
41.3621076863
41.6688170113
41.5960713729
40.2280385069
41.863923947
38.3044417608
40.5640708447
41.5840225769
41.2508346979
41.8690927875
39.9972454155
41.333
41.1927081545
43.6687363495
42.9601022639
38.2504277367
40.5471039315
41.8146442195
42.1358452242
42.6010651072
40.8076820133
41.6591654957
40.4654873195
46.4964043307
39.7259461778
41.2244902496
39.7536439423
38.8914437524
41.3061444142
41.3366128655
40.5788003899
39.5392775176
39.8108200625
40.9299047619
40.6215643526
41.473076053
37.9649587067
39.6021210588
40.9892572986
41.3462210526
40.37582846
40.6632833724
39.7776873536
44.5389086254
40.6935452771
41.7940518721
41.7456310452
38.739100896
40.0191697158
42.121833009
42.398300702
41.6364623782
40.0491131928
39.8763325527
41.7511760343
40.7233982059
41.2904356474
39.441276977
40.7957909692
41.6816084079
41.7722998051
41.1818690058
39.50759758
44.5432535433
40.8784972678
40.4164947327
41.6694485179
42.9004890796
36.8785781067
40.3133223044
41.8500101207
42.0481126706
43.6949703704
40.4711365587
42.1251900117
40.878951229
43.1807047582
42.1684538012
37.7502258567
41.0298867264
43.3977368626
41.2155678098
39.8042397661
44.6983025177
40.5550366615
40.8807704918
41.0571080343
42.9056253411
42.0354606084
39.2111304517
41.6134464772
45.5149642023
36.7976127776
37.3654836321
41.6794779727
41.4660959438
42.2216645866
41.2637143414
39.2549259548
40.3158434579
42.7461701051
45.0573337223
40.754798676
42.0899799528
40.0812042089
42.6245144193
42.6384208885
42.3039060795
35.9568830865
36.3882134788
42.3921572596
47.57882607
40.2885118631
42.1785336707
40.7169501558
38.1497234125
38.8693467082
38.5440155824
37.4413173676
38.5594824766
45.7374527053
51.9807180086
41.9686623882
41.9392937475
45.5194441417
44.7580704554
38.5660611371
39.2967792056
38.8930264798
41.6545328922
41.7798423511
49.2407758755
46.5626176585
32.7247134526
40.8809435798
40.1004054475
44.0724857921
44.2811268976
43.6037644998
46.4180007782
46.7835332814
45.1151863088
40.3017993779
40.2307537197
44.7398094127
39.4702702492
38.6682550623
36.803879626
37.209299961
37.65330919
38.336961838
38.9527943124
48.7547848249
53.7606795021
45.9483984436
38.6524147196
39.1513233346
40.4089329957
38.6682081871
38.5809205298
37.404993767
37.8195218069
44.6273814714
41.7264620797
50.0440322957
44.8415237354
37.3949033892
37.024384106
42.3868444444
41.9901126706
42.1053789474
39.013296455
32.8238457343
43.8279926041
44.7920587549
42.6341989101
39.851732762
39.8140416991
40.9119687866
40.6383415205
41.0927746589
40.3582794232
36.4667151208
44.8649921476
39.7068501362
43.7832946672
42.159731413
43.3296169135
43.4087887763
41.880824356
41.8403658346
41.4439282371
44.1778467836
41.912062768
38.4418882399
42.1597547684
42.1781627092
42.7154883087
43.2232222222
41.4575009754
40.7795341397
41.5205423332
42.5009165367
42.3045245194
42.537502924
38.7753640966
41.166283768
41.3007049436
42.3106569201
41.8416865497
41.3694920016
40.6449953162
41.0411439719
43.5452593604
41.4046393762
38.4947366576
41.0086395485
41.3072833787
42.822320078
42.7379290448
41.8427302888
41.7893489461
41.3382532189
46.0367711698
41.4812940718
41.4551283151
38.4919863654
40.402553912
42.6674659401
41.5853299532
41.2481653021
40.8212150664
41.3134453552
41.2501861827
42.0746649766
42.2324434477
37.971629774
39.2958267808
41.8254414169
42.0082491228
41.4884530214
39.4960768931
39.5756139735
45.6937652619
39.9838302108
40.9017652106
41.4980822933
37.4194912349
39.3714515376
42.1876578435
41.3945844055
40.5472081871
39.4399945355
40.093498829
40.282498829
41.791449298
41.9726053042
37.8061001559
39.7837158427
40.7989314909
41.0701013645
40.4784288499
40.0794246682
44.040876917
40.4375819672
40.773167382
42.4023112324
41.8761263651
38.1154199455
40.5046878163
41.9915858311
44.2440323587
44.0720276803
40.5876718689
41.4442106906
41.7346843543
42.458800312
42.2073520468
38.5014583333
41.1469797587
43.997849747
42.3830993765
40.0244423227
45.0154555468
42.2927804212
41.0948560842
40.3451727769
43.1732861598
43.6627009747
38.9508438474
41.7806578435
45.0602844358
37.8324222828
38.0820572653
40.9592900585
41.6431309942
41.4645851852
41.5425194856
38.8965455963
39.8770942001
42.2246885948
45.4187124514
39.9862578886
41.8901120283
38.9572258567
42.0648441154
41.6720428683
41.2737685113
34.9578578107
34.8676766654
41.8800369794
46.6437249027
38.8493092182
40.7778516933
40.5148232087
37.4819345284
37.8267744449
37.4009544215
36.9914766355
38.5587363707
44.8632713118
50.3454278491
41.3367331778
42.4905470958
45.2638306734
43.7642966135
38.9211756231
39.2352757009
39.1804116044
41.985836123
42.7394558194
49.5530750681
47.1431901984
32.6868821928
47.2758902724
46.3672782101
43.0156636824
42.8608034255
44.1045216037
42.3282046693
45.5891883268
44.9774577985
39.2988767496
39.2885757339
45.3859093738
41.352
40.3003635656
36.8060097352
37.1427278037
37.3867012076
39.0795771028
39.2788956386
50.7005070039
55.895991443
46.3540774319
39.1544820872
39.0309482087
40.6369520841
40.7579618083
39.6058391118
38.0221710168
38.8656000779
44.7805373541
42.3534050039
47.8379291829
44.4683700389
36.1852602259
36.0188578107
41.2538347623
40.9182876072
41.3064220577
38.1017014809
32.8185122711
43.7325764889
46.6771428016
43.1368128405
38.816003506
39.2372793144
41.2030460039
41.1757387914
42.5690787524
40.7068359314
38.5178479532
42.8173167385
39.5632693655
43.7252164266
43.1805967302
42.0942326578
42.6660385814
40.8298631045
41.4844699688
41.0162031981
43.0061528265
41.1772385965
39.4772075545
42.2409019074
41.9810260903
43.5599290725
44.3634584795
42.3621853297
41.8366363636
41.6577331252
41.2060218409
40.797763665
40.9682024181
36.7130798287
40.0872405605
40.9858127676
41.4303173489
41.5464294072
39.7724834049
40.0030799844
41.0622407335
43.7115647426
40.7384998051
37.9988516355
40.2708945115
41.1469583333
41.2500218324
41.4616518519
40.6083576728
40.4792279469
39.8697986734
44.633795195
41.4425105304
41.4716380655
38.5325418777
40.1864982483
42.7257446477
41.40842846
41.468619883
40.9871291959
41.3187673692
41.3346814988
40.8870889236
40.8880713729
38.7895987534
40.6470525496
41.8753792835
41.5435444618
41.691402729
40.3110530835
40.8265405933
46.5601744094
40.5912474629
41.4605198908
41.681588373
38.0589411765
40.3335901129
42.1137376411
41.2478269006
41.7297103314
40.2893825137
39.9714566745
41.3187224824
42.2585538222
43.1002113885
38.7359170238
41.1602752044
42.740147139
42.7102631579
42.7102518519
40.1777943013
45.4674331888
40.5093156457
40.0690378463
40.9507714509
41.6925192982
37.5995621348
39.5238563643
41.0937641105
42.5572081871
43.4095013645
39.5977166276
40.4730714286
41.0584670308
42.072776131
40.9075875244
37.6945077882
40.6626987155
42.5328855586
41.9427895557
39.0510190959
43.2868832088
41.7598798283
41.6373295632
41.2603549142
42.3280210526
43.0716610764
38.9853103583
41.3899567925
45.4440439689
35.4091293339
36.4221558846
41.6790292398
41.7097840156
41.7421949318
39.9696371785
39.3934773967
40.2912348131
44.1042338521
44.7438899261
40.4763508567
44.4437652619
40.1792843787
41.5938897116
42.3140950896
41.0655337232
35.6513050253
36.2071741332
41.4457862982
47.2290673152
38.2581232983
41.7779174776
40.1529700156
36.6490233736
36.1881873783
36.7109267628
37.1518933022
37.0862215732
45.344270428
51.9197374562
40.5244134578
41.6634707499
45.0232444531
44.255147139
39.526540109
39.3238535826
39.2062278037
41.8820408719
42.6839143636
48.5903299611
44.3611816414
33.6924545101
45.8973108949
44.5161470817
42.2554565979
42.1227621643
43.8185986765
44.3015505837
45.3264509728
45.2748518086
40.4284352392
38.3987867762
43.5807884092
40.2727255742
40.0678583106
37.0080194704
37.1197161215
37.6265221963
38.7520735981
39.7707192368
51.1683346304
55.4830011669
44.741244358
39.305057243
38.8391538162
39.6739135177
37.8258924815
38.5371160888
36.5357335411
38.035970405
45.3541291829
41.8521262212
48.8176023346
44.9533431907
36.5459571484
36.4570432411
40.7012042089
40.4029450507
41.0069091618
38.1310857032
34.7384978574
44.3527236279
46.8447972763
43.16337393
38.6726110678
38.9047109466
40.9073329435
40.9654619883
40.5400826511
38.9795767732
36.0231858924
42.9837453903
41.0116087972
44.4620587777
42.5775640327
41.7174111458
42.7755806703
40.3625210608
41.0149165367
41.4648564743
41.5036292398
39.7704974659
38.9046242212
42.9425001946
42.9553238614
41.3239290725
44.5963426901
40.5764467421
40.2855122903
40.7496033541
41.2305590643
42.3564597566
42.0213469786
38.9234832555
41.1816682243
41.1810058388
43.3496927875
41.9585103314
40.2880632072
40.879937183
41.0798630511
44.9760709828
41.5122881092
39.0127963396
41.4439591281
41.435136629
41.4436366472
42.4118873294
40.7785212641
41.4402126414
40.1613921186
44.7476886792
41.0375374415
41.1781087719
38.5650428349
40.4676117601
42.099983262
41.8340023392
41.7103216374
39.6992040577
40.5344276239
40.9598575888
41.004049922
40.9292016381
38.5791714063
40.5232592448
41.4752755936
41.5351473684
40.7258791423
40.0729730784
40.1953273508
43.8966729486
40.0746812329
41.934924727
41.8849169267
38.8616677055
41.0340949786
42.1747493188
41.2548974659
41.2096015595
39.9507565353
41.3156432475
40.1924701289
41.795320078
41.9852588694
38.7773661862
40.5905200467
42.0587827949
42.3795068226
41.6894647173
40.9173554428
45.2038051181
40.0410280921
40.2286632852
41.9753120125
41.941898986
37.2585665888
41.405402102
43.3335379525
43.0560171473
46.4762670565
41.832641826
42.33723254
40.4174057745
42.6027906433
43.3429384016
38.8831222741
41.567569093
44.6121132736
39.7181539361
39.9479002338
45.8861664699
39.9494765991
40.6383264431
40.4725834633
41.1193645224
40.7681840156
38.243415109
42.4254737252
45.1111007782
35.4536813401
35.399439813
39.8732764133
41.1725777778
41.9526881092
39.1789711613
37.8362529228
40.262527648
43.9845011673
44.7650618677
40.9639731308
41.8084589713
38.5313874611
41.1097213562
41.2427435698
40.2196562744
35.7115449942
36.6577378263
42.8392907746
47.8663801556
39.9770042785
41.5590583885
40.9074951343
35.6400362291
35.9488227503
36.056439813
37.551459891
37.8617667445
47.4440945525
52.9244690782
41.0946164916
42.7561526089
46.0599622421
44.1427395874
40.0315669782
39.1789084891
38.7335716511
42.6926317633
43.2233242507
49.2960478599
43.6145709841
33.1471749611
43.2530996109
43.0399085603
42.9195527443
43.2352137018
44.0104550409
46.7953027237
47.9216809339
45.6020031116
38.4075093313
40.21656875
43.6796067678
42.4604499805
41.3334608797
37.9942694704
38.6020112928
39.0008734424
40.0402620717
41.8070786298
51.7637190661
55.4235538701
44.9604108949
40.1449178669
40.261383567
36.8237876899
37.7953447604
37.6825749903
38.0842387072
38.9351183801
48.0523922179
42.6427421875
50.7108455253
46.0183929961
37.616671729
37.6955556854
39.9288597038
40.5797299299
40.0310502728
37.8948846903
36.651895598
46.3721724406
48.6191046693
44.9644809339
36.6799622127
37.1922878847
42.0631610136
41.3014654971
42.1629961029
39.8849735099
36.8401437476
40.1165525078
40.9389797587
45.7770120623
44.4508420233
37.8667078302
40.8381133619
42.4171676413
43.2610042885
42.5902920078
38.5758510721
37.9514251754
40.4860490654
43.3041599844
43.5302604126
41.2902123928
42.5982517537
40.7584040562
41.9167812012
41.7305553822
39.3482148148
42.8113173417
41.9707279813
39.4796826324
41.8034639938
42.9482249903
42.1247264224
42.7686200312
40.8249477175
40.7225111198
41.5998551913
43.2979060429
42.9052959064
39.1339579439
41.4819953289
42.8343892565
41.5120939571
42.2170635478
40.7022235661
40.7568193523
41.8507432696
41.1594245876
42.7005235867
43.5829345029
38.5327059969
42.0737987544
43.4096076294
42.4180011691
42.7866983632
40.5950612563
42.7869352321
42.3853172064
42.3868393762
43.4655150097
39.6641133178
41.5261339042
43.6563838069
42.8146145752
42.3342096648
41.4864326961
41.3252919594
41.9252286837
39.6579679938
41.8427824561
41.8071087719
39.1271565421
40.7793588945
42.6856932659
41.7608191033
42.2811048733
41.71718611
41.6489317206
40.03924961
42.2845668616
42.6765023401
38.8061861371
40.8147613858
42.5450572207
41.979104053
41.7751625097
41.4517737027
43.4133149823
41.3943528493
41.5270709828
43.2972272904
43.0121719298
39.0962145639
41.6785426236
44.0718707668
41.0611208106
42.1311376218
41.3646287051
42.0263237129
40.9033974259
41.129654191
40.6144846004
39.7676728972
43.0587765668
45.2371159533
37.4909341644
37.5680845674
42.1935005899
41.1221153996
40.2170788139
40.869037037
39.3966167641
39.409274357
39.260642134
43.3139427793
46.4189766537
37.606192053
35.8567463966
40.554391423
41.374322807
41.3755165692
38.582029217
35.2393400857
40.4129186454
45.2899544747
45.1062206226
42.3377889408
41.2751358461
39.0446133178
39.3791846513
39.0539002338
38.3457736658
35.3411597195
37.2626349825
44.253776956
48.6542350195
40.6431758071
42.7975095368
42.6547765668
37.1688882399
37.1744715732
37.6656783489
39.2810179128
39.4657531153
46.4481898833
51.2387160638
38.9245991446
43.6995495884
47.4107821012
46.4807785992
39.8661845794
39.8868201635
40.7796667964
40.2226566757
41.1665297781
48.0300369506
40.4260225593
31.2178748056
43.4394550758
43.020520809
44.1412350195
44.0170447645
44.8789128405
47.5477774319
47.696807393
43.0225495916
36.291192846
39.4766250489
43.9101551925
44.4509462826
43.9854219541
39.9304205607
40.4770257009
40.6192811526
42.0555309459
42.9175718178
49.5270233372
49.0918366394
44.5297657588
42.7784421954
42.2725169327
37.8437352025
38.399317757
38.2522807632
39.4838640966
41.5643402102
50.2981902724
42.2425488281
51.5012399844
45.9706079347
40.667232866
38.9969672897
39.8881028438
39.5343112583
40.0570907674
39.4887779509
38.9738037383
49.0320011673
49.8193233463
45.7282747082
38.5715864486
37.3064024153
40.4240155885
41.9535565082
39.4488129384
38.3229481885
38.5300853136
40.5515228963
42.8106068509
48.7711338521
46.2843603113
37.1617729751
40.2906747176
42.1340908382
42.36382846
42.3407325536
34.1259177708
34.6613864433
40.7885472947
45.3769875486
44.9575906615
37.0740241527
40.6831651734
41.2013013645
41.1098249513
42.3897976608
38.7191991426
41.8402774951
38.6437778644
40.9033355391
44.016077462
43.8129949397
41.4098055339
40.681139127
41.2180909091
41.2309118565
43.5036142746
40.2361922027
41.1042915043
40.0321518692
43.2327757882
44.71525652
40.6974809041
41.6707240842
41.1769641186
40.0190187207
43.0683100624
42.0867823183
40.8205175507
41.1048690569
39.8670109034
42.8904445309
43.7876645914
41.3164413713
41.376537203
41.5974621685
41.5293517941
42.7588907956
41.3905699805
40.8879606238
39.3623859034
43.4036652394
44.698648249
39.7530436477
40.856563523
42.1402308892
42.2955432917
40.7320345233
40.8771443058
41.3397498051
41.0318678878
39.9670603583
43.0297279097
44.5816839237
39.9917834048
40.5574844115
43.35618611
42.7651985179
40.7367788612
40.3893441154
41.0412817615
39.6104898754
43.8076154146
44.5455009731
39.8197763927
40.964159392
42.8368568643
41.1062771888
41.3084208268
41.6074393762
41.6897411306
39.9017844055
39.5537110592
44.3371829506
46.1253028416
38.0759115699
39.276928321
43.4621637427
40.6945520468
42.4604159844
39.9964762276
38.8003106002
40.035253406
44.4457123394
46.8272902724
37.2865759346
38.4698550273
41.8685806832
42.4711169591
42.1391239766
42.977197271
38.5192913907
35.9880533697
42.5658260023
44.3848649805
45.7408580319
40.7405751558
38.9368948598
41.0302268122
40.7366434139
39.6876402962
38.1361316712
36.3090416829
43.1098186065
46.7799968872
43.1907872423
43.2196520047
44.6430082256
41.7672946672
37.1943435917
36.7920650565
36.5628539151
38.6686133178
39.4809863707
46.4308035019
51.8999260988
40.9081061844
46.8546675749
44.8971412451
39.9531265576
38.9417149533
40.555008567
40.7299482289
41.5194573764
49.5935303502
53.8260583431
35.5581174184
44.5803534719
47.5538677043
46.1353357977
42.7965375633
42.2513024523
42.7113659011
46.0466599222
46.5394700389
46.6978078569
35.0342048989
25.0651333074
43.8711548036
43.0588607546
44.479618677
45.8591268482
47.3491587549
50.6376953307
49.1713902724
43.7710835925
31.9782954899
40.3456222656
41.6048887592
44.7481719844
43.3530451362
40.8872845465
40.778106267
41.4486247567
43.4529887116
45.1986680934
44.8011050175
41.0136157137
42.3045394788
44.8633782101
43.1330595331
38.3865404984
39.3338753894
39.9710572207
41.1045943947
42.2695492409
49.9287514586
41.7891100273
53.8416444963
44.9436491637
42.484
42.321356559
38.62875
38.7410926791
39.6318154206
40.0500930323
42.7550903075
51.7071108949
49.6039043174
43.7288300272
41.5459770339
41.0346854807
38.0623003506
38.2467058824
37.801693806
39.0484698091
40.9278952492
41.0894109589
45.310551751
47.2696499417
43.7573325554
38.8257161215
39.9369852025
39.8374382548
39.5917413323
38.8654113751
34.950804441
36.3846151149
43.9516025691
44.3793171206
43.2820171206
37.6616024143
40.5100786604
42.0839867498
43.2264415433
40.8818203429
36.935961044
44.5231028257
34.7803198286
42.3209443363
47.7062673152
46.4719062257
39.2404281262
39.9438075575
43.277964926
42.5766011696
42.3740736555
35.6722556508
35.5902267238
42.6609217594
47.2644116732
47.0186793774
39.9439754577
39.8652715232
42.5120776131
42.0616179337
41.1930210608
44.5756730694
35.3283219018
35.5703261886
40.348373297
45.3384003891
45.6427750973
38.0963400857
38.7849758473
41.5691192982
41.8088397661
42.3219707602
37.1695996101
36.312477007
40.9548762164
45.4918093385
44.8909015564
38.4111682898
38.5451546552
42.1270892788
40.5429403509
41.5340011783
42.2371532164
38.177225643
37.4755915822
41.451672246
43.2826529183
43.6484832685
36.8564246202
36.5823470978
42.7789906433
42.7721403509
42.6344304094
39.4398764614
38.5527950117
41.6914453095
44.2386731518
43.9881400778
37.0230662252
36.1558017141
44.0406986355
41.4454109804
41.8327910331
43.1496748538
39.2359664717
39.2700845345
41.1241646555
46.7258490272
47.0083700389
37.2302820413
37.6338230709
43.6163144973
42.300757115
42.2896566641
38.4858410596
38.9262134788
42.1097824056
46.3633085603
45.4804247375
39.4138742212
41.5105510125
43.5222971384
41.0678846454
40.3539680436
39.4063156664
37.8307171796
36.9114651344
43.7423655119
48.2427902724
43.455856865
43.770344492
42.3656095757
36.9105111025
37.5225983638
36.8696131671
39.0881316199
38.600576324
46.2410490272
52.4687825749
42.0136756126
42.2612580771
44.4356356498
43.8660541067
39.0361619938
38.9128220405
39.3375221963
40.7469906578
41.6893012845
49.9398299611
54.1546861144
38.7204510109
48.1110140078
46.6171985208
42.159327754
41.4203246399
41.7568143246
41.4144445309
41.7820626703
47.2268560871
49.181831583
32.4515466563
41.0334166667
46.657168417
45.6343286659
44.0923042802
44.607266537
44.9411638132
48.037885214
48.0090898833
46.6229397122
30.7551458009
21.5859249903
42.2871629716
42.7312395955
46.0837280156
46.1542171206
46.4253994555
46.1321186309
46.9881824193
40.3208184292
27.6709618974
42.9253326825
41.5125789269
45.2222875486
46.1473933852
44.828488716
43.7796175097
43.7155
44.9505319066
46.1342108949
45.1558082458
41.9639797823
42.8994325165
46.1266089494
45.1261579767
42.3119591281
42.0393888673
42.2088450759
43.0716435798
44.6521015564
42.8411548036
44.3761416862
45.9410342279
42.6416993388
43.8759038911
43.5271424125
40.186338785
40.3149883178
40.1953199689
42.905746594
42.7898995718
48.7888494749
52.4352135356
43.0426184364
41.2535940054
41.5635029194
38.440519081
37.9830350467
39.1427936137
39.7841456386
41.7252955607
42.1122240907
48.0073696498
50.9955495916
43.5130560093
41.0940432075
40.8184024912
37.067507986
36.2510331126
38.0562937281
40.8305015576
41.7690790498
47.0194968872
48.1952913263
43.9801295216
40.4338096536
40.4033970417
38.190761979
38.3725081839
38.1881195949
39.2354470405
39.4800739726
37.0436752336
45.1469108603
45.9174313497
42.8504173473
39.7629080997
39.6594279595
38.2610346708
39.0356338138
35.3889540319
35.7769158879
34.9630147975
42.8079369404
48.0063066148
44.8656056009
39.3177760903
39.0732601246
39.3494250097
39.0170911925
36.9461149201
43.4068392157
35.278846903
36.0155009739
43.3934410276
48.8284712062
43.6576791132
38.9174602804
38.3689591121
39.2038573655
36.5475
36.6901199844
35.2478453448
36.676784963
42.7534277929
49.3758245136
43.0900840467
39.9117846573
39.185680296
39.4533320343
36.6721734217
44.0180255002
39.9330872614
37.6861141855
37.7666287495
43.8227614786
47.7157404669
44.959822179
39.4294583333
38.197857866
39.3462817615
37.7352264224
40.0964133229
37.2200358395
37.7614273471
43.9402536965
47.2983688716
46.2962672112
40.2760864486
38.1956405763
37.8931227592
44.4035842476
40.0548070928
39.4126569201
37.4723915076
38.9383396961
44.2442338521
48.8514284047
46.4059128744
40.1209279595
40.71868419
36.3665040904
38.7533833268
37.9786369303
38.63971679
38.6635338785
44.4050163424
49.3166654998
43.6687541813
41.0064122227
43.6486815882
41.5838707403
37.463215037
37.2039407869
37.1766338138
38.9763543614
38.2958169782
46.0721268976
51.2763434461
42.862890704
44.3954690541
43.4179159206
38.6451635514
39.3257531153
39.3098049065
40.8325757104
41.0726411055
49.4496568093
53.7596985609
41.6821640747
46.2292389105
39.696541112
46.477633463
41.8696854807
41.6404254574
41.2851475282
42.8839637991
43.207491631
48.2015620381
49.6294239595
34.8449179627
40.9814628549
45.7416163424
42.3867474708
44.1942693655
45.0063354086
45.2326299611
46.6342789883
46.1636269934
40.7812270607
28.8090917574
39.9940868885
45.034764683
43.4686351614
43.9829673152
43.5813342412
46.240581323
48.6558467522
48.4552154804
43.5295027216
23.3843495334
20.3619836766
42.240724339
41.4861967341
42.9884924154
44.4321353559
43.916142746
47.7159537145
47.5761540257
36.5926461897
22.5488059876
43.6030293083
38.9184307932
41.5254134578
42.1893687281
46.8418431907
44.9018389105
45.7650206226
46.8712816025
48.9171913652
40.1085730949
30.0591675739
40.4800583204
42.4496249027
42.0067957198
45.9205280156
44.1790696498
45.3944019455
47.1737319066
48.6587276265
42.1490451011
44.985262768
44.190311042
43.7850202177
44.6970023346
45.1735381323
43.1256811989
42.292194239
42.8441385753
45.0668299611
47.2050797665
45.7961625827
44.2468561431
43.2928864697
45.9572420233
45.6857677043
40.9152771506
41.8573814714
41.5786471963
43.582147139
44.6817486381
42.0044160156
48.5994437962
50.7593255543
44.2399739401
45.5363229572
43.775491631
40.5563594237
40.314144081
40.056019081
42.3254830673
43.1159412223
48.218227149
52.1168560871
44.278478802
43.5375266641
43.1686391592
37.9142613946
39.1996028037
39.2205919003
42.4941985981
41.3618801879
39.5269626314
48.6464007782
50.9906701673
43.2993368339
42.6864433632
41.9300817439
37.8060533697
36.8850623296
37.7900931048
40.8019232866
39.2566294278
47.7822178988
49.0647405679
43.4056378841
41.3294227326
41.3147006617
37.5620642774
37.5303837164
38.4484402026
39.3298489828
39.2886043614
39.3450720405
47.6649023346
53.5552781019
43.1783317775
42.1702331647
41.8774527053
38.2050311648
35.9796910791
36.9589626023
39.4155112928
38.6906323988
46.9191719844
52.4087530144
42.6448751459
42.1154569872
40.6419096925
38.3178620958
38.8894024153
40.6125656091
36.7576606934
38.6880607477
39.5609972741
48.171088716
51.7966503306
43.2061240762
42.3575270533
41.0861720514
37.0244924036
36.8711394624
37.3582493183
39.9669832555
39.8438216511
48.4632871595
51.134327499
44.0904169584
42.1558022577
40.5996605683
38.9339914297
40.1205812133
37.323087651
37.308277648
39.2295880062
40.7488566978
48.8869941634
49.8763749514
44.3427829638
42.7985301674
44.1182156481
37.6712278925
38.971779595
38.2790965732
39.9423880888
40.8884678863
48.9645062257
48.3501703617
42.917411513
43.9886735409
43.4693806929
39.9440379945
39.3154431464
40.3883165888
39.4121327882
41.8022631374
41.310312573
49.810081323
54.2192936601
41.3128748056
49.0937540856
48.4861774319
41.5517458155
41.7670712339
42.2520642273
42.9627088361
42.498370183
48.6080676779
48.4802989891
40.2539479005
44.4839202645
41.2211169797
46.699922179
41.7594246789
41.3086601791
43.8011132736
46.4839338521
46.7529875486
45.8380330611
43.0349222395
28.6154634526
38.1262508751
43.367269156
43.3215521401
46.7342175097
42.6162241245
50.9736935045
49.1934826916
43.4229304044
36.4312402799
24.3586642052
43.1077561547
42.7107670167
42.1613212758
44.9455655387
45.1850283936
42.4670863477
44.3183247764
43.2889529366
39.2189315708
18.7875868636
22.2447092888
40.0237803266
40.7257527216
42.395563205
42.386361338
42.8272201478
43.7254171851
44.6387958787
31.054296541
19.6236272833
40.3490826833
26.5495110766
39.7046507196
39.564613769
43.5260431739
40.4482034228
40.9148996499
45.4260256709
44.3264694671
30.472994168
21.6726209176
27.0703429238
41.9498502528
43.9286277713
45.216036965
44.4688424125
46.0772171206
47.3229389343
48.1724861921
36.4336170295
47.890474893
35.8202239502
35.4308534215
43.3288506418
43.6997580708
42.9154902724
42.2134299611
47.0894466926
48.8101361868
50.9879144302
40.7837989109
39.3068378694
34.2120124417
45.7134626459
45.8194587549
43.0052934994
43.4150813546
45.2218151751
46.1711505837
50.8319276265
43.6391766082
44.3663539479
40.3393106532
36.0778180404
45.8677587549
45.4701291829
42.0880369794
42.7235243285
41.6665476839
44.1286562865
46.6639766446
47.3723380008
46.3807234539
35.2531990669
44.8048669261
45.9197105058
41.5818828338
40.4499926041
41.0278053717
44.3310988712
40.0179832162
41.5340719844
48.5168798133
48.1774469078
39.6761769051
44.2793719844
43.4656894942
39.924761775
40.6526616044
41.8817664461
44.9280724017
43.921629817
48.4500147802
47.7331940879
43.869697783
43.5046049046
42.8789665239
40.3128512461
40.8164339696
41.3024053738
40.9464117877
41.5462405605
42.4517489295
49.0349381564
52.9521240762
42.11642007
44.3564484235
43.2203670689
39.4171767913
40.7497854361
41.7135864486
41.2515504087
42.622896847
48.8034978608
52.7988638662
41.2780237262
45.1120680934
42.928760218
39.086546729
41.1802936137
41.0692501952
39.0339910436
41.4055181004
43.3793557805
50.9327467911
52.0423010502
43.1106931155
44.4506504476
43.7307687816
41.6859883178
42.194866433
40.1721133178
41.5840112884
43.0536776956
49.635008557
50.0230637884
41.7514970828
46.0674966913
44.5833760218
41.4882126168
39.6947572209
39.4022110592
39.7445338785
42.7033978202
42.6863300895
49.2509070401
50.2540560093
42.0542166472
45.6041346304
46.0649400778
40.9275200467
40.2545410666
40.1892390035
41.6185943947
41.3958493577
47.3652528199
48.2142235614
42.0758514774
45.5795303502
47.0522392996
43.2039262871
43.1026064617
41.7520673414
42.2679898793
43.5065871595
44.0234972763
47.2733376118
47.1021827372
31.0057220062
40.7435315175
41.4094747082
44.7994826781
44.0836200856
45.079957571
48.0623412451
46.699677821
44.9556514975
41.0420715397
27.7639121306
41.6802800467
41.8166427177
42.948991443
46.3178832685
45.674422179
45.805514786
44.0995618677
44.9478801556
44.2221699067
35.232811042
21.9072767198
39.8598693116
42.0763978997
46.1044227927
41.9983640607
43.2723239984
42.355394788
42.81345352
33.066068818
35.5826559098
21.401313253
41.6565933723
40.183273717
36.4364323484
40.959890704
41.6015744846
43.0601485803
42.2751372473
42.9393969673
27.0409051691
19.9104667703
23.4109724058
22.7649168286
25.2000466382
32.7775839813
32.9426178072
32.3677671073
27.6495283826
26.3880862806
21.5068254955
21.0851263117
42.6639162446
