42.0666508946
46.2840105018
46.5133671723
42.9275764294
44.8087635161
46.2920357837
45.1666911708
45.8334321276
39.6570248834
34.8014813375
36.4676395801
43.2665200311
43.7623800078
46.9711404669
41.9293836576
44.9046984436
47.6237572929
48.5648556982
35.0438654743
42.7960315053
35.6525497667
41.0562725505
46.2620272374
45.5350906615
42.6174303502
41.8729669261
44.7780859922
46.1484638132
50.6830178988
40.1752484448
42.0490575428
43.8189968896
44.7904910506
44.1020054475
41.8324215648
41.3592639159
41.3679435798
44.6931447471
48.342277821
44.6606839237
46.7556584986
46.1617300661
43.5245281991
45.4871019455
45.3848151751
40.2726068509
40.1888022577
41.0058034255
43.7648719346
44.8903801556
48.9913661479
48.6918700895
43.6087051731
43.9238478599
43.8007439689
40.1350852472
39.5032666407
39.7867843519
44.2610825224
41.7019482289
40.4616383807
48.6971602489
51.3292746013
44.3599949436
42.6963424125
42.5649035019
38.9201086026
37.6776259245
39.7266278708
42.4814297392
39.694459712
48.824751751
51.5349564372
42.8171197977
41.8096687427
41.5196632931
38.2417123394
37.0640599688
39.0198007007
38.5153254185
38.6357115609
39.6662304399
50.2780210117
53.0516923376
41.9365511474
42.5548688206
41.4195025302
36.5585036979
37.9154349688
39.0104503698
40.0295873881
40.0246819774
48.4560011669
52.0799902762
42.594705562
42.0481560311
42.4016700389
37.7781794473
38.6370669521
36.7361971173
38.0911580381
40.0525138186
40.6262152589
50.5490552314
50.3355581486
44.7084733567
42.9630828794
41.7184214008
41.0436200856
40.0309131958
38.8598808875
41.5932164266
41.6957746205
50.0872742124
51.1263601711
44.0663803967
44.4681747082
42.4992688716
39.5765227715
39.2566760125
38.4769326586
39.0311876216
41.1103674582
42.1221887894
47.6682648775
52.3735243096
43.9851041991
45.267933463
46.5138785992
41.2039517322
39.85083768
40.6109174776
41.5527660568
40.780370183
49.2523045508
50.0667604045
42.1468938569
45.6068719844
48.781766537
36.1598282041
41.4407637213
40.2642440638
40.6242452316
43.2571521401
43.5783828794
48.6630388954
46.1990416019
42.4690730949
42.6815245136
42.0087723735
42.3363645914
41.4271459144
41.3636805447
45.1898808875
46.2995863813
45.5929859977
40.3276434681
32.5562150078
40.1226079347
41.2363014019
45.8197425126
46.1457836576
44.5961770428
45.2487894942
45.60817393
44.7535046693
43.312275661
38.53719479
21.8110376992
39.8130381175
43.2069762738
46.3972419292
44.1037413458
44.9090019448
47.5040474524
48.4779692727
38.8118794712
29.8555462675
20.0155301205
42.0942222655
43.0549327372
42.6756527994
42.0687553481
41.2898206923
42.6691439129
44.6972177294
43.3225470451
32.7948611975
17.8182607851
21.3227069569
35.2352367807
35.4442818818
41.5164346812
40.8504374028
41.8268269829
40.2924677294
39.5965812597
23.8726164011
19.6236066848
51.3096626459
38.7255575428
46.0760583431
45.9827335667
43.1126233463
41.8042105058
44.3959128405
47.8692746013
48.0165079736
38.2263658631
31.3815416019
41.6784024106
44.5686168806
43.5611516919
44.2178143969
42.381244358
42.1968801556
44.206148249
46.8169583658
42.2187351225
45.0118617063
42.955440902
42.5327317263
45.257351751
43.4920365759
39.2391370183
39.4268388478
40.475087972
40.8123996109
44.7654031128
47.6836199922
47.5771119751
43.6757095645
43.9137416342
42.8473494163
39.0931627092
38.3685841121
39.0085807707
40.8947178988
42.4427622568
39.8098469348
49.3315530922
52.0576993388
45.5372613769
42.3822821012
42.344629572
38.9518871156
38.6475393302
38.5964885169
41.0337492212
41.6682432853
49.7136767795
49.8341898094
44.5319070401
41.6693215259
40.2642826002
37.8813676012
38.1355015576
37.3210845016
40.7460688984
41.1758003906
37.6843810821
45.8850171206
49.2642781019
44.6633481136
39.9167812378
39.3648053717
36.8878033489
36.0761156542
35.9899579439
38.1844871495
37.7897313084
46.4247466926
48.0919280436
42.8776546091
39.8464102764
39.0896629039
36.7699100467
36.0487565251
36.4777269186
37.4135499022
36.5100541277
36.7911740654
45.8927673152
51.1287670167
42.2175235317
40.3877726742
38.7274083301
36.9571604986
34.8943696922
35.6916117601
36.685163162
37.0489867601
46.7439607004
52.0591365228
43.1007775185
39.8827555469
39.215849747
35.3540510125
37.1028819634
37.7824293542
35.9746873053
38.1906538162
38.1159957165
46.9663011673
50.4332022559
44.7685589265
40.9882736473
40.3971884002
36.5477792056
36.1077818465
36.4154499416
38.2017355919
38.4305837227
47.5536638132
50.6147907429
43.9117098405
40.6750311405
39.4724534838
37.9327844895
37.1045238468
36.6542625633
36.7571710168
38.4408605919
39.511307243
46.5802622568
49.3584507974
45.0294550758
42.6012269366
43.351646028
36.7047235202
37.9142418224
37.3948547508
39.1725607477
39.4095673676
48.7503735409
50.7829770517
43.1737487359
42.585963035
42.7513421565
38.3767286943
38.8796121495
37.8432200156
38.7348161994
40.7442370572
40.7154523161
48.6120700389
51.4525912096
43.9108316485
44.0926564202
43.4758801556
40.2416808097
39.3326056831
41.5253818606
42.4799147528
42.1416189179
49.7373282769
50.0382147025
39.4215979782
45.8893264591
38.6669351309
48.0366976654
41.8830883612
41.3263760218
42.2827712062
44.1589070039
45.2829844358
46.8099891093
44.6167818818
28.5902161742
37.7240493971
44.9455667056
44.9310571984
45.0221767225
44.6280688984
45.5803400778
46.8708
44.4387247278
37.6287029549
23.6246739215
42.8028273438
42.9578576429
42.6364542979
46.2451385214
45.1363027237
44.0414947491
46.9713469467
47.78257993
39.6241353033
17.1058324261
19.3198993393
38.30987986
39.2771244168
40.5608903151
40.2604402956
42.8825600933
44.2533230949
43.0147667185
30.2923604199
19.3028596969
40.22337154
43.7363678072
45.221318677
44.0052626459
42.0976381323
42.3755486381
41.8064951343
43.7658867704
46.1640470817
45.214260599
39.6545839813
43.2057417347
46.8763949416
43.7779373541
39.7558267808
40.4469992215
41.4114219541
42.4914136187
43.1522249027
50.5071353559
45.127899376
49.8884511863
44.0743228316
42.0790354086
41.0305671467
38.7767866874
38.3738478007
39.6798201635
40.8689194239
44.3716882055
53.0902508751
52.7438335278
42.6438059121
41.2445792137
39.948730919
37.1554024153
38.0267332555
37.2147141745
39.4239778124
40.9966376022
43.1880453834
47.486492607
49.8230229483
44.0986063788
38.6784791748
39.0997033865
35.7623042462
36.8305134398
35.7015549065
36.8034228972
37.7830560748
46.2034046693
49.2671703617
47.1442042007
37.5751362398
38.4127820163
35.5329018309
36.4413355417
36.1287978185
38.0875354361
38.1005035239
36.6517799844
43.7728856031
45.4399533074
45.1300326848
39.571125
39.3688045171
37.8468589794
37.5829657187
35.0530186989
35.8349933775
35.5008776782
42.2884564202
46.9644614786
45.7948859922
39.1871756231
38.5769949377
38.326746007
38.6268429462
36.7793315154
39.4723673069
34.4906462797
35.6387853526
42.2595525292
47.5618097276
44.8718618677
37.6514727414
38.1923002336
36.5127939229
36.5829618083
34.8430362291
34.3428582002
34.9172933385
42.0932615804
47.596314786
44.7696929961
38.1176721184
38.4805350467
37.348022984
37.077167576
40.7903989028
38.1935107129
36.9761273861
36.9048496299
42.9640217984
46.1783486381
45.1735280156
37.5365510125
36.9901417445
36.0770942735
35.6816426345
37.6276786132
37.1324230619
37.3698414492
42.9854649805
47.5779206226
46.8266809339
38.899578271
37.4233808411
36.9350284379
42.327248725
39.4074290725
39.0244355279
37.9351784184
36.9335905727
42.8475428016
46.5812789883
45.498764294
38.657374854
39.5441775701
34.9462169848
37.6698332684
37.7654877289
37.3336873053
37.1689556075
42.6779657588
47.3698505837
43.6268062257
41.5395110938
42.2590813546
40.9147855743
37.367286716
36.8346166732
36.8620015582
37.8592468847
38.3057266355
45.2509856031
51.8716658888
43.0374749125
46.5632903854
44.9962600234
37.7674186137
37.5771830218
37.5974264019
39.6600903427
39.8644248442
47.723848249
52.2949891093
43.1219090202
46.3983677043
38.564862177
45.3598175097
40.6171514208
39.9820365901
40.4268917867
40.6617158427
42.6141338521
48.7228813691
51.3258782575
32.9236866252
42.7431653053
46.9268972763
42.9914939665
41.4912269366
42.9600957571
44.7317723735
44.258711284
45.3861322443
43.6750719285
28.5853891913
40.9751890411
44.5998292493
43.9935383119
45.2032108949
44.1422805447
45.4110229572
46.9724422404
48.864647219
44.3073737845
24.7285855365
19.9050796735
40.9119840591
42.5845046656
41.7220669
41.5484947491
43.8916798911
45.1022726566
45.1306631661
37.2730046656
23.2314700622
42.291304959
44.0223854531
44.4062081712
42.0933795251
39.5286302063
40.948415109
40.2759077462
42.2008341767
43.3844336318
50.8719369895
47.7394846363
43.6511571373
41.5927251849
40.6441724406
38.1425079798
37.7481818536
38.3740720125
39.6921666018
40.6870408719
51.8263683392
41.5694699454
51.0547763516
43.6435410346
39.9249166991
39.4999953289
37.1226304517
37.4229127726
37.9772145639
38.1502866044
39.9732324766
49.738163035
46.827092571
42.9942718786
39.4315558583
38.2262938887
36.7348102844
37.6278757304
37.475100896
37.3996670561
38.7247982866
39.7357313258
45.6852342412
46.5678626459
44.8364190661
36.7626203271
38.9666997664
37.4044647448
38.7562915043
37.8045851188
35.6003503507
35.2308324893
42.0362713118
46.9752175944
46.4778521401
36.6608321651
39.2543189252
38.3976204209
40.7334128655
38.7556028839
36.7572458122
39.6687441223
35.2602123101
40.2588256131
44.6414178988
45.3138447471
38.1553068536
37.9392933385
40.1272844895
40.242437037
36.9602977397
34.0724378652
35.1631503701
40.3326228104
44.5318583658
44.8404731518
38.4705695364
38.2030833658
40.6649251462
39.5008982456
38.3993424337
41.7993631724
36.0455639127
36.3153417771
39.9323056854
44.5153120623
45.5122175097
37.7797892481
37.7150689521
41.5356276803
41.2184097466
40.0083436037
35.6989653157
35.945401403
39.8633203581
44.8367560311
45.0476922179
37.5377919751
37.9098437865
40.7162803119
40.5037173489
41.4743396152
41.3979138402
37.1375216374
37.1418982853
40.24674348
42.6993840467
44.0413871595
35.7871024542
35.3466704324
43.2300050682
41.8859953216
41.1026017147
37.3852139517
37.6317731878
40.0702210977
44.2600817121
46.0615731518
36.9712476636
35.2661363459
40.9113875244
40.5348154692
42.0222350877
40.1398776306
37.7102572097
38.7811764706
41.0339626314
45.0249859922
47.011044358
36.973277648
36.8677866044
39.7207318784
40.6217782541
39.8512377241
37.6146143358
38.2310128555
40.9946414947
46.1209708171
46.7785285881
38.0915155763
39.4121242212
43.2989074147
37.6045699805
38.7979505066
37.4790136346
35.4747974289
34.4734308531
43.1417975866
46.9631918288
43.5938575875
43.0242752044
41.8719248735
36.0701803662
36.7425648617
36.5573954032
36.4982149533
36.743413162
43.8381389105
49.463210035
42.1491139634
41.3525114831
42.9536790898
43.0271887894
37.608517134
37.3174746885
38.2352873832
39.1630529389
39.2901716621
48.2045805447
53.2598249708
40.4228678072
47.2047680934
46.6914731518
41.0297271312
40.5805262748
41.8268392371
43.6408586999
42.687165434
47.9839529366
49.3375810968
32.8952531104
36.1584949099
45.3705807079
47.1160073901
44.6428101167
42.7362607004
42.2811494163
45.6216140078
46.129740856
44.4804768573
29.953255832
19.857636611
43.8151898094
43.3543854531
45.3830455076
45.4508280825
47.3295534811
45.8069614936
47.6701104629
43.9032562208
26.546057154
45.9291187036
44.8703718398
42.2336714675
40.9725325029
37.6061027637
37.8245463396
37.9244336318
39.5851946283
40.6553180226
51.3152586542
54.3010388954
46.2755406457
40.647297392
39.0354196185
36.9495471184
36.9573422897
37.1861830931
37.8611070872
39.1221121059
49.2312284047
41.0523058594
50.1195235317
46.5123298327
39.2164818996
36.9707149533
38.268130113
37.3582197117
37.2527810674
38.2168687695
36.8287215732
47.6687933852
48.5552178988
46.13607393
37.1943107477
36.9458971963
37.941453058
39.2160900234
38.1667573042
37.9676860148
36.7290050643
39.4395060713
42.2021992993
45.8703249027
45.0269867704
36.1536600467
37.5354569536
39.5596356196
40.9475095517
39.5219407638
32.8221784184
33.3386139462
40.1251066978
44.6933875486
44.8413540856
35.8461406311
37.424641605
40.3460592593
40.4568237817
41.2807890838
36.0617346064
41.8393919184
37.5127899454
37.924793694
42.1883810821
42.1845951732
37.6631582229
37.2200759642
39.2782183236
39.609824493
40.365711501
36.919020265
37.7875471551
37.9545206386
41.8477321915
42.9245722071
37.063029217
38.1051706937
39.0267653021
38.4297047582
40.4513391813
38.2613415783
39.6686705653
39.395566251
38.228279595
41.4697271312
43.1731903464
38.7669583171
38.6999996104
39.5536630265
40.2908209828
41.1741883775
39.7345851852
39.3227575049
38.6006369303
41.7278727131
42.5665252918
38.8126977016
40.2660311648
40.295300312
41.2784036661
39.9829082353
40.954877193
39.9794986355
39.6382565302
39.250682243
41.9968372908
44.2923705722
37.9941608882
39.0554524552
42.501675117
41.529525351
39.2781364522
39.5127769111
39.2917630553
39.2805654206
42.014283768
43.7936684825
37.8876127776
38.7632524347
42.1506417154
39.1298110762
39.5168412637
39.7768592593
40.6478604288
38.7432950117
38.750652648
42.4133592838
44.7502089494
36.0888636541
37.56934515
42.4754608187
40.1508986355
40.6539076023
37.8416858924
38.7129933749
39.4645560748
43.3846712062
46.2879389105
36.7127928349
38.541622127
39.2819674126
41.354314887
41.9417122807
40.1656393762
38.3744705882
34.4224039735
41.0405698715
43.9665634241
45.7783306107
39.8347021028
38.8875650312
39.5043971161
38.4217977397
37.9087498051
38.1825457733
34.7437456175
41.9865270533
46.3584536965
44.8698440296
41.8637878552
41.18276
42.243001557
36.8258192443
36.5071055707
36.633325672
37.2627589564
38.1064785826
46.6997836576
52.2214986387
40.9426907818
47.2305027237
46.3152984436
39.0337679128
38.6197172897
39.029788162
40.9753405995
42.3784957165
46.490386231
51.9058483081
37.2446069207
41.9915768025
44.034955642
42.4437727626
41.3835511872
41.6559361619
40.0155928377
44.9896688716
44.8706587549
45.2548715953
34.5085842085
26.2512783826
43.6769043174
44.8880136134
44.1550494163
45.2400474708
45.9351544747
47.9564077821
48.1778020226
43.3133821928
31.9899852255
40.7908356111
44.9021672501
40.142285325
40.0084667186
37.9600358255
37.3796970405
37.9872059969
38.9107547684
39.3980934216
52.1596007782
56.8836682225
45.7763552529
39.5330665629
37.9451798365
36.156387612
38.0057966498
37.3093025701
37.2086456386
37.8781962617
47.4064233463
42.4174882812
50.6101497472
46.6192953307
37.7840120717
36.2630097352
40.1961908843
39.0015007794
39.166426568
38.0176497857
35.8323913551
46.4232789883
47.6730085603
45.9636933852
37.7240798598
36.7700023374
39.3095011691
40.5816792673
40.0070081839
38.3403334632
36.2874094273
38.7351447627
41.1691837291
45.0470731518
44.5261540856
35.6566599143
39.9577058824
40.9364206628
39.7180417154
40.7202795322
37.1765471551
37.5284080281
38.8746103542
42.841342935
42.1767571039
37.1884199455
39.2448932606
39.7762569201
40.8063802652
41.1430038986
38.398802729
40.4952036892
40.3816496493
38.3652826002
41.6927391981
42.1578929545
39.3100623539
39.627977007
39.8396482059
39.9926064743
38.8781563963
40.1366643275
40.9481329435
38.0316705607
40.686567536
41.4352502919
40.3977719298
40.752890491
40.4138771451
39.9049227468
40.4100569423
38.9008683694
41.5651044834
41.1400920078
38.0517300351
39.6695223822
41.2766683534
39.980812159
40.0036975838
39.0945175507
40.1037499025
41.1136329953
41.6141578947
41.2193315133
38.216001947
40.647075905
41.7809926041
39.8296219797
40.9147759158
40.2973220141
40.4850975039
40.6246614235
37.9650713729
40.7786054581
40.0979169267
37.7759933801
39.1270984819
40.1590887505
39.1495561185
39.8307213562
39.0170838861
38.5251467031
38.8354391576
39.8665738791
40.6189017544
38.4151066978
39.282868042
41.0152592448
39.1524064692
39.8529590803
40.3326634165
40.0170637544
38.7897600468
38.3933471139
41.4707364522
41.5786128655
37.9640747664
40.7934702219
42.7638228883
39.0051788776
38.221141855
41.2550518721
38.8748950858
40.7899687988
39.5898132554
38.6676401559
37.5708169782
41.8464799533
45.7275797665
35.1704596806
37.9302641215
41.7693650669
40.4280530214
41.0930413255
39.3228346979
38.8702817615
37.9673235867
38.7547271312
42.700733463
45.5506431907
37.5258259346
36.126991433
39.9721500975
41.395629774
39.8521332814
38.0011332295
35.4935410986
40.7298929545
44.9730638132
44.2734780241
41.5499645777
39.2664968578
39.0274608797
39.5774386443
38.6009053001
39.531846903
36.0686279704
36.2437554517
43.9225894942
48.3901054065
40.7034138468
44.2002580771
42.3443347606
37.5518722741
37.3105073988
37.1468956386
39.2698291164
38.7748727131
47.9712980545
52.8982578763
38.5997029549
43.5498227451
41.0011836576
40.2587509728
39.145699494
39.8820038926
40.2658886726
41.8764994161
41.9867247956
46.8818393621
39.7387156748
28.0181407465
43.4353259432
43.9284928044
42.9733474708
42.3957155642
44.2147626459
45.6821984436
46.0957968872
43.7148109685
35.5970870918
37.5454330986
44.7763824903
38.7049941612
38.6585558583
36.758883567
36.9213212617
37.7625144081
38.8274676791
38.9889645777
49.5746688716
54.1239109296
46.6467097276
39.154902648
38.547915109
37.4344370861
38.0623174912
37.6102361652
37.3429080997
37.3919848131
44.6882902724
41.3172877248
49.5706898833
45.6988859922
36.8439785826
36.387652648
40.6565159782
38.570055339
39.6241274357
38.0836630308
33.6196856252
44.7960058388
46.4079727626
44.3134357977
37.0462267238
38.2485882353
40.0849625731
40.5384748538
39.5978089669
38.2263663289
35.475979735
38.1346277429
38.5765321137
42.7102011673
41.5316918288
36.3618208025
38.0272174591
40.0635871345
39.7938143526
40.3498015595
37.7836625097
36.3733897116
38.1211744548
41.5006255352
40.5563639548
39.4458172253
40.6641079501
39.2243857254
39.4546540562
40.0741595164
40.9375680312
41.2567179788
40.4598269006
38.1873785047
40.5853643441
40.4157582717
39.5653524366
39.2768635478
37.8979625439
39.2599793211
38.7671026141
43.0264957098
40.0949263158
37.3071394081
39.5681078241
40.5206917088
41.2220803119
39.5936998051
38.8976956691
38.2746219274
39.0074962934
41.4654791503
40.8956423557
41.2936766771
36.920087651
39.9918419619
42.3062923316
41.6363939158
40.8424510721
38.3721396801
38.9561685525
39.6589211861
40.2209145866
40.5936103744
37.8369025721
40.3106025691
42.74862826
41.9387146199
40.6052553606
38.2187038627
38.2343745611
41.8655977237
39.28985363
40.5318946958
39.9453810452
38.6756639408
40.0886678349
41.6658824445
41.2130397661
39.9115746589
39.8438513461
39.1191572376
39.7151077283
40.0183186427
40.5323514041
39.572680296
39.9037601246
41.9936936551
41.2052644306
40.8804003899
39.0117635583
42.8112205189
39.3664151385
39.1367112758
41.3800975039
41.0304898596
37.8415934579
40.1672545738
41.7940953678
41.4001816056
44.2423873733
39.7067378073
39.7626351931
39.9344013261
41.1277341131
40.3010101404
37.137694704
41.6745683145
43.6399077462
39.0369411765
37.3343889322
43.2970652772
40.4991552262
39.1203533541
40.3076907176
40.844791423
40.7013777778
38.7668543614
41.1794040483
44.8458431907
35.7684776003
34.8445905727
40.7349773879
41.5609231969
40.5033419103
39.0075978176
37.9019208885
39.4536845794
43.5458614786
44.2728269156
41.3070015576
40.772624069
38.6782433801
39.9048394388
39.9231223694
38.7365151988
35.2148694975
35.8015192832
41.8787493188
47.5921902724
39.7873901206
42.2836325418
41.1198956793
36.3221608882
36.3267713284
37.00622127
37.6861129283
38.6617644081
46.3392929961
52.5493796188
41.8830746791
40.0071028661
43.944748249
43.3428902724
38.3124727414
39.1147056075
39.5172507788
40.8378419619
41.3789509537
48.4333726177
42.5486106573
30.8593608087
45.9816330739
45.8663038911
43.6535764889
42.4920848579
43.7052946672
47.2677077821
44.1666645914
44.2638028005
36.6915855365
38.9880972656
44.6901003501
39.6609221184
39.5271238318
36.6017989871
36.4785200623
36.2581982859
38.1665724299
38.4166012461
49.1545249027
54.9343776741
46.5358249027
38.8974310748
38.8277305296
39.4614204988
38.6922666667
38.9816054581
37.214130113
38.6364483833
43.4984223433
41.8938772958
48.4692354086
44.032585214
36.6628944293
36.4529567589
41.2859812938
40.2409064327
41.3615720966
38.0789096221
34.0291877678
44.4305212145
45.0570513619
43.045569093
38.7094144916
40.0363028059
40.053071345
39.3910272904
41.0080495127
39.4362466875
36.8085826189
38.6450446533
39.693998443
42.2791377968
42.2862752044
41.2625584567
41.2503971161
39.6559984399
39.6574411076
38.7003814353
41.2589052632
39.4849695906
38.118404595
41.4742024134
42.0243106267
41.6843276131
40.5314744639
40.1474539422
38.7948728053
39.4433242294
39.957639485
38.5601908697
39.2936569201
36.8990767134
39.9402970027
41.6645414558
40.5770674464
39.8438982456
38.9467779945
39.2450140515
39.5391455326
42.6971891576
41.6264463938
37.4447596416
40.4621265084
41.1036465551
40.6035005848
40.8225290448
38.5330554254
39.9413598751
38.3090249805
42.7360420597
39.6617133385
40.057475039
37.6303322945
38.9349571818
40.9883742212
40.4018439938
39.6767992203
38.0042287276
37.9583286495
38.9244028103
39.1932402496
40.1030861934
37.8345671991
39.6695511872
40.8231728299
40.9158725146
39.2897099415
38.8241565183
37.8888281921
41.856786052
38.247362856
39.7316150546
41.0231412407
37.9278511882
39.3137866044
41.0501199377
40.7957282651
40.0761844055
37.8980382663
38.6893035505
39.4361244635
39.9895429017
40.4846392356
37.9596891313
39.8517254673
41.636670689
40.5329001949
40.4093551657
38.0936081187
42.2154390244
38.7843735363
39.4685696449
40.7177207488
40.8213928989
36.2855040904
40.1914710004
41.4565282211
41.2356619883
43.6697189084
39.103544284
38.8412087398
39.1741229028
41.1649153996
40.467277193
36.6910311526
40.7362001558
43.6007364733
38.4547977397
39.3954041309
43.177355739
39.9144937598
39.6765247757
39.6363358034
40.133011306
40.5233446394
37.9801557632
40.8214168937
44.0217116732
34.7567939229
33.9290857032
39.9594608187
39.1237145086
40.4740947368
39.2729002338
38.510482463
39.4821468069
43.1082020241
45.3513501946
41.2841721184
42.9599952756
39.1811869159
39.9166124756
41.42054053
40.2363234606
35.096146864
36.3292536034
42.1708567536
46.4065
39.882453909
41.1767395874
40.3093761682
36.2555617452
38.2990685625
36.5395418777
36.6281826324
37.5349820872
45.8980105058
51.1940987942
42.3234519642
39.9615205963
43.7589295446
42.7466866485
37.4364088785
38.1263115265
38.4682344237
41.3325667575
42.1003165888
48.4955877091
45.0757530144
32.9053468118
43.7635132296
43.6567785992
43.3774227326
43.2541845076
42.7619875438
45.7427392996
46.2818918288
44.5108257487
38.6602781019
36.6783803753
44.1373737845
38.7334123832
39.502944704
35.6585921309
37.6514573432
37.2591608882
37.3099852025
38.2966623832
48.3941116732
54.7530435628
46.4789638132
38.844538162
38.6084291277
40.5647614965
39.3813589244
39.2975216206
36.9754577328
37.4397031554
44.3279855975
42.0502539062
48.8692821012
44.3598120623
36.6573478769
37.9980455785
41.1540128655
42.1057633528
40.6710273011
38.476644583
32.0303678878
44.3562105878
46.2986361868
43.5976940444
39.3736431632
39.8483421668
39.8521883041
40.0411965679
40.1817469786
38.7358951267
37.723598597
41.8193028639
39.186661215
42.6980980926
42.0766243675
41.6768558067
42.0568585347
40.2108549142
40.3303400936
40.2794434477
42.284394152
40.4274035088
38.5558115265
41.5289708058
41.355105919
41.8683980507
41.0694374269
39.441218494
39.9654108467
40.415839641
40.1812617005
38.548139544
39.7641617934
37.4852239969
40.2670362009
40.9049233165
41.1199754386
40.8518339181
38.778871975
38.2798661202
39.3626632852
43.0384036661
39.9891660819
37.4952154266
39.8041782795
40.4173343714
41.5558167641
40.8319087719
39.1263583138
39.0911783763
38.816735363
42.9007051181
39.6497695008
39.7360667187
36.8092080249
39.3282355002
40.8199657454
40.1813120125
40.2628292398
38.145039032
37.5930913349
39.3563220141
39.7260815133
39.1496092044
36.8606486171
39.3083861425
41.0739976645
40.3816678363
39.9597099415
37.0589379391
36.3287209212
40.8560003942
39.7235632319
39.461649766
40.1289379633
36.9513591741
39.3126950935
40.4699587227
41.4335711501
39.8320923977
38.8797103825
40.3864640906
39.7106861827
40.5850452418
40.8490444618
37.605915076
38.7550712339
40.6149373053
40.4057551657
39.8060510721
38.1608325527
41.6947777341
38.8945589383
38.0730175575
39.9064953198
39.4336548362
36.0867093884
39.1372370572
40.6377655763
40.9558105263
43.3506233918
39.1098275458
38.9617179087
39.0350702302
39.0297382995
40.8628315133
37.4254116044
39.4580140132
42.0873880888
40.6479867498
38.8735498831
43.3476983877
39.683024571
40.213599064
39.5847870515
41.3328420437
40.4290697856
38.1580661994
40.3147866874
44.4109762646
34.915830931
34.3084697856
39.2899415205
40.1504286271
39.9749812865
38.3645863548
36.3688510721
37.8511004673
42.7484733359
44.4747883268
39.8154606698
40.6501977979
37.8838620958
40.3266917381
40.4513838659
40.5928031956
34.6240720966
34.8885570705
41.4597228494
46.5110420233
40.2977907429
40.0955395095
38.832125
35.6843171017
36.3933219018
36.0171978964
36.751517134
37.0672001558
45.4586747082
50.9675523143
40.3392734345
39.1520243424
44.1407395874
43.2511280654
38.1876287495
37.9975802181
39.2167714174
41.3276523939
42.5192880498
48.8465439689
43.8548222482
32.6110583204
45.7879058366
46.9324933852
41.7601093811
42.0816850915
42.371119891
46.4568941222
45.2705747082
45.6028673668
41.4029957215
37.6120623285
44.9706798911
39.959739486
39.6324396417
36.5228341121
37.0734195559
36.8581994546
38.0802293614
38.7527947819
51.632355642
56.749571373
46.4576933852
39.2870996885
38.6273274922
38.421771718
41.0839746687
38.9322002337
37.8579559797
38.3616969225
43.5296523939
42.3292544957
48.7358708171
45.0855214008
37.1531838722
36.9289072848
41.1655759938
40.9719469786
40.594609509
38.136443319
33.3273568368
43.5135058411
46.3831307393
43.3323801556
37.8417451286
37.6335787217
40.7349867446
40.8294284042
40.8432015595
40.188035074
36.9669247857
42.2231089769
37.9643059556
42.7364655508
41.9136072402
41.0893156664
42.7386792673
38.8278962559
40.3931142746
39.0836107644
43.0553504873
39.4371945419
37.9780728477
41.6469275983
40.9776263137
42.3267790335
41.8245025341
39.7685158018
40.0918817792
40.5729644947
40.1159859594
38.2867348544
39.8795547758
36.6351070872
39.2554885169
39.9685753211
39.7618179337
39.3537234789
39.0883300819
37.828060476
39.1979910261
43.0214976599
39.0816673167
36.6468118426
39.5191346828
39.8627855197
40.9758748538
39.8091481481
38.0979988295
39.1911893052
39.2178103044
40.8839468922
40.4330553822
40.1605113105
37.4621192053
39.1528135461
41.3351755547
41.9538807018
39.9947446394
38.4424601874
40.201697502
40.2112111632
39.7422379095
40.6161404056
38.1941464745
39.1768793305
41.3437574932
41.9784549708
40.7230202729
39.2635202966
38.3369145199
41.7782622047
38.5812110808
40.272450468
39.7595698128
38.6246419945
38.6253635656
41.1032444531
40.3669247563
38.8935278752
38.6228439329
38.7115134608
38.0127782116
40.6613962559
41.5730655226
37.0257821512
39.8110938108
41.1057255742
40.4913676413
39.2119012876
39.1567345824
41.5564051081
39.3730222482
39.7283476395
40.4659430577
41.1760042902
37.0262181535
39.3167761775
41.4091533671
42.6057968811
43.1878315789
40.1658213032
40.8745708155
40.3624143582
41.0135132605
41.4483442495
36.9036474484
39.9045391203
42.4856189179
40.833451286
39.2201929072
43.3458177883
40.8087296137
40.8097815913
38.8288728549
42.0743832359
40.1195847953
37.9038913551
41.6307333593
45.4088459144
35.8973837164
35.7903634593
40.8298475634
41.2366861598
41.1528947368
40.0122614965
39.1809325799
39.8206129283
42.5843225681
45.2772424125
40.5590042835
40.8388716535
38.3354998052
40.3538028059
40.5464569201
40.065208106
33.7463155434
34.5917487339
40.8853106267
46.5343404669
38.8164231816
40.2854013235
38.9610443752
35.6897296455
35.7013435917
35.7771332295
35.5813590343
37.061798676
44.690688716
50.562336445
41.1461380249
41.0108031373
44.8189431907
43.4623456598
37.089834891
37.5393419003
38.7544645639
40.9158840016
41.6306761386
48.383385214
46.4442462077
32.7948141524
41.9670544747
40.7852774319
42.8913008953
42.9630875827
42.4202829895
44.903131958
45.7693677043
45.0944745235
39.0997029549
38.0917380579
43.9802294827
39.8007835734
38.5551265576
36.5869828594
36.6604986365
37.1357822361
37.8456012461
38.4333485202
50.4364661479
55.96119331
45.3262642023
39.0575722633
37.9330482866
39.5638422283
39.5866893998
38.2860689521
37.1050927152
38.211977016
43.3611506423
40.7827066875
49.7941373541
45.4860972763
36.7664382548
36.1095718738
41.3355003897
42.1223929825
41.4391488698
39.0648663289
33.3438765095
43.2033662904
46.8624568093
43.9256727626
38.6797378263
39.3282045986
39.8032874415
40.0000007797
40.6365097504
40.1770362432
36.5812575994
41.8152890196
39.3067563254
43.1446095757
41.7911860646
41.4171477007
41.1795900234
39.344675507
39.4726856474
40.3330339314
41.3148128655
39.7061754386
37.9194949377
41.3373787466
40.7624133904
41.2942065472
42.057922807
40.1721806477
39.9068634413
40.2281978151
40.4602039782
37.8420616896
40.5814075663
37.4433693027
39.8798941222
40.8378357337
40.0086982456
40.6211664717
38.4826121732
39.7568352206
39.9006726492
42.5369379875
41.7348017174
37.4505835606
39.8509291553
41.1142541845
40.9298304094
41.3833481481
39.2949126024
40.1759960968
39.038183769
43.5549755906
38.3824691888
39.9394418877
38.8403926763
38.1600295835
40.5280708447
40.1176931774
39.2589306043
38.0120940671
38.438785324
39.5911385636
39.3156567863
40.1723970359
37.080240748
38.8916551187
40.2408123784
40.1382389864
39.1563676413
39.1605870414
38.3614293521
41.6128018905
39.1904484778
40.4611025741
40.3735304212
37.8164195559
39.3415130401
41.4084686649
41.2673361934
40.4765290448
38.7831135831
38.5795058548
40.2557427791
39.3988131825
40.0406228549
38.5154043631
40.1047255742
40.9792693655
40.5948401559
40.0100892788
38.0444476971
41.6687917323
39.3246174863
38.8912262973
40.2833631045
41.5465709828
36.0165788859
39.6472234332
41.1925036979
40.9384495127
42.6847243665
39.2727584861
40.6217647288
39.3797764339
41.8813865055
40.8462054581
36.9513800623
40.4027384196
42.7974639938
40.1991726422
38.7961504873
42.0266290323
39.2321852574
39.5453118657
39.7466111544
41.7138690058
40.9525561622
38.4715996885
41.020597898
44.9874315175
35.9931519283
36.5399166017
40.4203239766
40.2362979719
41.0276025741
40.179441933
38.2703090413
39.6330922897
42.1995321137
44.5800097238
39.9948691589
39.6064355346
39.2073102104
41.5466699143
41.5375728761
41.2465549493
35.0991991426
35.5566466693
41.7880797976
47.1019875486
39.9572718786
41.6167660568
40.0464824766
37.2651616673
38.0073852746
37.6970666147
36.7330225857
37.8706499221
45.2372927209
51.5618957604
41.669915986
39.5039642155
44.9858695991
44.2051891787
37.8452095016
38.5949450935
38.1994431464
41.0208820553
41.1736072402
48.7847105058
46.2754729677
32.5072628305
40.3698035019
39.5854350195
43.5124390814
43.7155177112
43.0542242118
45.9304116732
46.295342935
44.7339346558
40.0331197512
38.630023101
44.2794885259
38.7951954829
37.9671985981
35.9699458512
36.383475263
36.8359665109
37.5610638629
38.2129980522
48.3470319066
53.4093485025
45.4342863813
37.8972110592
38.3452162057
39.4175196728
37.7161890838
37.6169178029
36.5398461239
36.9849661215
44.1507991436
40.5112580141
49.6067486381
44.310018677
36.5691714063
36.1721114141
41.2613980507
40.8438124756
41.0039278752
38.0084117647
32.0793132061
43.3119785909
44.281244358
42.0547804593
38.9344733152
38.8789703819
39.7276816231
39.4387563353
39.8824795322
39.2837217459
35.5124431021
42.5873749509
39.0170412612
43.2242257688
41.5271265084
42.3039158223
42.319456742
40.5785964091
40.493173947
40.1296021841
43.1399251462
40.9245231969
37.6859556075
41.5611782795
41.510565979
41.6356227592
42.0587270955
40.0084272337
39.3354771752
40.1097460008
41.4141618565
40.28480306
41.3344787524
37.9784801402
40.5167960296
40.6033550019
41.144339961
40.6602795322
39.8995630121
39.16309758
39.8396219274
42.4629680187
40.163079922
37.6537732762
40.3377228494
40.5863985987
41.5283863548
41.4495961014
40.2209519906
40.2155632319
39.9460952009
43.3490330839
40.2230397816
40.2305230109
37.6224472146
39.7112471779
41.9324079408
40.3983915757
40.0644787524
39.3599395004
40.0528922717
39.9521315379
40.7787226989
41.0059676287
37.1003939984
38.6068824445
41.1004410276
40.7569274854
40.2879181287
38.0266565183
38.1451209992
42.7513028751
38.4889797034
39.5425854134
40.1894457878
36.5093054149
38.6922506812
41.4745107046
40.2326460039
39.3593929825
38.1323220141
38.7849937549
38.7961639344
40.4716821373
40.6874212168
36.8928293063
39.0965212145
40.0837851304
39.8935134503
39.2844994152
38.6919758002
41.5194384585
38.9207583919
39.2809879048
41.0171134945
40.5732632605
37.2817608103
39.8389941612
41.3139859868
43.1576460039
43.0812986355
39.370816231
39.9761346079
40.2858755365
41.2116411856
40.9343126706
37.7073605919
40.5182845465
43.3981541456
41.3632190179
39.0390939205
42.3525031471
40.9058311232
39.6585171607
38.9326154446
41.9704023392
42.5900222222
38.1973345016
41.1776574543
44.524407393
37.0322995715
37.2739333853
39.7259072125
40.4255434698
40.2461949318
40.4233710055
37.9302170694
39.2123978202
41.6440716232
44.9280315175
39.2360350604
39.5076658805
38.0813890187
40.9381640686
40.5488795791
40.193994544
34.1085301909
33.9982980132
41.2864149475
46.1613389105
38.5130528977
40.2087209031
39.8136444704
36.6101570538
36.9242142579
36.5063872224
36.2606732866
37.8410996885
44.3493939276
49.9175344224
41.0426830027
40.4548787284
44.7116469443
43.2004207863
38.2063543614
38.5356491433
38.4879096573
41.3769785909
42.162643441
49.1225709841
46.8575204201
32.4751601866
46.8001929961
45.8695420233
42.4357022188
42.297045543
43.5621261191
41.7839875486
45.0649583658
44.5828323609
39.0263985226
37.8246888454
44.9233916764
40.6847423122
39.6352440638
36.0093512461
36.3603422897
36.5939988313
38.3626160436
38.5910206386
50.3110521401
55.5704387398
45.8565953307
38.396364486
38.2638925234
39.6949957148
39.8111048324
38.6651671212
37.178244254
38.065305296
44.301240856
41.1450914777
47.3819303502
43.9539871595
35.3767409427
35.1821192053
40.1592209665
39.7969173811
40.1602147311
37.1056118472
32.066006233
43.2186956014
46.1931015564
42.5729680934
37.9535208414
38.3425784963
39.9899598441
39.9721329435
41.3294011696
39.6235502728
37.5752931774
40.9411697374
38.8537808486
43.1686208641
42.5548174387
41.1096765394
41.5701574435
39.5274036661
40.1667702808
39.6931419657
41.9959337232
40.1970288499
38.7253006231
41.6238734916
41.3308220405
42.4923219018
43.1850401559
40.8810187281
40.3380175575
40.229927819
40.0646470359
38.2687325993
39.7853073323
35.8739299065
39.446373297
40.2967773453
40.2442877193
40.3347059282
38.314645451
38.5343421771
39.8706769411
42.6221700468
39.5225910331
37.1543224299
39.5943787466
40.464213785
40.0369048733
40.2113415205
39.0586774697
38.9491959407
38.4854927819
41.6973595904
40.1786833073
40.2727265991
37.6474476042
39.4765908914
41.9949038536
40.2155641326
40.2736035088
39.5101654957
40.0408637783
40.0671432475
39.5911875975
39.6290799532
37.8943104792
39.9478151032
41.1441479751
40.3617421997
40.4780920078
38.8638856362
39.430226776
43.7346846457
39.1420647931
40.1534613885
40.3819984393
37.1500841449
39.6167866874
41.3899279875
40.1197411306
40.545765692
39.0598079625
38.7335655738
39.8828762685
40.9862043682
41.8626322153
37.862860148
40.5331895679
42.066091086
41.6519586745
41.6067707602
38.7054129586
42.2653216397
38.9711197815
38.5081435817
39.576349844
40.4011610136
36.7600019478
38.8525017517
40.4276337096
41.4565052632
42.4194994152
38.3948637783
39.0192447307
39.6408490051
40.7792710608
39.648042885
36.88806581
40.0045725963
41.9286154146
40.9359703819
38.0651726422
40.7360550531
40.3883343738
40.2923810452
39.9154426677
41.1244109162
41.9743135725
38.2440771028
40.7854671078
44.8958696498
34.6306178418
35.6196098987
40.4412678363
40.4662140351
40.5171497076
38.8810966485
38.4340116913
39.6145307632
43.5456042802
44.2667063399
39.7191857477
41.8123658921
39.30765485
40.4985097428
41.2102650039
39.976137232
34.8133358005
35.3746104402
40.8461327365
46.7457824903
37.9322625438
41.2016714675
39.487084891
35.7491340086
35.303315933
35.8490420725
36.435838785
36.3786775701
44.8422805447
51.5086402178
40.222109296
39.5200938359
44.4748240561
43.6985663682
38.8089209502
38.6268161994
38.5180334891
41.2749684702
42.0951529778
48.1466949416
44.0763492804
33.480913297
45.3897455253
43.9888178988
41.6366060724
41.5081179447
43.2567726742
43.7829062257
44.7780003891
44.8754103462
40.1543975107
37.002685446
43.1203625049
39.6210058388
39.3799914364
36.2062951713
36.3178975857
36.8401214953
38.059222352
39.1076113707
50.7828902724
55.1604784131
44.2521307393
38.5773492991
38.0429933801
38.7385932996
36.9009232567
37.5960662252
35.699602649
37.2429299065
44.8861451362
40.6753278624
48.3669249027
44.433481323
35.7928706661
35.6483981301
39.6142942323
39.3116921278
39.9609243665
37.1737896377
34.0060892092
43.8623079019
46.3477354086
42.6059256809
37.8167626656
38.0198987145
39.7509906433
39.7853598441
39.3717504873
37.8886001559
35.1349282931
40.9778175755
40.3540334761
43.920669132
41.9563779681
40.7592018706
41.7596328917
39.1178034321
39.761674727
40.2521634165
40.5122674464
38.8187099415
38.1725432243
42.3502370572
42.3269754768
40.3109329696
43.4781126706
39.1864323059
38.9025985174
39.3788166927
40.1389582846
40.0957714959
40.8834253411
38.1315299844
40.5517422118
40.5122323861
42.2187282651
40.7946175439
38.9265415529
39.4941681623
39.8977818962
43.9092230889
40.3222191033
38.227569704
40.8112596341
40.7835729856
40.2914962963
41.2382795322
39.323127975
39.9712485369
38.830307062
42.1920471698
39.7915081903
39.9599274854
37.7189567757
39.7865140187
41.3842954457
40.7011270955
40.5337446394
38.2946601639
39.3325848615
39.7865450644
39.7584629485
39.6969383775
37.7315901831
39.8464200078
40.7794371351
40.4115263158
39.5682436647
38.6867085447
38.8582746781
41.6592438163
38.6482610222
40.6610140406
40.6576318253
37.9748667705
40.3708762164
41.4933117945
40.1336947368
40.0674810916
38.7467631682
40.0949758002
38.811410777
40.5559461988
40.7417060429
37.9281262174
39.9362187622
41.3792460101
41.2642717349
40.5862128655
39.5814471323
42.429246063
38.5904763948
38.7880015607
40.673549922
40.6868857254
36.4605778816
40.7745554691
42.7087072791
42.0067357755
45.5249138402
40.6683312524
40.9244834179
39.0303714397
41.3604842105
42.1286269006
38.1185443925
40.9523367069
44.0329700272
38.7871477007
38.9857365549
43.1276914601
38.6438198128
39.3099192668
39.1649118565
39.9580752437
39.7053430799
37.5235112928
41.8551619307
44.5822245136
34.7163233346
34.6414078691
38.6544612086
39.9764791423
40.7838651072
38.1561940764
36.9077517537
39.6097792056
43.441014786
44.3062194553
40.2792757009
39.713434629
37.7004964953
40.0365249415
40.1560927514
39.1955674201
34.8985858979
35.875472536
42.2778672635
47.393340856
39.6490280047
41.0195636434
40.2765753211
34.7998270354
35.124723023
35.2159929879
36.856038162
37.1935463396
46.9469863813
52.5106102684
40.8017969662
40.7425049039
45.5182608019
43.5692502919
39.3072044393
38.4363555296
38.0279680685
42.0980914753
42.6378551966
48.8464466926
43.3303854531
32.938340591
42.7639785992
42.5590280156
42.3494207863
42.6610766835
43.470868042
46.3175050584
47.4374770428
45.2204437962
38.1450878694
39.1536453125
43.2541159082
41.8648898404
40.7361576489
37.2736452492
37.8632609034
38.2713107477
39.373567757
41.1545410666
51.3843626459
55.1060890704
44.4897610895
39.4745920592
39.5883866822
36.0151721854
36.9272563303
36.8529065056
37.2929057632
38.2102231308
47.6149980545
41.5835175781
50.2794945525
45.5341490272
36.9088726636
36.9844003115
38.9065623539
39.5877957911
39.013901403
36.9808282041
35.9870027269
45.9168158817
48.1624657588
44.441285214
35.8939949357
36.405700039
40.9178382066
40.1617481481
41.0625397506
38.8775890144
36.0038262563
38.3333444357
40.3015107046
45.2513439689
43.8708054475
37.0149583171
39.8429688352
41.1923302144
42.0450116959
41.3955224172
37.6877575049
37.0836044427
39.794328271
42.7467532114
42.9352195407
40.3083721746
41.5254602494
39.4543014821
40.6145327613
40.4964403276
38.3001001949
40.5024710971
40.9167147311
38.7433037383
41.1979026859
42.3176064617
41.0805962588
41.6669068589
39.4623148654
39.360453375
40.5010616706
42.2905879142
41.7828405458
38.3735525701
40.8584032698
42.2096551187
40.411071345
41.0814538012
39.3561342177
39.3833480297
40.6181771362
38.8300192459
41.5614623782
42.416782846
37.7479964953
41.4405009731
42.7747999221
41.3864395947
41.7164091972
39.2792481467
41.57372103
41.2032469762
41.2270175439
42.3194175439
38.8592188474
40.8988808875
43.0038411833
41.760104053
41.2328639906
40.1144112368
40.0479086651
39.4972043222
38.2941596409
40.6587033138
40.6438522417
38.3034431464
40.1453024523
42.03562826
40.7253539961
41.1857676413
40.5549566914
40.5160378463
38.7242535101
41.0703208577
41.5014551482
37.9831709502
40.1706017906
41.8967345271
40.9352603274
40.6917860483
40.17904643
40.8447019269
40.0333899297
40.1656107644
42.0839754386
41.851211306
38.3472219626
41.0649295446
43.4829307123
40.0940370226
41.1947072125
40.214801092
40.7216653666
39.6340698128
40.0063672515
39.480397271
39.0653041277
42.4721179447
44.6905501946
36.6511795871
36.6617404521
39.6214337397
39.9252378168
39.0343074522
39.6285150097
38.3118506823
38.4408612627
38.5853582555
42.7515866096
45.9310871595
36.9422917803
35.1681655629
39.4154904483
40.2478732943
40.2523360624
37.5716466693
34.3975952474
39.8098676528
44.783681323
44.6726758755
41.6744684579
39.0803458971
38.297665109
38.4172438644
38.0539325799
37.3927919751
34.5678936502
36.5081234905
43.7122207084
48.2102252918
40.3320493971
42.2967695601
42.0639073569
36.3760093458
36.3612577882
36.8961004673
38.6377009346
38.8111253894
45.9771610895
50.8351205757
38.6574265163
41.9235213642
46.9157470817
45.9695708171
39.2168239875
39.2169626314
40.1672775399
39.6180159595
40.5702903854
47.6074900817
40.1572092571
31.0146936236
42.9637825749
42.5629120965
43.599170428
43.4456185286
44.3633961089
47.0735793774
47.2273042802
42.6678782575
36.0338849145
38.0172011742
43.5218510307
43.910344492
43.4149159206
39.2832375389
39.774209891
39.9488613707
41.4390669521
42.335957571
49.1847798522
48.7969976663
44.0926287938
42.1846917088
41.6712775399
37.0903582555
37.6367628505
37.5158259346
38.7987924455
40.9279112495
49.8912649805
41.1939765625
51.093932711
45.4975729288
40.0406993769
38.3260272586
38.910680561
38.5557569147
39.1289657187
38.6265738216
38.3418126947
48.5948875486
49.3792120623
45.2557599222
37.8468251558
36.5785710947
39.4003764614
40.9318008574
38.3913643804
37.4212006233
37.7935216206
39.0720414873
42.2344336318
48.3008311284
45.775755642
36.4029949377
39.3907635372
41.026197271
41.2645945419
41.2356163743
33.3118320343
33.9019119595
40.1811401323
44.8463941634
44.4203229572
36.2607896377
39.7213848851
40.0081594542
39.9066050682
41.2344350877
37.8127650039
40.3430731898
37.6896590023
40.2319797587
43.4655570261
43.2494059946
40.4228690569
39.6719559626
39.9770905189
39.9414687988
42.4477180187
39.3112639376
40.1420795012
39.3510408879
42.6702475671
44.1571786687
39.709997272
40.6559438815
39.935825273
38.81750039
41.9136041342
39.6056856582
39.7145413417
40.0510833983
39.1166853583
42.3062954457
43.1965513619
40.3240475263
40.337830931
40.3612819813
40.4297617005
41.6706914977
40.2784097466
39.8262775828
38.6313228193
42.8113557805
44.0925167315
38.6936843336
39.805431021
40.8817667707
41.1343170827
38.658340918
39.643874025
40.2027490257
39.9010171473
39.1876935358
42.4263476061
44.0028092643
39.023856642
39.5187295401
42.2951506048
41.6972917317
39.4998155226
39.2721870616
39.9219021824
38.8619170561
43.2246010121
43.9784698326
38.8853007402
39.9573187841
41.6893767551
38.8519638791
40.0526154446
40.3784405458
40.5577380117
38.782697076
38.8572827103
43.7695321137
45.5849451148
37.234267238
38.4312263342
42.4179660819
39.4988038986
41.2844054581
38.9248760717
37.737355417
39.3849657454
43.890716232
46.3297272374
36.5311183801
37.6675678098
39.6308566942
41.3080444444
40.9511785575
41.8320413255
37.4999883132
35.1039824698
41.9652436746
43.8622101167
45.2816518864
40.1358524143
38.301008567
39.9903339829
39.7150935308
38.721035074
37.2529403974
35.533830931
42.5569221487
46.3069536965
42.7798459743
42.6401132736
42.9661856639
41.132207863
36.3668196338
35.9249174133
35.7260907674
37.9284482087
38.7423574766
45.9158217899
51.4766616103
40.6313228316
46.4102292721
44.3496058366
39.2272196262
38.2151409657
39.8324201713
40.0879357727
40.8685718178
49.1332237354
53.445151303
35.3048619751
42.6493248333
47.0938350195
45.6555793774
42.2130264694
41.6511479175
42.1207306345
45.5471206226
46.0286980545
46.3040035006
34.7854214619
24.8791247571
43.4286849475
42.6246425515
43.965888716
45.3494486381
46.8721299611
50.2114031128
48.7448101167
43.4269926128
31.7430186625
39.2952046875
41.239402956
44.237385214
42.8435007782
40.2851950175
40.1532140911
40.8237925263
42.8894394706
44.6774836576
44.479024893
40.744083625
41.9047510696
44.3250824903
42.5878891051
37.7211534268
38.6474746885
39.3097244064
40.4570692877
41.6774013235
49.5681139634
40.9704623488
53.4666444963
44.5172135356
41.8829820942
41.71694239
37.8737095016
37.9604154984
38.8765066199
39.3690953678
42.2085457376
51.3206120623
49.1690684559
43.2725488137
40.9049591281
40.3529474504
37.195544215
37.3679291001
36.9224608492
38.2500923257
40.257423676
39.7483056751
44.7865392996
46.798521198
43.2658028005
38.1455922897
39.1733862928
38.8828134009
38.6279832489
37.9036042072
34.2426790027
35.7135629139
43.4060833009
43.8741167315
42.7843066148
36.9337371495
39.6514178349
40.9171882307
42.1296465316
39.7734637568
36.0952984028
42.3246809262
33.9709583171
41.7370408719
47.2183571984
45.9787747082
38.3525551227
39.0422984028
42.1596379579
41.4702783626
41.4527385035
34.8506664069
34.7663112583
42.0597718957
46.7655540856
46.50172607
39.0492960654
38.9525095442
41.3482195788
40.9145434698
40.2025647426
42.7496981576
34.3879236165
34.6566699143
39.7126321526
44.8241338521
45.1214544747
37.2029022205
37.9014117647
40.3948768031
40.7999859649
41.3287364522
36.2755083821
35.4324088075
40.3353168548
44.9917579767
44.3583116732
37.5406922478
37.6522984028
40.9989766082
39.4866265107
39.2362953653
41.0567692008
37.1600627436
36.4959399844
40.7787750097
42.7539509728
43.1243529183
36.0274507207
35.7434226724
41.7577598441
41.7434783626
41.4870471735
38.4372821512
37.5425471551
41.0342841573
43.6997463035
43.4564167315
36.2163022984
35.3332095832
43.0274471735
39.5553403922
40.6613863548
41.990791423
38.1553391813
38.2247008181
40.4939692487
46.2163754864
46.5181070039
36.4655196728
36.8653612627
42.6442802027
41.1788538012
41.208766173
37.5261223218
37.9760019478
41.5302717011
45.8723268482
45.0262061455
38.7499778037
40.7888056854
41.6108878871
40.0646519875
39.3304988309
38.4036554949
36.9521063498
36.1176427737
43.1906309848
47.7684564202
43.034033839
43.2426547295
41.8156566757
36.0363700818
36.6607082197
36.0094409817
38.3470159657
37.8907476636
45.7337735409
52.0573150525
41.6462454298
41.7240478786
42.2106427169
43.2817831841
38.2742978972
38.1276199377
38.6099633956
40.1261413001
41.0849486181
49.4954992218
53.7809198755
38.4735225505
47.7015249027
46.105329311
41.5422059167
40.7650887505
41.1051245621
40.8147520436
41.1930147917
46.8072668222
48.8273477246
32.2250785381
39.6499675274
46.2041108518
45.1756289382
43.545377821
44.0590486381
44.394644358
47.5593268482
47.5272354086
46.2482913263
30.5182507776
21.4082856588
41.9308802023
42.3543916764
45.6143381323
45.6781159533
45.9591108518
45.6821999222
46.5460528977
40.0161796267
27.4499895023
41.8960460758
41.1830839813
44.7504108949
45.6620824903
44.2667863813
43.2213809339
43.1333743191
44.4161451362
45.6283657588
44.851294438
41.6901030327
42.5401544146
45.6542268482
44.6137081712
41.7277446477
41.4185566368
41.6365325029
42.5103653696
44.124177821
42.5064854142
43.5541112412
45.5921995333
42.2642096461
43.3341404669
42.9658929961
39.5269567757
39.6802184579
39.557490074
42.334341378
42.2851276761
48.4194636328
52.079638662
42.6378055231
40.6792378357
40.9766446088
37.6974591121
37.2708831776
38.4179326324
39.1457219626
41.1516686137
40.7639769261
47.5465136187
50.6040696227
43.0893916764
40.4845776567
40.1604137797
36.2415465524
35.4072995715
37.2361449162
40.1684918224
41.0823088006
46.5309817121
47.755294049
43.5243131077
39.7920182951
39.6962168159
37.2781121932
37.4681835542
37.314306194
38.5245716511
37.9721475538
36.3646561526
44.655998443
45.4590396733
42.3875449242
39.0493987539
38.9200214174
37.3455952474
38.110618621
34.5751733541
35.0372281931
34.216836838
42.2750677306
47.5441809339
44.3980665111
38.5432024922
38.2736861371
38.3602512661
38.0352069369
36.0724234515
41.4232121569
34.4506170627
35.2172313985
42.8379427793
48.3732743191
43.1915449242
38.1610661994
37.5885755452
38.218185113
35.6925280592
35.8681456954
34.4571741332
35.9048687183
42.2111510315
48.925755642
42.631740856
39.1757893302
38.4032897196
38.5183943882
35.7624606391
41.9789183994
38.9351308921
36.8008242401
36.8803003506
43.2277731518
47.2346365759
44.4764377432
38.7264559969
37.4290062305
38.44120265
36.8450943102
39.1419310479
36.3952715232
36.9583093105
43.3870634241
46.8377346304
45.8361575263
39.5922729751
37.4534937695
37.0071325019
42.5921073668
39.0777560405
38.4329247563
36.6293607324
38.0914394235
43.7017626459
48.3841914397
45.955798522
39.4809583333
40.1142250779
35.6092368524
37.8366217374
37.0822372419
37.8358874172
37.8603247664
43.881466537
48.8726199922
43.2422656554
40.4030393149
43.0374682756
39.9036936937
36.61815933
36.3796260226
36.34346903
38.2576312305
37.6045237539
45.5712728688
50.8568872034
42.4902022559
43.8948727131
42.9016710782
37.8823676012
38.5590872274
38.5574462617
40.2048949007
40.4585819385
48.9964159533
53.3737110074
41.3559346812
45.7811093385
38.1209087706
45.9546463035
41.2161206695
40.9906189179
40.6459926041
42.3124690541
42.6428898404
47.7777580708
49.260772851
34.6258814152
40.6388837028
45.2777743191
41.7897607004
43.6280027248
44.4595412451
44.7351307393
46.1271634241
45.7879420459
40.4706337481
28.5992826594
38.4518465753
44.5780879035
43.0338996499
43.4678093385
43.0631957198
45.7625354086
48.2102839362
48.0211960327
43.2101076983
23.1790225505
20.2029125534
41.9146671851
41.1521648523
42.5646643329
43.9878098016
43.4974224037
47.336554648
47.1905939323
36.318531493
22.3535349922
42.440112544
38.6344051322
41.0606643329
41.7155978219
46.3661081712
44.4080910506
45.2531552529
46.4103772851
48.4829898872
39.8536570762
29.8350851477
40.1728864697
41.9242509728
41.4979470817
45.3992389105
43.6450342412
44.8771957198
46.690981323
48.2034140078
41.8628771384
44.3000405458
43.8737006221
43.4413122084
44.2043237354
44.6517373541
42.5292148696
41.6958520825
42.2392140911
44.5307715953
46.7676793774
45.4633123298
43.925970451
42.9463767496
45.4524910506
45.1804968872
40.2731144414
41.208297392
40.9520077882
43.0139412223
44.1893638132
40.8301296875
48.1686791132
50.3894671334
43.8302905484
45.0146143969
43.2160478786
39.864230919
39.6202316978
39.3648800623
41.7680883612
42.5784141689
47.7477666278
51.7239175418
43.8682901595
42.9716932659
42.5866496691
37.1854811063
38.4641896417
38.4962916667
41.8863352804
39.8985113547
38.8995955625
48.1824824903
50.5767510696
42.8770202256
42.0768688206
41.3110101207
37.0480857032
36.1197241917
37.1427148422
40.2317165109
38.6047251849
47.3250867704
48.6424756904
42.9644593543
40.7110626703
40.6606640716
36.7397931437
36.718608882
37.7220447994
37.9231901408
38.5532570093
38.6352963396
47.1826198444
53.162083625
42.765613769
41.4916107435
41.165910471
37.3943494351
35.3000549279
36.278521231
38.7414762461
38.0064450935
46.4445054475
52.003150914
42.2227786853
41.4779030751
39.9766247567
37.5137331515
38.1171067394
38.9113094399
35.960846903
38.0002219626
38.865413162
47.6931719844
51.3881999222
42.7915764294
41.7689649669
40.4653359284
36.3320225945
36.1653833268
36.6060888196
39.2875389408
39.1833683801
47.9972326848
50.7228428627
43.6802333722
41.5593079019
39.9705344492
38.1824370861
38.5521906067
36.5101153097
36.5101884735
38.5262359813
40.0674750779
48.42407393
49.459000389
43.9280155581
42.2304063838
43.5989108603
37.0276836774
38.2102811526
37.5337422118
39.2521307902
40.2165145971
48.5085128405
47.9380408401
42.5304807468
43.4471715953
42.9434048268
38.2186118292
38.6141035826
39.6714454829
38.711853972
41.1926438303
40.7210805761
49.3793696498
53.8598626993
40.9847433904
48.6652789883
48.0402614786
40.8895227715
41.0931420786
41.577687427
42.3896734138
41.955729856
48.1845507585
48.1105684292
39.9514821151
44.0979455465
39.7685719875
46.2356011673
41.1704523161
40.7185636434
43.2410821331
45.9872202335
46.2493673152
45.4453897316
42.7157406687
28.4060653188
37.8187720731
42.9464072345
42.7861019455
46.2512272374
42.0666143969
50.5536865033
48.7658969273
43.1015377138
36.148507776
24.1707699184
41.9069921844
42.3205954881
41.7724671334
44.5026522754
44.7480023337
42.0103578374
43.8713473357
42.8581232983
38.9307830482
18.6008243296
22.1171675087
39.7255326594
40.4178242613
42.007420459
41.984302606
42.4649692727
43.4054782271
44.3121154743
30.8194998057
19.4481713953
39.6252862715
26.3444018655
39.3157335667
39.1611236873
43.1154484636
39.9515958771
40.4084850253
45.0031793077
43.90835317
30.2544377916
21.4831504666
26.8533771384
41.5653854531
43.516302606
44.7504249027
43.9712486381
45.6045424125
46.8536923376
47.7216511085
36.1889895023
47.5522849358
35.554151633
35.1809517885
42.8592664333
43.2446448853
42.3731607004
41.6624879377
46.5893241245
48.3541645914
50.6271824193
40.516268767
39.0083751944
33.9574607309
45.2304894942
45.331636965
42.3891599844
42.847060724
44.7053774319
45.6691540856
50.4242424125
43.0031068226
43.9936359393
40.0178794712
35.8050392691
45.3887431907
44.9633762646
41.4926527832
42.1473740755
41.0913542234
43.6571642663
46.2125613079
46.9769381564
46.0490182808
34.9867826594
44.2961151751
45.4210124514
40.9776998832
39.8359369404
40.4303355391
43.8380638381
39.1090249805
40.9833548638
48.1048837028
47.8186771684
39.371557154
43.7453159533
42.9292727626
39.2722265473
40.0000151869
41.3145332814
44.4381136629
43.3875410666
48.0515231427
47.3622477635
43.5090451186
42.939077462
42.3056496691
39.6537387072
40.1716996494
40.6579964953
40.0108259173
40.930147139
41.8715527443
48.5948887592
52.5925445352
41.7592644885
43.8214503698
42.6628501362
38.7455385514
40.1750089564
41.1522418224
40.6569782016
42.032
48.3976732789
52.4227802412
40.9239533256
44.5863677043
42.3819026859
38.431135514
40.550730919
40.1304761905
38.3915120717
40.8267847411
42.8031884002
50.522369506
51.6784177363
42.7696830027
43.9154410276
43.1878921759
41.0344540498
41.5381705607
39.5234190031
41.0037045543
42.4876372129
49.2124679113
49.6568782575
41.4084076235
45.5386582328
44.0457555469
40.8733395639
38.8173977361
38.7369353583
39.0786452492
42.1219295446
42.1083678474
48.844873979
49.8967082847
41.7057246208
45.0892937743
45.6083097276
40.3666504476
39.6468166602
39.5632242118
41.0520350331
40.8307271312
46.9534297939
47.8529638414
41.7501185848
45.0880338521
46.6153455253
42.4532082683
42.468596341
41.0986243675
41.6463226937
42.9517754864
43.4781466926
46.8594671334
46.7630540435
30.7737678849
40.3485894942
41.0038396887
44.2502378357
43.541807318
44.5376049046
47.5708805447
46.218614786
44.5818378063
40.7280921462
27.5393351477
41.3474655776
40.8071401796
42.508983275
45.8056731518
45.1403011673
45.2634988327
43.5990143969
44.4438953307
43.883068818
34.9510147745
21.7538869024
39.5858004667
41.7040637884
45.6377724621
41.4819101517
42.7582174251
41.8965036951
42.3361408012
32.8239323484
35.3264148523
21.2607679751
40.9987126706
39.8855882582
36.174753888
40.5368868145
41.1745239207
42.6818903151
41.9002107309
42.5633923017
26.8385950253
19.7631356393
23.2973190828
22.5816661485
25.0028052857
32.5390676516
32.7119253499
32.1287978227
27.4282721617
26.1712355227
21.3433214147
20.9476078508
42.1737062719
