25.693021149
26.8640814451
26.7823222408
26.8656326372
25.8410861838
26.9950867268
25.7918308477
26.4295718262
31.5244838618
31.1562354117
30.9873549997
27.8653751755
27.2604861845
26.2770737907
25.7653024697
26.3327129039
26.4806294381
26.4381957445
32.3267729815
31.5645570248
32.4852792295
31.0425525221
27.1462779516
27.5066313209
26.0186608088
26.2781376874
26.1775504771
25.8185906847
26.0251875707
32.3823746245
30.2149042777
29.2078352827
27.1614407247
26.4983646518
25.32995293
25.9683088203
25.6279636306
25.2545366477
25.4342549135
23.2248105611
27.2272907604
28.4854603208
29.008540197
25.6366769356
25.8054942891
26.0259950744
26.6195554959
25.7056464791
25.1715150629
24.7418108261
27.4186818548
28.6042532413
29.0966666644
25.4214959165
25.8047517142
25.6246018314
26.1764165633
25.68624155
24.5720495499
20.5967539186
21.5404951647
24.0875040447
25.5272251474
26.3356987565
22.3455108694
22.8990668456
21.998174257
22.0887947625
21.1213934698
21.5120446253
21.8283764977
23.5717388169
24.0621417589
25.2415513253
22.5140176151
22.3214930532
22.7252607764
22.6471852694
21.2022885711
15.2519570544
21.3211357613
21.4750382551
23.510246377
25.1892952873
26.7925825364
21.6587730009
22.520796815
22.0864125853
21.5348485068
21.3507537441
20.8684775016
21.0262632753
23.0570560901
24.8881996378
26.5155476597
22.2519021229
21.9232486743
22.0852516415
21.3690471389
16.4369845958
25.1469145136
24.7397853593
24.8085272421
26.2389567491
27.1990878296
28.0607019088
25.2455377803
25.7604086192
25.4533151259
25.164600821
25.1538864906
24.4317697856
25.3491475822
26.6778800711
27.3837624149
29.2544272688
25.6089401303
25.4415533623
25.2192752813
21.0993332104
25.7918144308
25.0722212173
25.0332150247
24.9060978836
26.1411349454
27.9180741746
29.2530149799
25.9834986356
25.6907361978
24.2457223531
24.9166805514
25.198702987
25.4627266678
25.3633588117
27.0400046811
29.1621270615
31.0031086147
25.7950671792
26.538329501
22.931436544
25.3670274599
24.9087403974
26.2054453804
24.8981123641
25.2941348263
28.1418076492
28.0763108698
29.5195726642
26.040471062
25.9414586329
25.6897051009
26.089823241
25.5676782331
25.2881030793
25.1747642159
29.8685310166
31.9522692709
30.9067361918
29.9249462629
22.456822298
27.2123434641
25.1102482644
25.3508486504
25.1368761307
25.6100957844
25.5514747248
29.9502415952
31.5241427337
23.5380844387
30.3589689942
29.7192057012
26.4201124808
26.6768500599
25.5963526639
26.4425957852
27.1018874464
31.454992252
30.3216787875
20.8025644164
20.3931910774
27.4170283525
27.6798818571
26.4783240312
26.8977076494
26.825282821
28.1114446509
29.8075484337
30.2758378066
18.9847112678
16.8944812217
30.4746179506
30.4541108834
30.0547974483
30.2210984887
30.6867266572
29.6217764559
29.3763673024
25.0696980599
17.8721210636
21.3705804326
31.2016321823
27.2466639943
27.5769260307
26.5726032153
25.9433329304
25.5460282407
26.1695419605
26.2563180534
32.5265384984
31.4941426236
31.0492125265
27.4756611275
26.9210943863
25.6493203004
25.9057995925
25.8779764528
25.6390934732
25.5645808598
31.6095583833
25.7008986537
27.5167905335
25.584260423
22.7412764952
23.1143790167
22.5915440263
22.6111079585
21.8959279668
22.2446493587
21.9125032367
27.1387471736
25.7330790537
25.3523855346
22.9173582497
22.7978336263
22.0183920986
22.9419060517
22.1428802462
22.1165988611
21.5752670779
20.9662347605
26.2323052584
27.214056633
27.3727243632
25.6077416749
25.6052536413
25.9421543971
26.0790867612
25.8247557847
24.3880853071
24.7688443013
25.7836042484
26.0514720782
27.6586455639
26.1282436153
25.8499643791
26.1459476316
26.5510399813
25.5740998317
25.4648627289
24.38729375
20.7172431004
22.4410024545
23.1076805196
24.3908342922
21.6639454687
21.8428593415
22.8409394323
23.3632760478
22.5580338956
20.758694052
21.2089652257
22.7779938989
23.0840423561
24.3238630506
21.9163549966
22.0271805608
22.9424865886
23.2552896049
21.8112292421
21.5861369379
21.904417674
21.6005081214
22.6456560075
23.3721245125
25.5443312286
21.919150831
22.0586324042
23.342570898
22.7750906246
22.4809660225
21.8605004175
21.6826837256
22.8535783213
23.3551238893
25.4700567694
22.0283959402
21.8023320193
23.3500184967
22.6668900702
22.238942937
25.6237738905
24.461593646
23.8650221544
25.2069515589
25.1159180437
26.9100418524
24.9526188858
24.7863363622
25.7689713916
25.7203744652
25.7394326823
24.3489054794
24.0915303242
24.9375594887
25.3342287511
27.804417758
24.260526499
24.7613916994
25.244539449
24.666454039
27.2872888386
26.3952003434
25.0088435405
24.7196341463
26.1395893352
25.5170425527
27.5753516461
24.9352490047
25.3054960962
25.499726795
25.9447217981
25.4561732367
24.9596105568
25.4738203607
24.9483154381
26.4381960958
28.9320984538
25.986291118
26.4091206005
24.4753830522
25.0176094641
24.6084756571
25.2370551246
23.4126028046
23.6669748606
25.3848005945
26.5492464207
28.6050332882
25.9949779178
25.6662823929
24.6641145943
25.1259441693
24.2671421377
25.142620128
23.6836961422
26.4554442996
30.4986600643
30.6652822756
27.0518677933
23.0296130737
24.8838981949
24.73535662
24.2465965658
24.8087050962
24.1296002508
24.0421696696
27.5907498398
30.5435299404
28.5003809466
29.5238957725
26.9347941271
25.2735964498
25.4473822366
25.388299539
25.6650571397
25.8558824485
29.5257391741
31.3345871562
24.4298649481
23.3356158737
26.0592163455
26.3178697744
24.2113499604
22.9107325669
23.0135805318
24.2089888105
25.0989511411
28.4791706921
17.5120885701
12.374609282
28.9649266266
29.2067501004
26.4021508753
26.1929396143
26.0100106479
26.8867999402
28.0075361461
27.4422802133
17.9132732478
19.3091688212
29.5023269068
25.9638325075
25.6215915123
25.1916163239
25.0568598455
24.9120925194
25.4444399214
24.9634264196
29.3502160047
31.382047902
28.3128215907
24.9925442331
25.2809184326
25.6322733467
25.7137817258
25.3932678658
24.8934247113
24.5848116635
28.4449994206
24.1064161575
28.2556397144
27.5091719646
24.9947194537
24.8638027513
24.7136682774
25.0908249594
24.8787161287
24.2355337654
23.7987122972
25.9801293014
26.6668732291
27.6402327512
25.3753493082
24.7360517375
25.7328187506
26.3865002086
25.1551158691
24.1260594536
24.1267096818
24.1763277268
22.0392436046
23.569070103
24.1415376742
21.8206129992
21.7515125317
22.6788497761
23.2576971158
23.2877434205
20.324384562
20.3558247427
21.4011862
22.3576900196
23.0643905206
22.0820149164
22.4932935665
23.335161402
24.0007732634
23.7557295467
22.060448247
22.6182007847
25.1450807194
24.9226305224
24.8948304942
26.4238770299
25.8989014127
26.5397565708
27.1288013768
26.9919236541
26.5776910736
24.38970386
25.5224648459
24.9624160251
24.6274300312
26.3439421194
25.5907583665
25.6029667996
26.8184777019
27.3870071547
25.9100625594
26.8404736626
24.5228807112
23.8209243997
23.8910090002
24.7337240181
26.0340704737
25.1416363147
25.3097892799
25.855664939
26.5999888555
25.7042510877
24.1644582285
24.4219085671
23.3642171493
23.8979862798
25.6859207065
24.5659890725
24.9992185288
26.0723956595
25.1030607805
25.3177355243
26.7299349296
25.3716755372
25.2887762913
24.665577979
24.3555981613
26.9035278752
25.2496324675
25.1794817015
27.0332783343
27.0451369275
27.1094714695
24.7927390836
25.8600070162
24.349362537
24.3350295973
26.6553294224
25.2529732849
25.3479112599
26.4435404943
26.5173514622
26.5116514825
25.641228086
25.0712565582
24.7709688849
24.1749926375
23.8411285359
26.088625513
24.4695517085
24.1048597201
26.9626818918
26.2426581794
25.9582216164
25.7464770527
24.5402859219
24.4975335493
24.506736907
26.5976779655
23.8891473125
25.3209937259
25.018085828
26.3939402109
26.3064220103
26.3675609292
25.540501069
24.6218601904
25.2916237677
25.8079709066
29.3990370103
25.0180799486
25.0635357331
25.6302684701
26.2817239613
25.9218701886
24.5439797615
24.645401303
26.1323451122
26.5271241972
30.3696785084
26.1980648713
26.4262871493
25.9488148869
24.8833022304
25.2228224606
24.6562070561
24.8012382061
24.6111788996
26.1437074521
27.5131624647
31.2754553961
29.215800817
26.4128402845
24.8819970112
26.0223451315
24.5165005477
24.894898236
25.5623990359
28.8905011608
31.7723512083
29.3713895277
24.205313651
26.7293432987
25.5533566417
25.3389386803
25.0246441722
25.5417902448
25.0429234005
25.9702805238
29.8838888536
28.9219494243
19.7326883419
30.2832613398
29.9740102763
26.7400824789
26.075002337
25.9074155375
27.0498242339
25.3816200909
30.9189875283
26.6111158624
23.9607449359
28.9901903165
25.6380849833
26.3378481924
25.5487189093
25.948727552
25.5587745808
25.4511502117
25.1821258009
27.4106487825
31.3847873541
28.8581861536
25.7801884354
25.7724386242
25.9126185328
25.5708638853
25.7953338716
25.7496476223
25.3129195492
26.3556927907
25.0559621907
24.6164977033
25.2371111916
22.3353216233
23.2880961798
24.3443726965
24.2676913876
23.6845284883
22.5514356647
21.483263449
23.5123626612
23.4239100021
24.7832075597
22.8478809907
23.0482196416
24.1893822206
24.4771191167
24.215894168
24.1023873027
22.967490045
21.6549133109
25.0192349079
25.1589454127
26.3438092767
26.1561588879
26.5500314365
26.9852990983
27.3892050232
27.3375930777
25.2857813435
24.8216951517
25.3499884601
25.0833294429
26.3236639804
26.4429404989
27.009935411
27.0935564648
27.5534531312
26.9932770684
26.1569908667
26.9474359878
26.065588861
24.0235778687
23.6312137714
25.5663416306
25.6736180297
25.7008123193
27.0753893705
27.0556959018
27.9109875618
25.7171364647
27.0013347636
23.9593029415
23.9672038316
25.2239434607
25.7171300231
26.0827455373
26.791759866
26.9030245887
26.7098856135
25.4228586823
25.4099392191
25.8307421685
24.4291661402
23.4381882888
25.4009932191
25.3417494571
26.3686450353
26.6675950889
26.2500267121
26.4370221105
25.6794197595
25.9979950348
24.0466240434
23.653290786
25.535405927
26.0058426853
25.8476125283
25.4344278622
26.3632316095
24.2587015843
27.3462974407
26.2870747046
26.295377323
24.2550027173
24.0163406414
25.4343768375
26.0040432749
25.9818304239
27.3249161125
27.7034624715
26.4326510742
26.4302215499
26.4096400282
24.5803229633
23.9981664212
25.7180078002
25.8514636985
26.3988691337
27.6300325845
25.5528546279
27.0663415947
27.301844502
26.438094834
26.5453924148
24.4128357746
24.2528515357
26.8190463412
26.1986682709
26.7661000743
28.469393822
26.5495082029
26.9018041986
26.5244663045
26.2099821795
24.8204977239
24.1980414911
26.7255568755
26.2829378859
25.8517257127
26.2616073347
24.2532769365
24.1553778719
23.7969502529
22.3658882411
21.5557089421
21.4366309045
21.7317661078
25.0361113131
20.3590208213
20.5229772936
23.3207187973
23.2993517774
22.6415410422
21.2948452841
21.1442593091
22.2139538266
22.3126157258
26.439520318
23.2125555832
22.7535806561
24.5040095857
26.1145308718
25.5115659807
25.0957036747
24.3194612637
24.3822745855
25.9979087587
26.0987191992
30.9278336035
26.98339074
26.0033515423
25.4045048496
25.5333443917
24.6949452373
24.5424717555
24.2331232312
26.0869650158
28.4833217185
30.7177132843
25.5603790639
25.3884526118
24.8890867883
24.000623762
23.9757840054
24.6281564175
23.7748577588
24.5272649674
27.3720188335
30.7156659635
20.5666904473
25.8218737755
25.8242990796
25.2346191679
24.779247018
24.4935517311
24.8289800552
25.6684966869
29.1158789735
28.20389893
23.1984903223
28.3849399642
25.8690004558
26.1379528416
26.3266056648
26.4333651466
25.7911149651
25.3201308148
24.938766579
25.3505055916
27.3555240147
27.65497316
25.9308868705
25.1780281943
26.5337387144
26.9031678724
26.8413014749
25.2921407337
24.9643937535
25.6066892487
23.9303572905
25.4417412352
26.0264348524
25.1475413252
25.2821601878
26.5228132065
26.848576199
26.1204213878
26.2419983553
24.327352812
23.7512892956
24.9799239887
26.3318619442
26.1476299655
25.7640254305
26.5409658544
26.6701956316
26.7512819193
25.5800209775
25.4613298391
25.0839669552
24.0656923031
24.5390443203
25.6389812293
26.3158134623
26.1896489571
26.5795213116
26.8802277619
27.2880272697
25.9563066933
25.325544202
24.0434784924
24.0781196656
25.6261581401
26.7666482487
26.3759975658
26.4672670077
26.2766665179
26.8378569284
26.4668453909
25.9100990476
24.2469506565
21.0697224272
21.1620987011
22.8216735198
23.5585434213
23.7656977939
23.6862927982
23.6035336293
23.7873415653
24.5605794152
24.0267094707
21.5763093077
20.8524336217
22.4094210525
23.2170943349
23.5286533168
23.3121686351
23.2871382292
24.2174108668
22.5217647588
27.9463875431
26.8378815554
24.925915721
24.4670952307
26.6748733908
26.6608237371
27.4808876247
25.9434204442
25.3926449569
26.0997980127
27.7021126147
27.4902912105
25.5781340639
24.5357147732
26.3355831481
26.40898774
27.7100509722
25.6793355266
26.6573779588
25.8874898949
25.5817320732
27.0198846689
26.6375480199
24.8085522239
23.4487421967
24.6614623257
26.7976782595
26.977699481
25.694253321
25.3322034768
25.4415930588
26.9673565945
26.4027771768
24.9713377565
23.9161257664
25.4264948077
26.5878219649
26.6256850868
26.588315561
25.2737657453
26.1749681809
26.0897000564
27.7104223491
27.6099182991
24.7588309235
24.156159424
26.6321161198
26.1032622326
26.1967026962
26.5965106171
26.313163497
25.7351718057
27.3055213338
26.7727578409
23.722720896
23.7135044589
25.6475651845
26.2480901069
25.4430691379
26.0294827395
26.7089356336
26.1069010005
27.0039249545
26.2396310051
26.5004864731
25.0431057463
24.1409916347
27.6687461308
25.1578140639
24.8351292997
27.5644918646
27.6247841325
26.6181031918
26.5654455155
24.9900351471
25.0772039605
25.1724668435
27.9816844201
26.4253076411
24.9801554553
25.2553519678
26.6428148448
26.8982865465
25.5595219515
25.2486948435
25.2590045708
25.4565209984
25.4971317311
30.4746377168
24.9439702891
25.1653030033
25.7260359985
25.2524965223
26.0714627091
24.3962843445
24.4343705948
25.6811993622
26.3489387821
31.7766387828
27.2455335721
23.423537025
23.1604894166
22.1160522618
22.068922446
21.9349900311
21.3628780529
21.4838587673
25.0940831172
29.582677549
24.5599614019
24.6551727265
24.8984565573
22.5568021357
22.5747963738
22.5576067872
22.4324676218
22.4808962709
27.3360475108
28.8822211222
20.9365751664
28.500438955
24.8509792943
24.8768782489
26.8880188135
26.299061746
25.6906719202
25.9690850076
25.1692105258
24.862998845
26.2358119447
26.883848916
25.522284609
25.4177710134
26.4688437147
27.0243891254
26.5238570449
25.0340178222
25.8000186069
24.3139660933
24.1230515945
26.118199011
26.1197545942
26.6836681932
26.7410451622
27.5077806027
27.2087910657
27.9723833483
26.519004337
25.6247220121
24.296375221
24.8120585093
25.7457663815
26.6597841497
26.9189268813
27.1075401962
27.4581920378
27.3494128222
27.2733274096
25.6256442874
26.3097989541
24.0173494416
24.1556915697
25.3325402687
26.0143497993
26.5451298858
26.9676893451
26.185602757
26.3987183949
27.62790776
27.076314793
24.0056245907
23.395143396
25.6464784282
26.9523295358
27.1409166244
26.4009400794
25.9667186301
26.8446671191
26.8733964205
25.5749211839
26.9955551605
25.1145942971
24.3404162603
25.9314189444
27.3792874956
27.6844763987
26.9385754204
27.1352966056
26.5229693871
27.7747142156
27.2643522923
25.7075963762
23.8235222014
25.627488288
27.2086385293
26.8157551791
26.3186096717
26.6813127222
26.3923716674
26.4513536169
27.4071431824
27.5800676572
25.9118736767
24.4886372402
26.4303460925
27.1323355736
27.4643709593
26.3289445444
25.4243050447
24.9583158632
26.7806817193
26.1700717075
25.8304085902
24.6670137229
25.9226372057
27.0402511252
26.7725826104
25.2616337986
26.4125274325
26.7310723417
22.6481484086
23.7621496861
23.680352983
22.7257007038
21.1607997724
22.7933906028
23.8155385895
24.0196445592
21.9293933153
22.4033152423
23.2082064878
24.1129407097
24.2092511633
23.0127793745
21.1996746942
22.7609449175
23.6611471355
23.8567034178
22.9533731108
23.6349181165
25.6888876791
26.3167732241
27.0263460909
26.7257424306
25.6516851527
23.939026756
25.8068723091
27.4883076895
27.3089432573
25.0811283906
26.0098030002
26.2181559054
27.591761823
27.3361383643
24.4842062272
24.1734958838
25.2130944726
26.9888440511
26.4812229669
26.9567730645
25.8099501207
25.860822509
25.2076338039
25.985695217
26.3452736992
25.0811113121
22.4893837121
25.5915005525
24.7240590075
24.5804697991
25.6255019324
25.6702407038
25.6501073781
25.029048905
25.9840255896
23.5691562702
23.5242584134
27.4983636027
25.3053126145
24.3598073732
25.9609794693
26.9953290596
27.278762176
27.4766359616
25.3927082479
26.0822745367
25.0128801523
25.5827006195
29.7287584405
25.35155328
25.048301465
25.8145347222
25.9770112912
25.8648828608
24.4116864499
24.6635704705
25.5721478663
26.3269861867
30.6234193626
26.0196875365
22.70933301
23.0368389078
21.4903665571
21.928359661
21.6463423912
20.7870371273
21.1551050442
23.7644534257
30.3135874725
25.8712271501
23.7447826872
23.6546897771
22.6403246303
22.5482113828
21.8427076329
22.8397343271
22.7846233402
26.6020694672
29.337645918
22.2229725741
26.2848164604
24.9570638566
24.9356487133
25.9975112915
25.4777282528
25.2291887573
23.9978475393
24.1775533471
24.5777618702
25.6443770767
26.6261003776
25.0724355296
25.6736339219
26.8416655312
26.4441638644
26.5906918485
24.8341548975
24.7655775867
24.4835243727
24.2260022846
24.899838563
25.6975827675
26.4277578474
26.754598529
26.7391032367
27.0064099905
26.9809458022
26.6989902128
25.8577088522
24.0478752492
24.3754205438
26.0449409155
26.4827597873
27.1651876706
27.2498864876
26.6902077034
26.73540875
27.2516264049
26.7822188387
25.8773016268
20.8829468284
20.8615426288
22.9187404634
24.6378333843
23.5667909602
24.036122124
23.7758891406
23.6694845013
24.8103285853
24.5114800441
22.760439474
20.8826926841
23.8720229099
23.9547200727
23.7060490679
23.0559790017
23.4900443774
24.8319082092
24.5807524198
21.8218875405
23.1466734434
22.1264144242
20.5418317559
22.6942253841
23.1983458548
23.5036750332
23.2526265211
23.2312293368
21.2722051117
23.1541244786
22.9156609242
22.0663228574
20.2758717217
22.5144156793
23.5573296405
23.5592523267
22.6520541518
23.0734644112
21.7406443087
23.6918022684
25.8706233711
25.9650935782
25.8870135177
24.0473524515
25.9626521236
25.306421262
26.1767913803
25.6711771556
24.6889782127
25.0185563475
25.5077174944
26.0952539414
26.310071306
24.6816130902
26.0299165378
26.7906329498
26.670229024
25.759663002
26.0290352645
26.4226686505
25.5687667476
25.8007397289
25.598946625
25.9386365374
24.2688984429
25.9340812875
26.7401926523
25.9373057085
24.502261142
24.8803287092
25.8246946138
26.0768576513
26.7010949493
25.5931016221
23.7559574466
25.8093154572
26.9309952248
26.1099857823
25.5684085439
26.3455113889
26.5002537353
26.3325943432
26.7995143563
27.0372746525
26.2961606755
24.688437823
26.0162072473
27.3472895872
27.7687690553
24.5119040045
26.4295233764
26.2791998728
27.0436992718
26.9536521494
25.3772352721
24.5749598759
26.258789549
27.3400897243
26.4896909012
26.6270548599
26.4100055135
27.0948228925
26.5151250429
27.1401351459
27.0458879842
26.0282632893
24.6251678147
26.3725685157
27.1132891502
26.3957511134
26.3655115479
25.890255478
26.8778757261
26.7063577825
27.3895213614
25.4575491572
24.0953601254
27.2152984627
25.5404438068
25.467748091
25.598548846
26.7381954958
26.2527109093
26.8776387001
25.2217178422
25.1830728954
24.6015217406
25.0752226377
29.297382059
25.1790298069
25.0408955363
25.9029921634
25.7866256143
25.6388939042
24.1755950499
23.9788801879
25.1676451367
24.7529036087
30.9280894708
26.1441210584
25.9404950575
25.7363770287
25.5881020983
25.4303864136
24.9781081221
24.1596177189
24.3209029604
26.2696417798
32.8275751663
29.8176418512
26.5897190055
26.8517018496
25.181688804
25.0648709897
24.9085345138
24.6822876493
25.2516178533
28.2653641532
32.4894017439
25.6003953019
26.8945597442
25.8522682973
25.9545613222
26.4504878456
26.3738758499
26.6197626199
25.1385885919
25.1022384405
24.4188205768
26.075364394
26.895821232
26.0738939951
26.6746820769
26.975990536
26.9476541803
27.1879611936
25.5570659377
25.71979124
25.6328242782
24.7749125176
24.610427562
25.2493498768
26.1954604056
27.0239808446
25.3310557734
25.7324810486
25.64231591
25.9940462354
25.1763961644
23.3496707774
24.4440649787
25.8141233335
26.3917474084
26.7848527468
25.132324994
24.9421284597
25.9411653516
26.1944509091
26.3665746358
26.9197379384
24.2094572262
23.3545818914
25.025204517
26.9404751142
25.9983930117
25.2615241568
24.8360751384
25.498793299
26.84469951
26.9268579859
24.7641428365
23.5313871079
25.5545029481
26.121566969
25.617081163
25.6826339893
25.1901680142
24.5584668925
26.8335762219
26.1940435413
26.108623017
25.6755884947
24.4346252161
26.5874991241
26.6032597437
26.2662487436
25.9566719715
26.2027273258
24.2227630035
25.9317315111
26.8006461269
25.6908403396
24.1514387685
26.0462512625
25.7705135693
26.0242513637
25.9203688086
26.5636325838
25.157685988
26.564132184
23.6307018092
24.7229742807
23.7097507272
21.5519619441
24.4756966491
23.3700138645
23.7596081494
23.3973116975
22.6167173958
21.5954729437
23.6605607064
22.9339659273
24.2491894133
21.8299892067
23.8018616881
23.5557278242
22.8902200105
24.028680345
23.0586131317
22.9698562295
24.8936539214
25.5797730067
26.1223191452
24.9113904334
23.7217672797
25.8695890414
25.4120321568
25.4183998332
24.037399582
23.8257553445
25.0150060825
25.7285050729
25.4239022606
25.108261602
24.0707537588
25.5105865696
25.1641276047
24.5346972229
24.3639677689
25.6919291433
25.7049628946
25.3925230584
25.8209386693
26.3875336842
25.5909313011
23.9683810384
25.3731379242
26.4687495351
27.0175829677
24.7813252238
25.2310047321
25.0638298799
26.5084225779
26.0813669351
25.5302895427
23.5513513299
25.9773365726
27.5830619914
26.996695144
26.0789053173
26.1665354198
26.1420227058
26.0967872382
26.7004966659
26.7795597086
25.9132628164
24.1740396581
25.8975416067
26.5632586804
26.7116218409
25.9413016819
25.1054074443
26.2607987355
27.2235881237
27.5024310586
25.1728056027
24.210108256
26.9895978411
25.7288060017
26.5434714155
26.2863322692
26.7219393787
26.3594597255
27.0515470338
26.081971867
26.0451049119
24.9007811742
24.5879086969
29.2725510856
24.7584439475
25.6205719116
26.614109721
27.242485468
26.1620570132
24.2708959302
24.6741339554
24.9542067586
25.2095540298
30.3779285802
25.4266405863
26.2673248275
26.2320927746
25.23514744
25.7099275241
24.8477677053
23.2121331808
24.2312311478
26.6577402367
32.3953177406
30.9673833081
26.2127754079
26.8939758978
24.9196777424
24.9730519701
25.1081938535
24.2686065305
24.415725583
28.397162601
32.6529886069
26.0212113632
27.3439561566
25.8550820421
26.4768176611
26.8527057121
26.7587615191
26.7887945302
25.4253337347
24.9739675274
24.9061176139
26.3862706624
26.0438727696
26.2334292732
26.8222047842
27.1646434422
27.1470336063
27.0002882363
25.832941277
25.1956743343
25.2524510068
24.3263025334
24.5416378034
25.1541177547
26.4546056977
27.3511381922
26.1359260319
25.8907855034
26.192853569
26.2027920398
24.412544563
22.9337594908
23.6662976146
25.2122674938
26.7348830731
27.0388950002
24.8600240079
25.4555720909
25.5943603535
26.4096933613
26.3552265718
25.2259317294
25.34988395
24.1176722821
26.3292195859
27.2500761129
26.6097541802
25.4743009004
25.7789873537
25.8038762509
27.0264817778
27.1973515716
25.7405945233
24.2900378765
25.8213293505
26.3575939433
26.2555472275
26.0314597048
25.8607126518
26.1776582546
27.3273941946
25.9594422682
26.3661227426
25.8596730324
23.7935572543
26.3423879535
26.2376923541
25.5101538558
26.6314321881
26.7748986019
24.7155265249
26.346173377
26.2665683653
25.5690686828
24.3911958174
26.2981327073
25.9582178502
25.5027269764
25.6717198214
26.8128498205
25.0838296395
25.9718212972
24.2183834921
24.4656695024
24.4367098362
22.0962298986
24.8194206046
23.7682882177
23.6889805233
23.3140372031
21.8795203365
22.4308232625
24.2258598684
24.2098590718
23.8136405019
22.1791881403
25.2560206018
24.4175331821
24.6609733101
24.6122103959
24.0420115123
23.3356939825
25.6638707191
25.9557365896
25.9707845597
24.9901390912
23.9132444775
25.7570825272
25.3322420761
25.664200773
24.8182896859
24.6728607269
26.2368127373
26.017752113
25.496990211
25.6588563248
23.5865229189
25.6832113099
25.3367675045
25.7021728324
25.0909562004
25.958728672
22.8420588198
22.5252773279
22.8527399851
22.8573995141
22.3649690086
20.1317719729
22.7805948345
23.0615552937
23.369024127
20.6206816158
22.7505810621
22.5062869455
23.2793395744
22.9523200976
22.5229121605
19.6076714817
22.549185862
23.9000722237
23.5630031878
22.6397249665
24.5958803866
24.7309976491
24.6705947324
25.4250053672
25.279281717
24.4860786875
22.89510048
24.8823416074
25.7276330792
25.6700286387
25.3409833877
24.40315501
24.6030592972
25.0895845868
26.1217140554
23.9195565675
22.5061001738
26.5935372904
23.9514204137
25.3041308395
22.8668064982
23.9225533183
23.3943159121
23.6898070013
23.2312490929
22.5968159792
21.072307104
21.4005353621
25.8868101293
21.996718638
22.4044933805
23.3767692159
23.613720416
23.2263763062
20.9453552761
20.8236785183
21.4570368769
22.9257950418
27.3843582843
22.1152439172
25.7995153567
25.615643284
25.7852043153
26.316056152
25.792031026
23.7036529961
24.4341482687
25.8460297182
32.5999743681
30.5550686198
26.7610661772
25.3954911266
24.9915108527
26.0042976907
25.5334467985
25.3795479904
25.5277745418
28.4289614555
32.4400235817
26.512190684
27.1533569107
26.0373159182
26.0062419441
26.80952353
26.5692847285
25.797960684
25.2501713696
24.8418446747
24.9708003091
25.4683701447
25.903395553
25.9001731912
26.821408589
27.2236705645
27.6634852398
26.8063597899
25.4709194211
26.0341184969
25.1656844723
25.6111888483
24.5338145392
24.6083494509
25.6818561608
26.2220957164
25.1719447835
25.0017212756
25.4890885154
25.3370950925
24.3038164621
22.7226509337
23.6016442093
24.9549383843
26.5055518016
26.460075245
24.0707298652
24.2006383575
24.7997029227
25.1946624875
25.5834820479
25.2999750705
23.5317335771
23.1595255903
24.4875146021
25.1819129073
25.1814681934
24.8491664285
24.4901056052
24.0498781023
26.0212568068
26.0082109662
23.3924561677
22.124221747
24.5604852249
24.831393019
25.5349287681
23.9972017289
23.9895826438
24.5352204484
25.9525125446
25.2788652773
23.183361538
22.5674085333
20.0903608353
22.5581606028
23.0361767867
22.6705481192
22.5656691071
22.5315529322
21.0179041383
22.689269859
22.8087260575
22.3220180357
20.6545524832
22.5669290203
22.548439144
22.2828217112
22.9906862555
22.4836631428
21.5774250101
23.1097809149
25.5497200341
25.6453279871
26.7576214708
24.0866583427
26.1088639988
25.4109343978
25.2627131795
26.0485807748
26.0750792004
24.9656959714
26.1333658666
26.0100906655
26.1845182278
23.8887963402
26.5000277281
26.3287089183
26.0672832416
26.0543249263
24.7594568644
25.8074557476
24.5774230236
24.5499885952
24.8554176976
24.4507436161
22.9277516206
25.2089582134
24.4326696305
24.1934298508
23.2755350782
23.3194954047
24.4264237109
24.8651926729
24.4524281608
24.4325455508
22.9407830991
25.0859076932
24.8099740445
24.2894928022
23.5368973378
24.466813951
25.6629536489
26.0228565108
25.928969596
26.3235736019
26.0601808307
24.0778074677
25.9760574135
27.0059045636
26.9415269157
24.4281249717
26.1173732293
26.3592250981
26.6344157865
26.528965341
26.0672414349
23.7862271752
25.9474035965
26.7349649193
27.1780464457
25.9519123987
25.9707298473
25.6489342375
25.7978590357
26.6339592385
26.5285434399
24.9587097262
23.6115839765
25.8654793963
26.9838098874
27.269380048
25.4841722489
25.7100204956
25.986561766
26.9725750856
27.3112711709
24.8079161247
24.394405205
26.7384828942
25.818419123
27.2140117217
22.969600229
23.3133089487
23.7488183678
23.23138411
23.0781986129
22.6085465882
21.1793769136
21.2158513965
25.7587724741
21.7705836999
22.1322408693
23.2400967834
23.2458799209
22.6511996351
21.1450792227
20.8993779079
21.6259496
22.7507943575
27.7734287272
22.7836674172
25.0706520313
24.4396619901
25.1735566769
25.1237284629
25.0395935504
23.8741862629
23.5882474928
25.2081416392
31.5592784039
30.3239442939
26.1207668797
25.8013875796
24.8825920919
24.6367246523
25.1494763263
24.5889034682
24.1192961161
27.8461239522
31.762634798
25.4919350779
24.1626865042
22.6059401195
22.4870338091
23.9232467164
23.6774217585
23.0477439387
21.735513229
21.5729970871
22.4272002887
23.7156447987
23.683608862
22.7667469709
23.3265492459
24.3028537314
24.7710442043
23.9109646567
22.7834366799
22.4159282118
21.6390059088
21.4282287457
25.1269556521
25.938075546
26.7146167622
27.2531771258
26.8567838247
26.6435090406
27.1974751522
27.018059396
26.1136278846
24.2089762842
24.9253681222
26.0393351023
26.9704257161
27.3548624354
26.0002360625
25.7347258881
25.717202374
26.9050807176
27.1972973033
26.9146127454
25.0473313503
24.0804306075
25.5772871204
26.8286312891
27.079401803
25.9551409399
26.0700242998
25.9018603057
26.9224453493
27.2413247607
25.1942293086
23.8360178254
25.7120728734
25.993725313
26.2597537963
26.4707723178
26.1046459262
25.9598393244
27.3089943537
26.1377895883
25.6971056617
24.8578291105
23.8835430408
26.2269124948
25.472014894
25.3707546767
25.1926711232
25.7597383905
24.3236710443
25.9368317755
25.2321315207
25.4425235316
23.7645634298
25.9427239652
25.1104358347
26.3345339043
25.293386633
25.1834742585
25.0636305478
25.199772857
22.8661791966
23.611565954
23.3764893113
21.3939281486
23.2795610587
23.0481290342
22.8146199048
22.8048228633
22.0684853368
21.5675218954
22.4418555927
23.0108395131
22.5996802085
20.9929376485
23.2004220589
22.7342208861
22.3900087537
22.438823226
21.5510274437
22.5250023766
24.887841234
25.7852344939
25.9095352636
25.7464684223
23.4307003616
25.9177390643
25.4869914116
25.3433837124
24.1757153342
24.2875702812
25.7299048402
25.7006371964
26.6214131229
26.1843868785
23.7099889309
25.5906099923
25.6870025301
25.2540215628
24.0318413311
24.8905164778
26.0287818418
25.0980704547
25.6987946737
26.2518248275
24.5407885782
22.735006495
24.1289595259
26.3890288661
25.607217688
23.4864249263
24.6593514239
25.3402911261
25.0097406867
25.6506401409
24.692145863
23.1923936092
25.0214936857
26.7219568851
26.1680054514
25.0173004938
24.6813121614
24.8987334001
25.6850214329
26.0527508449
26.3802628786
24.7842103535
23.6845794818
25.6473630912
27.1668651529
27.6167107009
25.2437710287
24.9595677929
25.9266016293
26.0870720933
27.2596491242
24.3376431225
23.8257451207
26.6950119984
25.071556297
26.4772365139
26.7170562727
26.4978042554
26.5096132296
26.6049344146
25.9828214076
25.7889030103
24.4190648057
24.6087310474
29.1965200922
25.2896049195
25.6123185984
26.3733779813
26.5552032301
25.8495615266
24.9714479058
24.2891274397
25.2406868274
24.7152332303
30.0911649088
26.0324517501
25.3472375577
25.6459756079
26.1168474794
25.8290504187
25.2078755727
24.8276606973
24.5744339942
26.3671889222
31.966780614
30.7603605736
26.3575093779
26.4056823644
25.310107676
24.7902784143
25.3910161129
24.1488333548
25.6395594721
28.6847268025
32.848491091
26.5117611612
24.1163664722
23.1151640686
22.4355830219
23.6179772678
23.1911918093
23.7286850486
21.9912287939
21.4701601881
21.5029387092
23.1091619667
23.3770838886
23.3100236338
23.4113177744
24.2487059806
24.436365016
24.2113282145
22.820469118
22.4996483749
21.9629215999
21.5709032448
21.9011671483
22.6918510629
23.8772754099
24.173629524
23.3282484566
23.4563721884
24.0149217914
23.4305701271
22.3048184501
20.2297040038
21.6541527805
22.9414985664
24.2794703808
24.2283631397
22.3322377184
22.9368150852
22.6818068433
23.7243192649
23.1918054763
22.6716203939
24.6651223642
24.3668757581
26.0528952946
26.9893098004
27.3892321311
25.692240387
26.2548855329
26.7949269098
27.3475722945
28.3256343494
25.7528435175
24.3354856125
26.2875732087
26.243923145
26.3772886105
26.3539675052
25.4268337974
26.3990215952
27.526795114
25.5498657203
26.1975009169
25.0408184552
23.9458166534
26.0796160038
25.9582327456
25.8419765926
25.7242538453
25.457740574
25.0758980733
26.3599987994
26.035981288
25.2469288012
23.9859498813
26.1280244977
26.1678683441
26.1077713905
26.5831373401
26.9079250542
25.3102671334
26.4639152665
25.7420917275
26.1945805271
25.4204158198
24.5181130696
26.8387443394
25.7356789807
25.983956091
25.6417119325
24.404921457
24.670498876
25.5014167459
26.7229256127
25.0523336939
24.3908523189
25.9631952289
26.0451968366
26.0628300314
26.0175750625
25.4687432019
25.9438841396
22.8764788794
22.9076655358
23.1500188371
22.5787333986
20.6917383518
23.6041928669
22.8589419052
22.8526909666
21.6281517587
21.1550565187
22.7712822717
22.940127449
23.0129297271
22.7640983081
20.9796822339
22.8109076916
22.4578219209
22.562044646
21.2389025263
23.0587215005
26.2606354592
26.0992137752
26.2027501964
26.8035471695
25.7639853774
23.5376615492
26.1264821751
26.6841413962
26.5485658503
24.8810001513
26.2277013689
25.9887287564
26.5776154693
26.7920659299
25.7107878661
24.017946484
26.0246737071
27.1552810682
26.9524695305
25.8450990049
25.866072281
26.4069303575
25.5569317288
26.0101024748
27.1330842088
25.1172620063
23.9131413929
25.9731917376
27.1825135408
27.8390029506
26.0451916093
25.9431710172
25.5068720233
26.2718195871
27.2810038164
24.8418197179
24.384140932
26.3502183087
25.0802887889
27.3889333724
22.9860099206
23.4247255666
23.2023991985
23.2186149262
22.8511801429
22.458283435
21.2489698298
21.1346647572
25.810532113
21.9429088158
22.5879327948
23.9759917796
23.7544668151
22.774885264
21.3187078511
20.7838401467
21.8335065269
22.793951653
27.746756909
21.8403221568
25.483699834
25.9296677593
26.2784913797
25.2880825458
25.7665224428
23.9666422377
23.6918863863
26.6155859405
31.8700545999
30.8423397793
26.3757160695
26.2877882419
25.5621510926
25.4141878421
25.4625411762
25.0039770263
25.1174687125
29.0829275157
32.8432857429
26.5269553612
25.6801106309
24.8566126524
24.2572496741
25.3987947251
25.1945435669
24.7101286011
23.5790093145
23.457700194
23.4277120698
24.4700882246
25.8862517689
24.4802963308
24.9625510546
25.7444010666
25.8736263227
25.8962123678
25.1720352971
24.2692361068
23.8808776888
23.7509382972
21.9007304479
22.6350558605
23.1702791607
23.7264875815
23.612128865
23.4712409884
23.5093415725
23.5927160655
22.0884815501
20.1792371435
21.4771754718
22.4039158997
24.5249680724
24.6201422577
22.2956668683
22.8584777508
22.217198859
23.4238004621
23.4289703281
23.6741293299
25.1575677701
24.741685307
25.8109584717
27.3148504723
26.4778065099
26.0382697676
25.5483882816
25.8045800193
27.3653133934
28.0017395637
24.9985880818
24.428868685
25.7207910639
26.167299193
26.75136425
26.0708480943
26.2058835061
26.0387208564
27.3022283758
26.0523885313
22.8417875403
22.4739753979
20.3908269223
22.6759301454
23.305527092
22.7847032093
22.6103999388
22.7763320145
21.4355197513
23.153272322
23.0267892612
22.5563356076
20.8309067857
22.772336502
23.337619606
22.9109537098
23.8593007636
23.0337098165
21.8579458999
23.6537000656
25.7027462703
25.7968012744
25.535728504
24.3129261378
26.5326672946
26.1444349112
26.101324062
26.3495062248
24.8114557504
25.2880580211
26.3375866434
25.7848375772
26.0286345117
24.5210445945
26.0851771924
25.8497268031
25.6139116626
26.3715518839
25.0258571199
26.4211847344
25.4727740445
26.9606180523
26.0898642395
25.3196329918
23.7411867082
26.4634199604
26.4748456318
25.9901874975
24.2356414344
24.6180114056
25.2736482045
25.9390799504
26.0129797614
25.4953751902
24.2865913478
25.74940012
25.9226295596
24.8646270011
24.8323250356
25.9497616111
23.321907861
23.0054127826
23.5050914888
23.1146467187
22.4696392142
20.5949899335
22.68470844
23.6682243139
24.0747757653
21.1858326448
23.1422840553
22.5169582535
23.4463701353
24.1351765976
22.4465304285
20.2976076269
22.7115538184
24.1123958473
24.7543590808
22.8949317981
26.3173720816
26.1307892257
25.9479790224
26.5070025404
26.8733507151
25.424044542
23.7638214885
26.413316993
27.306413729
27.7735778907
25.700757355
25.6525941997
26.458427031
26.6455173276
27.1984297097
25.0712911734
23.7600123738
26.9275927909
25.506638996
27.6528331038
23.5144503723
23.4553045291
23.3414225188
23.6107752656
22.6300948188
22.7792702795
21.2111169457
21.3242437758
25.8733553173
21.5597240921
22.2136920713
22.9060141008
23.6211572832
22.9333844941
21.1337173512
21.028491765
21.4872474364
22.5499675904
27.628931755
22.3157537665
25.2688426098
25.7008880958
25.6918704186
25.2821445906
25.3167858516
23.8866387593
23.6175427278
25.6831733947
31.9754115411
30.4152124133
26.3185424963
25.709972401
25.1281154225
24.7553138642
25.0601052941
24.8693762673
24.5776470424
28.1497341157
32.3516424536
26.2854288309
24.4547196745
22.3983617737
22.3363238497
23.5593927587
23.1107103743
22.7025880419
21.2849063383
21.4210537066
21.7710202397
23.6822029921
23.6479403809
22.2179974754
22.6818459282
23.4620607115
23.9194958665
23.3237933048
22.4486783697
21.5177542928
21.9784928979
22.0298749798
21.911728092
23.2542482241
23.1455023637
23.5012228109
23.4338169143
23.4921874488
23.5654163363
23.3034510053
21.6693548353
20.4931327402
21.3128112311
23.2367361648
23.9890002501
24.1665923198
22.7933904093
22.4848983861
23.3579051202
23.4757121029
22.7126785949
23.4690162663
23.9101532259
23.9834831652
25.0560576757
26.7899271496
27.2097458881
25.1828519657
25.1446256933
26.1504326009
27.4120323813
27.6538182241
24.4397664914
23.2176231633
25.3020710416
26.5198802821
26.2014300117
25.411422669
24.812894508
25.6616706259
26.7964316031
24.5466139938
26.3740593694
25.497881194
24.5256865877
26.5072344417
26.4883846492
25.7296154869
26.0319946797
25.9768599389
25.5210766455
25.7344885702
25.9637628505
25.9567024841
24.2992776551
25.9280655803
25.982958209
26.3437423357
26.3321811271
26.3838785312
24.9801804387
26.4578891966
24.388127056
25.2254690641
24.0306669673
22.4645138884
24.621214087
24.5318907375
24.580203211
24.0887617215
21.9286783288
22.6766491582
24.4841991291
24.9062310279
23.9640010974
21.9111680632
24.6167202197
24.7479441812
24.3247057864
24.4982689899
23.2418561088
23.6807855481
25.6174279352
25.4296712327
25.0758412438
25.4337230176
23.7240385913
25.9039484301
25.581781652
24.6107833474
23.5397475632
23.9500523423
25.1285919992
25.9596164312
25.5961337516
24.9411710612
23.8321772963
25.5159554943
25.691748356
25.272735274
24.7886221928
25.0060186076
25.830718948
25.6129355347
25.9199779467
26.2584668616
24.9752310577
23.3724717827
25.4719231899
26.6382744328
26.877839933
24.6016903154
25.7581654431
25.5824571011
26.7576182164
27.3480985374
25.1531691707
23.4464720372
24.981052019
27.4125126399
26.9925330808
26.4140292041
22.1535444839
22.4986327803
22.5624246058
23.5394583413
23.7016518489
21.4859777723
20.7134276197
22.9483388062
23.2388824955
23.9244129243
22.6453158132
22.8442097445
22.8760339149
23.0153224882
24.4834436699
21.0804497444
20.7737696451
24.353163318
22.3072526738
22.0575138733
23.0195385416
23.2167410713
23.3875346068
23.59381698
22.7264717933
22.1798384567
20.8265927014
21.4627713616
26.0826253069
21.3713319479
22.080088495
22.6539706821
22.4374540695
22.6088564242
20.8818785209
20.6594715561
21.5430629722
22.7220719248
27.4069341778
21.7605509833
25.5171310378
25.6536301363
26.3992440787
25.3354157442
25.5383318744
24.3609671551
24.3219867757
25.9265297423
32.9968856359
30.8811038508
27.0428895662
26.3692321936
26.4959312402
25.861943089
24.9150609249
25.340649162
24.9876577613
28.3537960702
32.4624857928
25.6637132871
27.2851125791
23.99385933
23.997931142
24.9362511571
25.0903920774
24.4347716021
23.7275108071
23.164016437
24.35003738
26.2388905821
26.7793043261
24.3111327456
24.8745039952
26.1900864282
25.3138107225
24.6422111332
24.0185004663
23.5856411924
24.155735657
23.7722769948
24.9458246011
25.7033922845
24.9997254345
26.3799313866
26.6436933305
26.478838097
26.9259177444
25.3352051596
24.3803566155
23.7730248313
24.9861452088
26.1606940261
25.8449822473
26.4032651405
25.7007462435
26.1551448914
25.8799684155
26.2189033287
24.8931358492
25.7010195834
24.6514452077
24.8214342817
25.8973579921
27.3912198406
26.8716954978
25.7538988455
25.5980465032
26.2977614571
27.9045235558
27.6618141814
24.5257144157
24.5095680669
25.8494015748
27.5185112706
26.3732908092
25.1624591775
25.4061468501
26.5202820189
27.0122391131
25.7888860886
26.2946891151
25.670472764
22.8717648244
25.6607435067
27.1890375191
27.4079530796
25.7273373914
25.4389188395
24.8276541007
26.576120371
25.9820398053
24.9614244105
23.7256548553
25.6815744564
26.8455056436
26.5570149688
25.2109787718
25.0270913251
25.9759462802
25.7978312018
26.6490406473
27.0189181665
25.5931696967
24.5177741154
26.9077195038
26.8186961431
26.8568699139
25.6083411465
24.6620886482
24.7481543604
26.6441719549
26.1320668404
25.9369013805
24.3273397083
26.7822965777
27.4666391764
27.1950012029
25.7434630058
25.4721319112
26.265198055
23.4866755256
24.8725304366
25.4786417883
24.1011355942
22.383236008
24.8132764259
25.6984548362
25.3510099986
23.0669067103
23.9850824298
24.4026651438
25.1753976303
25.4684729176
23.9521619142
23.6494470584
24.4399716631
26.1687654706
25.0939245419
23.8234839368
25.7675329105
26.1902199375
25.8269983756
26.3729138678
26.9798129347
25.1441995879
23.9729556801
25.2451994195
27.6320985068
27.4020049147
25.4835782023
26.0342597759
25.1047634621
27.2656566931
27.0260443894
24.7450653685
24.3650874102
26.1585573658
26.8942892829
26.3462576393
26.5260112712
24.3328288894
24.3061085849
25.368390997
25.3525109847
26.0257707493
23.8433037639
22.6530822215
25.2683675276
23.907154012
23.9689283858
25.4324271091
25.9270433883
25.1988369496
25.5828108438
25.4252933955
23.6231604663
22.5029538174
27.0275757225
24.2501976636
24.7741318084
22.4161911458
23.9124301936
23.7169262395
23.8950390299
21.1530122101
21.3891471324
21.7167246972
22.7050545637
26.2627497772
21.6561053171
21.8376847908
22.6793559989
22.4813544401
22.4260876539
21.3443803823
21.1663414447
22.0486607345
23.656042778
28.0911760223
23.0167024187
25.3641457851
25.6441326976
25.9189496695
25.5391675648
25.2197488134
24.610047834
25.2848712447
27.1051802476
33.1283585946
29.8813033275
27.0160861449
26.8434033579
26.3815431559
25.2410219212
24.7935745933
26.0004521306
25.226677343
29.4837455889
32.4182817612
25.4502834124
28.6233174695
25.180509108
25.5096155978
26.2733212723
25.1175756227
24.627392121
24.9941295995
24.9001855711
27.6117755765
31.3794565548
27.464942729
25.2657005653
26.0647443589
26.3248023137
25.9489063659
25.9442901277
24.3793229171
23.7864361934
25.7723422351
25.1490359894
25.0981707087
26.6206992335
25.7378712112
25.9192903997
26.1437087233
26.9510101063
26.1946573279
25.6717641403
24.3348193471
24.7447408302
25.5112872235
27.445356061
26.1029132377
26.3258312881
26.4350377089
27.2306976975
26.6396107093
26.0388968984
25.1854036664
25.8369164503
24.5631138384
24.9579181937
26.6968507263
26.398371869
26.001034202
26.2970534465
26.7003606077
26.6352641016
25.7815213579
25.3041272585
24.5757129628
24.3996107314
26.1896499193
27.4548450366
26.4667268529
25.9097937719
25.8307224934
26.4845467626
27.0318180596
27.7733878004
27.2428346536
24.8512346933
24.4036067384
25.9631999168
25.9777457467
26.8093099954
26.3158830343
25.8269889592
25.9864477805
27.298012317
27.5707651627
24.0525054721
24.8235273263
26.2594556399
26.4935516604
27.2289937479
25.53939177
25.9814507891
27.3318742729
25.4929036215
26.5952743843
27.0774536877
24.8347111852
24.6588896358
26.5288623986
26.8495495608
26.7535667155
25.4542887639
25.1468608281
25.3605525931
27.4309869917
26.9468769453
25.0313908828
24.5819339891
26.5938345387
26.9564013838
26.7868427367
25.4328604107
26.1258468778
25.6957052221
25.898214713
27.4208789494
26.7874995393
25.3234810165
24.122735841
26.3570704116
27.4029926471
26.8740475103
25.4249702235
25.35548748
25.8026712809
27.6935155988
27.397996981
24.9175704116
24.6133994273
26.3592800425
26.8625708166
27.490881612
25.9306972348
25.3918377995
25.0548111785
24.4513866365
26.0485999514
25.3865705485
23.7221779473
22.5797059504
25.0209833822
25.9500927535
25.9383209548
24.7318862433
25.1411455404
24.6212541244
25.8417635593
25.5783058227
23.6874964075
23.0973974019
25.4625950713
25.5343450473
24.6843568037
24.9463339352
26.8120991942
26.6766325605
26.3294412006
26.602649202
26.447010259
24.8116993645
24.0926333006
27.1262743423
24.7456661722
25.1962205719
26.403734688
27.1937095151
26.776296705
25.6061042093
25.275697228
24.8857313961
24.8135224543
27.6459311952
25.6315729379
25.9263974137
25.2516167884
26.4543058376
26.0378320263
25.5993653154
25.3997588545
24.4199041439
25.3052102857
25.6067771755
30.4089305633
25.3722826313
25.7287216289
24.806896081
25.0223674831
25.1424133002
24.4241422913
24.6442062094
26.3224742419
26.942336924
30.7207422398
27.0101025631
26.7016777948
26.4325794466
25.3946852735
25.7578843902
25.7655789984
25.3988701848
25.1939914439
28.5482891477
33.1061486395
27.2311306002
27.9031786483
26.619822949
26.1264295581
26.2761285923
26.5253602227
26.0158853437
26.1753757429
29.6982360037
31.592489525
24.9934302645
25.6703404156
22.7762833472
22.7287563034
21.4897187592
22.0662055724
21.7460686255
21.7579597047
21.4878296551
27.2175064652
30.5756834433
25.5926802535
22.0994306355
22.401380072
22.7091095517
22.1971938254
21.8715639577
21.1531434204
21.5411894981
24.0396081716
20.9306420467
26.7945198699
27.5539647315
25.4347753464
25.8240927017
26.2818037288
26.8299836966
25.8953375578
25.3271104583
24.3736328773
25.70221145
25.7611043063
26.8410618477
25.1908062694
25.8375852471
26.7256899923
27.2648117207
26.2653909376
25.9453760366
25.0426016945
25.4535068794
24.8111899584
25.1124138448
25.974479351
25.6453493435
26.4036261013
27.5651553199
27.1279376093
26.7649011323
24.1508979533
23.9429387509
24.4876383271
24.401694061
27.0239727127
25.8785988802
26.1321305152
26.3561904523
26.7261270156
26.3906130751
25.5228846582
26.3948089327
25.7025622134
24.0258144683
24.4232473211
26.3886926213
26.2735717798
25.9420250079
26.9184817952
26.0270283791
28.2673103169
26.2771695315
26.5429612253
24.8419456677
24.414900441
25.6408566157
26.6621449113
26.2020945647
26.4221871035
26.1106458411
27.5006453202
25.7786488361
23.9266305686
23.5629969886
21.771538978
21.5290500666
23.739424105
23.4472804672
24.9894033415
23.4355050634
24.4357085651
24.363402125
25.1433822283
25.2890585919
21.5823780611
22.1877507178
23.6480190071
23.3480458833
24.0017643166
24.5612538126
24.8795303474
22.6174978696
26.2095271548
26.686128363
27.0579702399
24.3128317811
24.5260172912
26.1409085446
26.2875742326
26.3677108212
26.1806345624
26.720703478
26.122449898
25.9587432445
25.9216441189
24.8319244339
24.5706285992
26.3726142152
26.566754136
26.0801167044
26.9373155941
25.6832594402
26.9319678651
26.1702201458
26.6058907974
26.5265120931
23.6851201312
23.8446941729
26.078612525
26.1903416627
25.9027763672
28.196657874
26.068448863
26.9114733301
26.1680018378
25.4640592242
25.1393216473
24.7136253576
26.9559451349
25.5189029424
25.8812661422
26.7176596045
27.1065898865
26.661955491
26.6113701756
25.8528165222
25.4712421291
24.9693318932
24.8811806081
27.9578949643
24.1512339214
24.9216390856
26.1834080261
27.1284906169
26.3876845581
25.2197660192
24.5629128986
24.6201926564
26.0596122349
29.3780253071
26.9967625182
25.9557325745
25.4246494183
26.1822665379
26.0712871531
25.8136176041
24.1085902039
24.3001862456
25.7586809792
26.1593935863
30.9376098693
26.0527397571
25.6668391818
25.7235859775
24.9051690559
24.9719707601
24.363468633
24.4301811629
27.6229654282
29.0072654822
30.4731018438
26.1164055731
27.2391298442
26.3028822433
25.1021871237
25.3104162757
25.4337917352
25.3553408707
25.4380821978
29.3124290414
31.8648285625
24.3149922727
29.4266971174
28.8025831169
27.391621986
27.1931304525
26.056252476
25.8499418552
26.2977450192
31.1192853934
29.7158859522
24.6144505609
29.5165198098
25.9007989344
26.0150632008
25.1913310825
26.3470861068
25.0123050732
25.5409714185
25.8827158046
29.2321234323
31.1003647268
29.2374897101
25.7824539171
25.583225327
25.6664288313
25.085809851
24.556745175
25.0667327429
24.7130894123
30.0329435745
24.0342339467
27.8902218324
25.5733828392
22.7790103035
22.0706427095
21.7058588522
21.6542612712
21.621376094
20.9756726522
20.633540935
24.3835322493
25.9927229397
25.4313205777
21.7571545394
21.7430571352
21.9510861657
22.38580843
22.0974408286
20.8757423499
21.5625549671
21.0827375179
22.0194465373
23.1226439781
24.6492052457
21.7906977581
22.376751452
22.7446708105
22.9281323822
23.0584157837
21.1822864991
21.2788185739
21.8908007936
22.1553023957
24.3343120966
21.6412177036
22.7354238795
23.3550519128
23.8660938076
22.9255083804
21.3814250993
21.9389942689
20.7700053839
22.2364356936
21.5603032178
23.7675708138
22.2095785485
22.5500255659
24.0073345322
24.1246897764
23.8549015448
21.5330105706
20.9801860034
21.3575429042
22.1367431576
24.4582048871
22.3114006798
22.6089744545
23.9127845096
23.541103251
23.0701508254
23.2442196284
22.2316423763
22.0214667521
21.3395861922
22.0309712046
24.4156174672
22.3071527086
22.5852836626
23.9791944472
24.3282010531
24.3230582859
21.4750432681
21.6072652574
21.4560772949
21.8304651941
24.5001960123
23.0777027222
23.1428783234
24.0551556965
23.2391711017
22.8436438851
27.3869408088
25.8541070627
26.0115209912
24.9830514516
24.4535314412
26.4860493637
25.970817433
26.439343708
26.9831606027
27.343264567
26.4731701701
25.1233680134
24.6533808218
25.2550543957
24.4175057525
27.118630497
25.7847223077
26.0513718239
26.8595656678
26.1270994776
26.6718093936
26.7788898521
25.9390434142
26.061862993
24.5900987814
24.7830328598
27.252976676
25.3009532148
25.5054413246
27.0113573341
27.4393994993
26.5034110675
25.46446295
25.3077326271
25.2234599226
24.8265477079
27.5864432138
24.9973868762
25.8728942011
27.1513871035
26.7725630998
26.6067094045
25.8460677089
24.4906229941
24.7456117829
25.373358798
25.8507090462
28.949825013
25.5558815672
26.1293295503
25.845394634
26.3792278023
24.8335470135
24.7610475703
24.2203658825
25.8456076511
26.5377879947
29.8151586548
26.1651208836
25.8011159724
26.1143035666
25.3176901162
25.7596433458
24.9119789646
25.0851813028
24.5713358585
26.4552169976
28.6757919201
31.3284970013
28.9981663718
26.8815060183
25.8213688697
25.5240122359
25.8262474189
25.2860583853
25.9486013639
28.8162132572
31.7504211564
29.6537763194
24.6981875351
25.3925186805
24.7718774013
25.6724591284
25.4854291279
25.5577558878
26.4495941818
26.6532475755
29.5614463399
26.7120213014
20.4126475304
30.3443907719
29.5018696122
27.0216779336
26.6351033227
27.6710376116
27.9602668729
27.7691185335
31.321674909
24.8842312839
24.4670405733
30.0730209041
25.9169249337
26.7338574544
25.4761694066
25.6611172517
25.1385486416
24.1441596414
25.572393417
31.2063551933
29.7026604982
29.600664163
25.2348590072
25.9089008031
24.8469034142
25.239043947
24.7984224473
24.2908778463
24.3940677397
29.8642008205
23.0375254314
30.6591244058
28.9636007994
26.0539023731
26.240822017
25.9364974338
25.0287748115
25.4569643813
24.8609315061
25.2525344643
29.3650995058
30.1086581986
28.9102425722
25.7179802316
25.9617204759
24.9685513784
24.9413023062
25.2101307138
24.746110419
24.9844717447
25.4886254852
26.2162120363
26.299938735
27.2184901468
25.3235872681
24.7744952957
24.793407448
24.6253311319
24.247171603
24.3438472424
24.1954526342
26.188308734
27.1203732802
27.2509836202
25.1493461034
24.812466581
25.4158713619
25.670898805
25.369166884
24.9145743141
24.6834685864
22.5527387672
23.4372684668
23.7297697027
25.2439133182
23.2927316879
23.2748918619
23.7638430394
24.1201143774
22.6184247674
21.3414266284
21.3365844635
22.9140121381
23.1019267862
25.6756476213
22.7626426999
23.0095113799
23.6490917406
23.6934282962
22.7568962545
22.3199326327
25.635005246
25.2269298475
24.9757413104
25.8138202085
28.0303473097
25.5756429925
25.6465069333
25.9311823784
25.6401866846
25.4368359923
24.7939193962
24.7125822531
25.928719702
25.7409741631
28.2647666117
25.7179479178
25.9577064735
26.5045355854
26.1772528067
26.2012254033
26.2974734796
24.5512763746
24.6488414927
24.7562128423
25.779872761
27.4465396183
24.9512296106
24.6400559753
26.3921357131
25.6729505808
26.0848062826
24.4111601745
24.5133311578
25.1137703762
25.4211850143
27.7440836992
25.4618273312
25.5846477827
25.7913270228
25.3857493688
26.4470131279
25.8794302706
24.2979432787
24.4253834182
25.0989499991
25.407960647
27.3044441435
25.502671393
24.0716715736
24.9293398752
26.1094602463
24.8012036667
24.3304087163
24.1850223756
25.572312422
25.4491334468
26.7488939185
25.0147385167
27.0407839018
25.5732245525
25.9498717663
25.8433909162
25.0620408719
24.0589434273
24.2646950302
26.2556834247
27.1761179274
29.4242256616
26.2249333757
25.8391014689
24.9750323278
25.3167391689
24.8474914833
24.7710592293
25.0928504329
26.7698311895
28.9428228051
29.8999493506
27.9148822219
24.9490791917
25.8085657368
25.7483020568
25.5609270891
25.1849470718
24.1873717982
24.8947531907
27.9835771185
30.7447250035
28.5279767344
28.9629062792
28.1844413423
26.4805849214
24.9810526987
25.6301533166
25.3288460844
26.6950524899
29.6553880502
31.8539341623
25.1826426594
24.487769933
27.4598936553
27.1786081802
27.0230291295
27.1841398221
27.5379701908
26.3800616872
26.4727761184
30.4344513851
21.9874304218
17.91530252
30.2169616118
29.9346788057
27.2539376716
27.3469798489
27.6581404516
30.24099438
30.1838910837
29.8995671595
21.1092796281
24.4698120735
27.0626543528
27.8291883122
27.4410369404
27.6546756599
25.6066189355
25.9024437831
26.9377718417
28.3379118954
31.0934999307
25.2845785697
27.9345044835
28.5860880487
27.8209918046
27.0125066657
26.2336128628
26.8772356005
26.1371204119
26.4511977812
32.0761641511
25.7864176196
31.770196929
30.3902987657
26.5410712792
27.0321759081
26.2988978413
26.1827576312
26.2713467751
25.475019589
26.7581214785
32.084414767
31.6348561159
30.2836238556
26.7145847296
27.0937205586
26.3227542803
25.2995199425
25.1444569945
25.1362609784
24.7936773181
24.7131048197
26.1041372124
28.9820611356
28.2500669739
22.4796230525
22.5161960316
21.8686944688
21.5970729908
21.8012305668
21.4676708505
21.4846037411
24.6478984828
27.7683784491
28.3997242749
22.8775910998
22.3059763863
21.7250698573
22.3563235021
21.8448630416
21.3669953986
21.0123510433
25.1514038718
26.9941435138
29.3850822409
30.6196637608
25.6377762968
25.4826849026
25.3643177842
24.9114224108
24.5735535365
24.1853680544
24.7168402876
27.1070520724
26.6400881624
27.6001716995
26.2684141326
26.4322305799
25.0306596713
25.6555389358
25.3566546322
24.6951088741
23.9091886059
23.5371343366
25.3881768317
27.1298440404
28.9529493729
24.3725389592
25.2620278809
24.4450383441
24.1249148511
23.5882767639
22.90507523
23.9941615915
25.7043912328
27.0838015476
28.7079081716
25.0257237049
25.5383574397
24.8936596488
24.8233483392
22.8341728398
25.3982022161
25.0700350621
24.7061681344
25.5873761797
27.5718389783
29.4372992724
25.2469530925
25.5554242268
24.8970853841
24.6895358494
25.2772631223
24.0819265472
24.5895199761
26.5895442286
29.234947471
29.0090800139
25.1700537047
25.158613454
25.3547741318
24.3486201164
22.0371375699
22.2052582554
20.5205394408
20.547630425
23.5698643414
26.117341849
26.4478070998
22.4172452472
21.9196966327
21.2898930355
21.7803555958
22.0843696303
21.1440187026
21.3425208707
24.4019839829
26.4142266783
26.9392691854
22.7551547379
23.1649980353
21.5212915373
25.174573528
25.4865867619
25.3528058601
24.9202079598
25.1760131517
27.6848473698
30.0365281077
29.606890421
27.7806169433
27.3594468806
24.435345625
24.5617510773
25.545543846
24.8872922819
24.8909615726
28.3698410134
30.4641328321
27.2432570473
29.3999669377
25.3222087474
27.6432805035
25.4407330953
25.6345494153
25.3320193098
25.9480545265
25.9496710714
29.9179945267
30.9904510893
21.5192296963
30.3152056684
28.3642866754
26.2702830971
25.9129482815
26.4795736701
25.0962787265
25.0165108095
29.3836432908
31.0149065892
19.0762954229
24.0755543691
30.4021949708
30.5994520347
26.4518242921
27.0418817667
28.7090266379
26.7964758121
28.0832298861
27.2056122793
18.3561260565
16.6335753961
24.4648330213
26.9785499763
30.3508122643
30.6400707034
30.5993035578
27.8735373498
27.3056723175
20.9777530879
17.7068096095
25.0770232409
