459.905204203
420.214398799
424.351948951
425.960030424
423.329105631
422.70744809
425.370385727
421.43120907
422.497154121
423.230670721
426.926109258
426.389664991
429.381234995
427.406070965
429.478570556
426.912041916
424.561316366
427.812859236
427.319074364
309.357186731
430.791988941
426.612944895
428.781724367
424.218405806
429.565999723
428.822146335
426.602297646
427.965603341
430.051985426
425.367765053
431.423493903
425.78269637
424.498636336
429.431094254
428.371430765
426.996168428
429.058937398
429.763840238
429.205366486
309.660892315
428.10312281
425.836441464
427.555268121
426.700910772
429.799549331
428.760067212
428.620014623
427.131795923
426.660337459
430.837142787
425.991732986
423.506178344
427.700637595
427.294284798
429.518603756
428.181793855
426.960113902
428.221691132
427.56191425
313.612283129
428.496134777
425.472237351
427.160945513
426.622869249
427.309607481
427.640972536
429.887386759
428.918220285
429.571211958
428.684766157
426.303809411
427.450362862
427.424426915
429.759795158
425.673723195
427.035384258
427.67697461
427.903532056
427.837628262
308.944270294
430.228051523
428.71021873
425.201965927
425.175226961
428.609276088
427.124958675
428.59735399
426.31860482
431.720912992
431.936332063
428.522948229
426.56271531
425.135514957
426.64015628
423.976283522
427.084789566
430.686781086
430.391796689
429.9599407
305.706156159
433.409413987
429.535611204
426.857720686
427.881048648
428.817971273
428.655785498
425.529279934
428.584985802
427.936754978
427.896868928
423.615126266
429.211798376
424.583094022
424.879022528
425.572562563
427.113814629
424.706329113
427.187623181
425.571010996
309.318211268
427.881727319
427.592576858
427.447447113
429.224254955
429.562381978
428.267640346
428.18902984
424.620946212
427.629589418
428.657652772
427.375460278
429.403589903
424.791917208
428.40204188
427.652000344
427.571222857
425.047672272
428.773446647
426.861515747
313.423829596
427.127203269
427.53053278
426.680181198
427.3816605
427.401276246
425.419981135
426.998792128
426.622236556
428.327283581
426.327009881
426.913890251
426.716671477
426.250227347
426.616910684
427.362335079
428.703616461
427.377292947
428.053266204
427.494488064
313.55394058
429.981072634
428.917456467
428.433451139
430.588212567
429.407433649
430.59939327
429.435102394
426.674749119
426.877467374
427.590443396
428.608749975
428.291544208
429.093406007
428.590356617
428.807553432
429.102429791
428.873984167
428.514620843
428.830280028
309.725984601
428.074295047
425.179408308
426.447101695
429.04296567
427.16008637
428.927823232
427.174879652
426.353197168
426.043614747
429.27708125
426.375647422
429.809839891
428.539456657
426.027154641
426.677380018
426.591927193
427.384809793
426.091725941
427.26368232
310.421360944
425.080535862
426.083474356
427.140164701
429.505941836
428.420742291
429.495748656
426.883427286
427.154115369
426.930027703
430.558289294
427.785948791
426.653823938
429.808030379
427.693685082
424.753181283
426.229472832
427.617126427
426.853033894
426.669690195
312.913161981
427.207228797
427.31250869
424.757949809
427.284145839
428.800502441
429.169371046
430.907958825
425.533298794
429.937527811
428.335885381
425.701920778
428.935205958
424.162472686
428.938186698
428.452794935
427.111382816
427.886184602
426.219151044
424.656192282
311.803077352
427.844297608
428.677321907
424.570198203
426.719280726
427.470273956
429.176240237
427.373096063
426.632765063
426.760333449
425.635211571
429.853401441
426.436533595
429.053048083
430.729663731
431.108163698
430.568575496
429.942922394
429.668154487
428.109816724
309.907396773
431.309654599
430.26453352
429.324901469
427.673562331
426.778374974
432.112445824
427.449353735
427.234855078
430.963965543
427.835794671
432.20517792
430.256291131
429.669037905
428.063367651
427.584235323
428.632691304
429.353809321
426.195074469
423.178390733
313.306454281
426.779014897
427.117054553
428.065779331
427.023698693
426.814420155
426.477448101
428.261458392
427.380811139
427.734618532
426.657877268
426.142286068
427.452076398
426.594975449
426.459484339
427.984250931
425.640155209
427.431152932
427.91353382
421.544248439
312.944257302
428.216393989
426.646802052
425.030232514
428.466063374
428.679113979
425.115267239
427.074010727
427.254686552
426.771574202
428.458849516
427.844147809
426.406947587
426.532223312
429.096940994
429.126607254
425.965229902
425.24054529
427.183811974
423.289662438
312.948049736
425.81710645
429.7979125
427.889457015
427.362272194
428.760891532
427.482030787
426.273496815
427.633451378
426.906263102
429.377310984
429.078928571
428.609692724
426.720803044
426.738690432
427.304623016
427.926423354
426.959669556
427.101838623
425.984301606
313.413760984
428.022788671
425.123853581
423.459924584
426.345067727
427.33318363
425.91323881
429.393846545
427.443009507
427.248194531
426.096344542
423.70317158
427.334557595
428.415037226
428.555359837
426.624768778
427.950785289
430.226334857
425.834633384
425.863410616
313.256429044
426.248850435
426.223950271
426.729707511
426.626892987
428.881662125
428.703313963
428.204572671
426.407148968
426.863452828
429.370528662
425.236412226
427.695952823
422.724120487
426.264877824
426.386747578
425.14623559
425.807507158
427.446378
428.374745025
313.074992603
428.046666907
425.042975908
425.571938934
427.786540908
428.092230017
429.436675779
426.30132052
425.936770694
427.120777869
424.968599778
424.671332074
425.793899192
427.101448034
424.557776122
426.829564985
427.436124352
426.992306571
426.337032699
425.694890626
308.389236097
429.570208081
424.621855178
426.460071544
426.894854464
429.317030605
426.263489527
425.722699886
426.304067792
428.240510643
427.831826425
423.42319476
428.037360363
425.909756847
427.116113791
427.006796231
426.48640413
424.740020235
425.750246702
429.942296612
313.076566348
426.687447025
425.962471066
425.60268754
429.373175122
424.993757948
426.599070022
425.460553287
425.233953089
426.959935093
426.13172734
427.489102286
426.164310931
427.656550255
425.672925628
428.164783036
428.478908296
425.014793747
426.42764092
428.731589756
309.879947646
426.843822402
424.044009929
426.891279559
426.975199787
427.924036894
425.755780443
427.744921622
425.675097786
426.207977905
427.377654535
426.957450529
424.340690964
424.40436447
424.476069469
425.462228461
424.968978397
426.998333653
426.853172996
421.713583362
313.011995397
424.110439361
424.29216484
427.488565824
425.939581005
423.082563705
426.378368172
426.54985019
426.658141471
427.600495796
428.231291939
426.826281392
427.879427307
425.968673621
427.47666936
425.877511604
425.317571512
428.614734254
427.254408739
425.75095426
312.749614919
426.478927597
426.962555656
429.11528975
426.821953734
426.112204949
427.512393053
425.630077218
426.647958794
426.47034326
426.733093577
425.562454908
426.730281092
426.392344632
425.935301014
426.552884767
425.745625398
427.894844427
427.707663492
423.963501159
313.951486086
429.46299077
427.038787886
426.550761192
427.894982351
428.188405035
427.072526489
426.143716668
425.046803066
430.141507269
431.909243072
428.171180016
426.726803592
428.097928331
426.286855938
426.323732811
428.213392853
426.344445755
427.928368201
428.559207022
304.324202995
426.459265534
428.078444211
427.447552795
428.871730095
427.08090958
425.670340965
425.440431457
426.260644836
428.164151371
427.18461341
427.956359797
427.111315301
424.341910003
427.323933889
427.101242661
425.696756316
428.764040113
427.228119223
422.327823863
304.634224861
426.012538269
428.505460443
426.712281662
425.467425135
424.353581577
427.528259268
428.243668322
426.776249773
426.361825905
428.786616751
425.955464889
426.770047338
427.345357961
426.167720704
427.834794296
427.376311514
428.831928377
425.492971851
423.585246143
305.288710335
427.061271965
426.493011354
427.838519348
426.431795404
424.495280666
428.709212338
426.842604269
424.988267224
425.688799014
426.994691002
427.89276345
426.319244999
426.381740342
427.935713461
427.915756577
426.706891023
427.289521082
426.333651784
425.306724882
305.804537638
427.024787373
425.037866806
429.688466777
427.512234557
426.96551179
425.107162228
427.816238494
426.521027233
426.408492202
427.0125136
428.090151279
426.765605157
427.499250891
427.480833747
427.010172352
426.814528781
430.256078899
427.215287535
427.885962771
305.812655171
426.335741436
427.176943727
425.550049903
427.171411967
424.193877584
426.412582102
426.654561136
429.571661788
427.431489886
428.866236722
423.419113888
425.274251912
428.27765887
426.735476168
427.018083486
426.361252294
428.276778795
426.622488724
426.377790219
301.155397565
428.137710151
423.892693366
425.310075162
424.634890705
426.442121715
427.303310226
426.40329922
428.836594252
427.083985398
428.452399049
426.986693928
427.859309487
426.494613606
426.920001709
425.637656836
427.235375809
423.378164596
426.804998349
426.604842218
309.902541708
428.680545595
425.032927114
423.20391826
428.008477652
427.062741565
426.692570039
427.175518344
427.91600219
427.732702416
426.975557691
427.668085727
426.9351303
424.831961278
426.489155043
427.436557066
426.53507858
426.859857919
425.808514168
424.265986099
304.390829633
428.510076372
427.216255947
426.724485044
426.900244334
428.750861637
426.828365467
427.758378762
423.785141136
427.728239413
426.539104518
425.975449115
426.550058991
425.979112542
427.097854896
426.475582529
426.523080353
427.165260108
430.083278832
426.476365094
305.228122749
427.228480708
428.640309896
428.852107209
426.857390476
426.881598491
429.054280261
428.154001482
426.554457126
429.477713403
429.612983055
428.72062767
425.710853132
428.141769805
426.324990831
426.661119376
427.93745023
429.472892335
428.816553783
429.324912552
303.805263779
425.7122232
426.863096138
426.968882258
425.507518123
426.421577765
426.588931085
427.284329418
427.180681187
427.877920321
424.233921849
427.582032248
427.444101281
427.294635455
426.056567393
427.127215774
425.066330824
427.601606654
426.277366153
423.666043447
308.743000215
430.570042248
429.072776248
429.025905092
428.038306126
429.927837663
429.477769297
430.373557406
429.782854568
428.084002606
430.494424272
426.528399735
425.936514218
428.857065366
426.608178489
426.769783993
425.248803894
428.277131385
429.516828477
424.28638963
304.001190576
426.69461978
426.944922483
425.341798031
429.905788045
427.470069966
427.384937134
426.075166763
426.909797084
425.502160412
427.384862157
427.364387403
427.572632327
425.778083026
427.608582493
425.976399949
424.523168945
424.848037362
427.417514535
426.15800377
305.057111834
429.26539164
427.914838688
426.512767479
427.748304087
426.841985365
424.657246914
427.581034251
426.207688773
427.549667
429.339480862
426.324774545
424.834646621
424.963431817
427.084910436
427.56946021
428.901442655
427.335273433
427.905129998
425.689242811
310.963778444
427.618348557
430.205984055
425.523913869
428.275424728
426.392752751
425.840411451
427.298727241
425.572758595
427.376047034
425.161806244
426.003611067
428.166948427
426.729741659
427.960702437
425.301789997
428.377175882
423.890971793
427.058765048
424.953336411
308.634688985
426.134618683
425.581008352
425.664645967
426.171405795
422.854090026
426.884390793
426.572127784
427.743843156
424.39175487
426.737117458
425.841121397
427.332022988
426.907972651
424.127626969
427.520007711
425.538652178
425.98451626
427.533807071
425.328975805
309.716958277
426.612264288
426.407063018
425.272485846
426.587267616
425.879569993
426.248127276
426.577589733
428.136531754
426.776993963
426.216489363
428.301282832
427.029857333
427.33862006
426.979700723
427.645715882
426.700530048
426.873869586
427.48953356
426.657915497
309.288660732
426.320381995
428.476900661
427.105218679
427.537481581
428.810114235
427.73155689
424.809221409
426.901373619
426.783742719
424.487540433
425.831377451
427.918404391
424.212594107
428.364502473
427.810383011
426.343685572
424.026590163
428.126738442
441.675386893
304.75432904
427.043989738
423.462072973
426.82388535
427.024278557
426.747490787
426.132496378
426.973183316
427.332624185
427.569507897
426.204394802
429.816954919
426.611748662
428.533752098
425.684644233
426.896465707
426.424674515
427.250964154
426.033304218
428.863004271
309.272692181
425.203468096
424.184643668
426.475781679
426.766566253
426.645059004
427.230285384
430.00097975
427.704855495
427.168414735
427.04771616
426.634059393
427.034382846
426.61696005
428.19307777
426.336609877
423.487136834
428.482242449
428.824576585
425.837975636
309.8989524
427.239220482
425.677158168
425.847916784
427.783571404
425.836949913
426.090130043
428.973843188
426.527130066
425.838773979
427.127744278
425.362782577
428.423476864
427.075479526
426.939551938
428.463488309
426.36528986
427.265071308
425.704859261
427.181156338
313.687902234
429.18896074
427.002637899
425.750195265
428.571733595
425.040922721
430.372768786
422.713219307
428.934901587
426.884978348
428.505472238
423.596071853
428.93583976
427.12556468
427.495589817
431.411734427
428.958933207
426.017044226
426.825702913
424.947609956
303.450529327
428.21383536
429.004686385
428.132324871
427.660878686
428.506869838
426.644717818
426.908567785
427.672580193
426.714338442
428.377813025
428.18619608
428.929260313
428.682515334
425.418869164
426.213951892
428.892480528
426.624298345
426.651785041
428.235871334
313.040126486
429.228780453
427.277203568
426.67059236
429.234436804
428.676688451
426.723301187
427.891842953
426.528875907
426.296888174
428.905583101
429.629470424
429.003598658
427.575559112
429.059076417
429.117635597
426.045504077
425.295312184
427.948662897
429.833161371
310.153083526
426.62426406
431.776288303
428.171834467
428.253356352
427.233101321
428.929729868
426.866669479
428.015621001
426.937357995
429.347581243
428.636456122
428.231807999
427.300592973
430.174829584
431.766507923
430.062780782
430.879202887
425.005870049
427.490525554
314.201619624
426.973426534
427.955836969
426.468632004
427.935860678
426.457201214
424.984822027
426.905800679
426.443204572
426.060501057
426.839847281
423.974526848
429.086908702
426.669144947
428.676896731
426.957495323
425.831819625
424.72288095
428.568451295
428.771013252
313.362053573
427.887897434
428.427197796
426.915419976
426.848541509
429.226006195
429.30713529
427.793393529
426.300095103
427.780401239
428.298323826
429.26989255
427.880644526
428.040944111
426.607688337
428.886014577
429.01437967
428.87233625
426.059890756
425.184009369
312.510582182
428.374322497
428.703902091
427.534065072
428.534766002
428.613639428
423.972029935
428.011711972
429.012487413
428.520807836
427.390060921
427.463928693
427.948233954
426.562070464
427.152623219
426.997121329
427.249356659
428.277791223
428.905402906
428.947491931
313.132396043
427.16563401
426.75158987
425.747209694
427.971540895
426.836530754
425.705165147
425.966599496
426.555794814
426.474463419
426.293559362
427.462559467
425.805959099
428.214209006
426.650326348
426.699593285
427.280077402
426.388646014
427.903079583
427.027550829
313.379044129
429.147827342
427.315885549
429.116333299
428.327840036
428.621945971
427.748515451
427.064226549
428.419182714
426.536982028
428.60145216
428.766754836
427.887249227
425.70590794
431.184897958
429.599502345
425.818000879
429.106081216
427.442053278
428.01337918
310.544648874
430.183378457
426.611668062
427.891265026
427.826622182
428.396757086
425.75777496
428.58364331
428.768491464
427.731317
427.162352543
427.741960849
427.053316016
426.021629924
431.220669045
429.029510671
428.566432743
426.417292183
424.274241812
425.436638878
313.259060724
427.561831298
427.054764504
428.629742389
427.390328746
429.24327263
426.878529614
426.126464143
430.013049628
427.643329909
428.612959354
425.573280304
426.249964965
426.678627698
426.97990053
426.321957073
426.487580715
428.262683519
427.967050598
425.819175357
312.1532802
429.475825865
427.759211417
426.083888626
429.927630362
427.280445508
427.062495633
426.59598159
427.842482374
429.524202368
429.631822662
427.897299131
426.198804053
429.037229509
425.843057577
428.951714208
428.641497705
427.561643845
427.549552082
428.038360133
312.995185653
426.972887771
427.931088914
427.08857182
425.392818229
426.756441009
426.683014498
425.799991785
429.034419408
427.548275998
427.312922735
428.258556788
427.542199166
425.17542938
428.335992911
427.739894808
428.400981769
428.809766475
431.089679707
424.350797483
313.40709929
429.991513819
425.695956559
428.220486704
424.732920595
428.576527189
424.677925674
426.487505205
428.832175453
427.29770558
426.776836504
425.10572048
425.479808541
425.930791833
427.619597867
427.175220775
425.795977727
424.575495681
425.080255065
423.903611611
308.881283926
429.460444576
422.64538483
423.094470791
429.337867953
426.831678376
428.827605435
428.511701489
428.596010367
430.033158111
428.729459572
428.160836251
428.692675465
429.675180259
426.665155337
429.863883055
429.666001475
429.525540683
425.927819374
429.41007399
309.028767887
428.762474532
427.337757208
427.46203064
427.901440409
430.538588871
427.773391412
429.378777833
428.343434195
424.70244459
428.137359159
428.18941998
427.650772467
426.192210506
429.014559489
426.003242485
427.836813797
423.43917797
427.571114871
424.261394687
312.740426828
429.26923187
425.28132432
429.501413006
427.87294014
428.106663241
426.610390243
427.326216461
429.18551685
429.045971411
429.5358896
427.826289153
427.917338765
426.590678057
428.898456046
429.443222895
427.85987402
428.083749615
427.335237829
426.302910159
313.876345896
429.520593742
427.90569487
427.883774232
428.067256973
428.709719803
428.944517255
429.595932806
429.785115365
427.656122663
429.917930981
428.474673332
428.745937384
429.601111803
425.809471737
429.304926641
429.541686132
431.432130618
432.64359723
430.9149241
309.990057689
427.052115897
424.65971875
425.900281717
424.709992937
426.545058211
426.306934262
430.412654406
426.76514029
426.528975546
425.969730894
425.066082012
427.400513995
426.590634307
427.075892882
427.8721785
427.999386248
430.445944748
427.496605752
425.851367541
313.746429528
429.060964755
427.156872276
429.77313516
427.752254197
429.38790851
429.593560308
427.575059921
429.813154378
427.417092695
426.211705211
426.521998762
428.055042984
426.370743375
426.169925946
428.531653009
426.25416764
428.898918103
428.413329045
424.629296969
312.985560613
426.743082235
426.449412826
426.283440924
427.909668081
426.726677661
426.289654301
427.457187751
429.671343769
427.192352897
428.550566414
426.989595247
428.086279951
427.34963036
427.46893566
427.664920711
427.371991132
427.666757832
428.286595999
431.280146314
308.857157243
426.378370093
427.493917836
425.295311639
429.391568592
426.069508208
426.104847798
427.731299442
426.943831584
428.200223378
425.463693859
431.048925052
426.381879512
426.507104732
427.770588477
426.277668697
424.628922733
426.942249103
427.207267504
424.829592018
313.742268257
427.772886352
430.06560793
427.965265261
426.81938507
426.466203944
426.831779997
429.842934099
428.982744767
428.236905092
427.761730886
427.544470319
427.875671326
425.939585649
428.574065632
427.204838069
428.724873449
428.027228912
427.35504101
428.624998966
314.512314875
428.422962369
428.735217354
428.478345715
427.011475517
429.226395548
429.74008837
429.792647596
427.908581801
426.900137409
427.708496006
430.746413409
428.158682364
423.052370686
427.90042812
429.467201004
426.455157795
429.85000621
428.326161332
427.875330231
314.640729272
426.813554596
425.688507854
426.170687111
426.963606332
426.505299823
429.010359936
428.884249075
425.861752813
430.699550585
427.671939405
427.400445531
426.583698707
424.756578993
427.39329025
424.667164902
426.126209111
429.416202983
427.057073512
425.870532064
313.17885804
430.272411996
424.237437503
426.813296233
426.137730974
426.932442928
426.802708132
425.315467545
426.247593535
427.24823383
427.167396438
426.864838701
426.739396315
426.308842409
425.672949905
426.368637374
424.411105166
426.728036885
426.693142247
423.291815612
309.639776736
428.858814636
425.859691856
427.035708257
425.848342628
428.867157379
426.520050223
426.557780018
424.347671271
426.788816449
426.426229232
429.372383756
428.85431556
429.277092359
427.424301647
428.38487801
425.599141623
426.805336325
426.867358815
423.631609142
313.044799478
430.011848793
425.852138079
426.857584691
424.755155857
427.098003142
427.064499911
426.706848973
427.406823774
426.817704697
426.984264773
426.436714418
426.456977742
426.955247156
426.344467538
427.202086585
427.17825718
426.429053814
427.331070197
424.995558675
312.578395332
425.633051263
428.550153687
427.456784144
426.563643637
429.592445579
426.053644592
427.66180823
426.948118778
426.036660055
426.861607606
427.348196911
427.829829285
427.412003268
427.752250696
426.782672206
426.187468086
426.579879091
426.755537877
426.408145096
311.708281872
424.166173153
424.924259296
424.267726138
425.807190803
428.523861128
424.482746093
425.144303307
425.096302763
423.292637082
421.893206246
426.204054464
426.870818644
426.931008857
426.640203017
427.61348433
424.522168831
426.326018309
427.644533908
423.193657133
310.813243925
423.510728381
425.060321941
425.912608343
427.017311856
420.87869711
424.45325404
423.098385979
427.266983782
425.664640259
423.185034964
426.126351661
425.828688816
426.453211673
423.729304222
423.691092302
424.092825346
424.427939816
423.576322021
423.954001845
303.828695843
426.685495098
426.692040928
427.650658382
427.075407311
427.446696946
426.367645764
427.37521529
425.557452132
427.810907852
427.915730574
423.141427752
427.174496084
426.271430635
427.228303628
427.684253699
426.82637806
426.484493726
427.859285581
427.227087173
309.553672247
426.745528654
426.51563186
426.163193337
425.18416034
431.722696715
423.888090095
427.342587015
425.264159421
426.663392512
428.908353108
425.118543796
425.325263266
425.848457841
425.48022928
425.168811459
427.064389456
427.718047131
426.700033935
422.35476908
309.270550313
425.878065609
429.655709217
426.568773824
426.890808191
427.312965489
426.646540568
425.904135094
426.791863894
426.384496919
426.019919503
427.221188101
425.982790598
424.973934355
427.110009441
426.137913334
426.689203409
426.608260119
425.679579604
423.450836367
309.533615808
427.267850386
425.841864172
426.455861046
429.34585683
423.588578905
426.557640805
424.794354897
427.413723038
424.120451134
425.802525786
428.613060133
424.634775982
427.625768193
425.668100455
426.503098393
426.923970183
424.99012259
426.070634317
425.395690446
314.077970297
427.408071138
426.094910306
425.832903436
424.841360934
426.960771766
427.272257798
427.042478117
426.952340214
426.748659724
426.703457349
426.244574324
427.453513949
426.240387396
427.298351808
427.566862987
427.211047727
426.604357818
426.216997617
426.082259438
308.139488272
426.666164383
426.605611026
425.310190885
425.767584278
426.613036952
427.502015771
426.10274398
423.907252874
426.159365662
426.431955087
430.063166055
429.547276578
425.790564572
427.206756367
427.169622992
427.536714255
427.889242273
427.777357465
425.186813439
304.971233952
429.905035155
428.899456159
426.113095418
429.63931284
427.370521924
426.189730576
425.454850607
428.463181232
426.90809033
429.521138534
423.550424176
427.009952765
424.205110754
426.319420621
427.907087173
428.287562066
426.575908714
426.666714737
425.910530068
309.015820828
426.472716479
429.051946851
426.64643414
430.344242065
425.246010963
426.559068091
425.065551616
426.731730312
427.783981314
426.32819174
425.517645411
426.109891992
427.529214125
424.719334113
429.991168466
426.499363412
426.8669364
425.637645099
426.92535277
308.787851196
428.716995157
425.885126222
426.513754889
428.063530183
430.868520956
426.551451735
428.735698111
428.29357602
426.666379159
428.004114641
425.051795368
426.796395111
425.593440317
427.231844606
426.97668043
427.25445938
427.616090476
424.830519529
423.748767273
309.530496969
426.532849082
425.758799986
426.161927026
429.291437857
426.875514348
428.657396742
425.812905216
427.616675407
423.382954297
427.61779401
427.047976942
427.617084376
426.594291752
427.464779983
425.735637714
425.971647249
426.75330767
426.4357101
422.88985076
305.963283292
427.557797345
425.278652533
426.784807633
426.07237151
427.138661103
427.495081523
427.186679941
426.51795904
426.457255063
426.091269497
427.18140715
427.129359347
427.277961154
426.941713874
425.851589589
426.432689769
426.535172772
429.078811157
423.266225137
310.074779095
428.415805077
427.110087739
424.523791473
426.875580096
429.338284205
426.637348214
428.885877416
427.621833742
427.014315598
426.340255292
425.021256531
426.685978154
427.248375519
426.618771959
426.610069404
427.372781548
426.288197463
427.125255687
427.588413763
303.687552071
427.072880486
427.600892757
427.142948278
427.387562821
425.922404523
426.598146253
428.623393549
427.168795046
426.32306138
426.70853812
429.44802982
425.366023147
429.188247105
429.844327529
427.050854332
428.988004798
428.294323045
426.955481194
422.431132623
305.484258382
427.412447101
425.125225592
428.780415796
427.436957371
428.608336252
428.654116443
427.521371779
427.522214315
427.666086178
425.172513799
426.632985629
426.447038186
427.438107901
426.677152269
426.900664744
428.125562667
428.27403901
426.293228334
425.584080814
305.85661081
429.523199758
428.682826939
427.433341175
427.104455033
425.836380251
426.07881716
428.052303246
425.667223058
425.445978729
429.996552394
426.337256853
426.910126397
428.710397841
427.081542568
427.126606422
426.996126972
426.312559317
426.545812335
426.616902981
310.828728675
427.022685125
426.104188513
425.650733761
426.689854318
427.333580777
425.619246423
425.604062335
428.606786259
429.187059462
427.411746333
425.877376416
427.203950006
428.843997852
425.539395338
426.704915662
428.032247182
426.034729589
426.930576485
423.717893956
309.899426636
429.440981485
427.711738672
423.801480376
428.555029038
428.575398163
426.49483311
427.888765258
432.909394564
427.278818547
426.834608106
426.351604242
427.151606512
427.010483913
427.331440593
426.191570151
424.015347684
426.945727984
427.519371429
425.906610988
305.581833291
428.485110431
426.841448292
426.002689971
427.19900054
426.248294781
426.671811967
425.511376976
428.14190079
426.266760984
427.77936479
427.578426704
427.230290287
424.9175119
426.648383748
425.35486379
425.960864972
427.089937103
428.870857159
425.636367376
310.691376777
427.042428837
427.300713906
429.073417565
428.210522308
425.789671449
426.203120691
425.24641182
426.761894423
426.222927717
423.963773124
426.627044195
426.64504651
424.681484373
426.663099572
427.162191087
428.377206828
427.97691697
424.209110267
426.595214997
309.490884808
429.156548148
425.770462659
428.092599006
428.084129953
426.537892819
423.473431326
427.094704334
426.995515418
426.637872676
427.767598635
426.989943345
426.285240612
428.906137325
427.841869759
429.539816582
427.997120108
427.238447368
425.654838017
426.528215342
313.094662379
427.835983245
425.216525295
427.227596988
425.864548306
427.357531555
424.800175894
426.132344513
426.018904118
425.209458792
429.001784217
426.246506624
425.867245447
429.844600464
425.148889712
426.234571847
426.387181143
428.503167009
426.485730922
423.421075589
312.294444984
425.39425905
423.385753772
426.641638993
425.423766264
425.710446563
425.756681897
425.508236731
423.616856772
425.4192793
426.579052658
428.783514272
426.763199492
425.675071013
427.413414822
427.457342311
426.807739564
424.103003439
423.404999938
426.717673982
309.838074625
424.953956491
425.995699077
427.344499041
428.058702879
426.044998384
427.466178651
428.45637725
427.013441254
425.402083157
426.339853223
423.271172307
425.188362082
426.246654283
426.558365188
424.518453691
425.869978805
428.708337486
424.935020768
429.107155754
309.413975223
429.369453124
424.630708595
428.53955128
426.077524152
427.125514701
427.533609868
426.579764923
426.797502068
427.021553753
426.313425383
427.328360738
424.947300259
427.581140141
425.82562073
426.658826372
428.226019576
426.293285736
429.518619072
426.811245452
312.651932891
426.846900296
425.412448915
424.757649732
428.141881883
426.907917015
424.612468899
427.869239898
426.85493405
427.613601171
428.761587932
428.119243205
426.323451889
426.258739399
426.593112677
427.269769325
426.948761815
425.01099154
427.656919631
426.426373793
313.2497803
428.632195882
426.319480578
427.676433015
424.834894575
427.657011913
430.025866535
429.663588456
428.288845466
428.540738116
426.140434174
429.598377419
429.78986922
427.472021846
424.589753548
426.998360981
427.566352944
429.328620149
427.931702855
426.120751839
314.00292415
428.778952394
429.480801741
427.983531367
425.601562378
430.995425498
427.131664159
425.109458528
425.982071538
427.022052184
427.579310881
426.915975672
427.862097758
424.488844934
427.384287744
427.499273476
422.642511593
426.464032212
428.491766791
425.078541863
313.235869878
426.542173208
425.71163306
427.510627695
426.087398905
427.488645825
424.260050884
427.823269843
426.526709162
426.54356262
428.771080097
425.375421887
425.61583169
428.260704103
427.459860622
430.655522967
426.704585358
427.73000034
427.629856662
420.937580197
313.313289859
428.580645684
426.383463679
426.528429048
427.346393844
425.669746619
426.450433579
428.09515725
426.90099373
427.461538774
428.094506342
429.491979349
426.420084198
427.05290025
428.109575751
426.521507838
427.563053488
426.07555572
425.749044158
427.420683003
314.22834871
429.61138087
425.642199461
426.711609759
426.004086863
427.66829928
427.872029446
428.119530829
429.208901744
429.645775219
428.149097454
429.295155164
428.442343337
426.444854379
424.832927096
427.03982136
425.557326226
427.730591434
426.873403058
424.825140653
313.194082955
428.960916838
427.027384726
425.498057448
427.944826427
427.73020314
428.642052685
426.102799967
424.678982898
427.63877948
426.855090716
427.431574092
425.231454132
427.155690199
427.838003317
428.150066499
424.336241097
427.788000999
429.640912533
424.193097663
312.728103236
430.13957556
425.41797572
425.887242584
426.413013151
425.191627236
426.489920103
427.731592059
427.046561687
426.632455475
428.348605674
428.625585257
426.62974108
428.127606028
426.70981855
428.814682308
426.058704807
427.968069811
427.079971126
423.936399017
313.003378114
428.183615421
429.767097767
426.234168104
429.216681571
426.380299233
425.771848301
427.912795232
425.309125063
425.99809667
428.789841185
427.396288103
427.65104149
428.969050075
426.15218229
427.102835555
427.835289536
429.181600629
429.774548161
425.812562344
313.589827925
425.076657962
427.421577482
426.641563648
430.431390512
431.396955907
428.874859496
422.942563895
431.279457865
426.738188843
426.142464024
429.523646408
428.961499637
428.19036035
428.089197883
431.60238239
426.982335056
430.643205161
428.440265974
426.987170388
308.929050158
428.541064287
426.094577403
427.343138374
426.619641157
426.689878408
426.153008301
427.357795585
428.824876606
426.775780718
427.045900615
427.044576702
428.039544102
427.488117326
429.102406025
429.132122633
426.037297141
427.128969822
426.714738227
430.775618764
312.494408726
429.433172821
429.61504364
426.155317961
427.783279261
425.306811796
426.246655565
427.213285367
424.813024309
426.34322591
427.411112808
426.300182159
426.701357631
427.981203995
424.138827808
429.987422665
428.856272984
428.721750116
425.606522787
426.591739679
310.285320642
426.495925753
427.017102912
427.076714988
425.251893359
424.13470529
427.217811725
428.700838382
429.404124128
426.941103868
426.942536371
428.199396644
427.329252552
425.847642254
427.866294898
428.315201881
427.446473587
428.354872042
427.504349
425.158608341
312.73825595
431.392667667
425.55712279
425.738961916
424.897370393
426.229007313
425.874853845
424.438659797
424.130490588
429.051619743
430.94446129
426.965233687
427.169030401
425.790109107
426.11411232
426.7404754
428.030186781
427.476871111
427.025274868
427.385692029
309.176987143
426.440120774
425.427198971
423.264283206
424.38492065
424.878876389
424.956903951
425.562301722
427.51317909
424.642959576
425.131595521
427.502381399
426.068553893
425.426484563
426.958997289
426.227554377
426.251031625
425.19062822
424.799846818
425.364236378
308.95535502
428.188151838
430.031544664
428.411260576
429.372999892
427.597982336
427.297939465
426.422005246
426.764100229
425.227825587
429.71272235
428.074270994
427.757167782
428.085497161
424.455614319
427.696044778
427.085055391
427.699680959
426.362161526
424.203486877
313.101473387
430.531879321
427.495508761
427.989608566
428.722968685
428.457114041
426.099792616
427.823200942
428.625950452
427.029293118
426.728185304
424.934500981
428.174338552
425.07778435
427.678381982
425.068987657
429.23053314
428.185224509
428.242699998
430.00506075
313.111014544
428.058382747
425.662867534
427.701723475
426.021785899
427.700738271
427.707550512
427.228373688
428.316566874
426.770214059
428.299161028
425.640316214
428.14303527
426.57670453
429.555412458
426.154241167
426.665434398
430.538703341
430.302774602
427.174522529
311.130919447
426.446433819
426.405095205
425.145838191
426.021929529
427.244440256
429.615920008
428.170286738
427.572581613
426.442389896
426.742712293
426.350191275
426.280616385
428.073478129
427.268166588
427.975348392
428.754209648
427.887965687
426.934245625
427.082370911
309.332889965
