702.614934109
746.193949807
742.288123552
738.440891892
742.30223166
742.325266409
742.314760618
742.30396139
734.613366795
711.452745174
707.587822394
707.564969112
707.570015444
703.729826255
703.65792278
707.567073359
711.432312741
707.560698842
711.409965251
893.196638462
707.57665251
711.454447876
707.571
715.293710425
711.491250965
703.681918919
711.445899614
707.59411583
707.560285714
711.410057915
707.553339768
711.39376834
711.437250965
707.597791506
711.437984556
711.459158301
707.56388417
707.600606178
715.300490347
893.224323077
707.571181467
707.578606178
707.589864865
707.563409266
703.690467181
707.581980695
703.710382239
707.576980695
707.60403861
703.647189189
703.71742471
711.405555985
711.454258687
707.51446332
707.578640927
707.625625483
707.573185328
703.74365251
711.457749035
889.379761538
703.699725869
707.513409266
707.550289575
707.534517375
707.558262548
707.619741313
703.683675676
703.774725869
703.694563707
703.683459459
707.612397683
707.590942085
707.592324324
703.771393822
711.42919305
707.595181467
707.53319305
711.44327027
711.44603861
893.209584615
703.694189189
707.562714286
715.269050193
719.173833977
707.545393822
707.567621622
711.417953668
711.405694981
703.693505792
703.745111969
707.598393822
711.496563707
711.442555985
711.428996139
715.269196911
711.444803089
707.536216216
707.586262548
715.298826255
897.071857692
696.037332046
703.719787645
707.584988417
703.681976834
703.725389961
703.717324324
707.589034749
703.742965251
703.735208494
703.769992278
711.436849421
703.683849421
711.421297297
711.409745174
711.39988417
707.559586873
711.438637066
707.542980695
715.291722008
893.206484615
707.580741313
707.600799228
707.566169884
703.739181467
703.690359073
703.758432432
711.466621622
711.419173745
707.618177606
707.579957529
707.561953668
707.550003861
715.294069498
711.454625483
707.610957529
707.56357529
711.438281853
707.561316602
711.440011583
889.369938462
703.823146718
703.727517375
707.583312741
707.538656371
707.566980695
707.598111969
707.578525097
707.619428571
707.582189189
707.599274131
707.522444015
707.529378378
707.525459459
707.538664093
707.536324324
703.668335907
711.439343629
707.491332046
711.378169884
889.347026923
707.645741313
707.609471042
707.593254826
703.650189189
707.560976834
703.732042471
703.766818533
707.593942085
711.472451737
711.423401544
707.518637066
707.516274131
707.51207722
707.573752896
707.559351351
707.573073359
707.506861004
707.55934749
711.403625483
893.199819231
703.743610039
711.420389961
707.589378378
707.574042471
707.62376834
707.565810811
707.59330888
711.423957529
711.467266409
707.610586873
707.555810811
703.74942471
711.443444015
711.434590734
711.397637066
707.533864865
707.547258687
707.553223938
715.281895753
893.211965385
723.045830116
707.601791506
707.566621622
703.685370656
703.727486486
703.716598456
707.596181467
711.388289575
703.709293436
703.753138996
703.69353668
703.764749035
703.652942085
707.54323166
711.446725869
707.556945946
707.552656371
707.536949807
707.564710425
889.408380769
707.575339768
711.468293436
711.414664093
707.538698842
703.657606178
703.7246139
703.709208494
707.544679537
703.706057915
707.629166023
711.441127413
707.580498069
711.421926641
707.569706564
703.687586873
707.562706564
707.55257529
707.580158301
711.443567568
889.348126923
707.626212355
707.535061776
711.425104247
707.590949807
707.521629344
707.531992278
707.554007722
711.417355212
711.444830116
711.397135135
703.672895753
707.579455598
707.558277992
707.587374517
703.674918919
707.548552124
707.572810811
703.71127027
715.289826255
893.196346154
703.684123552
707.599760618
707.565146718
711.412451737
711.438262548
703.726787645
707.571571429
711.45084556
707.548737452
707.589054054
703.727702703
707.568903475
707.603826255
707.607413127
711.463787645
711.441216216
707.555552124
711.433
715.314285714
889.366238462
707.61342471
711.380872587
707.613254826
707.585474903
707.605583012
711.480247104
707.550880309
707.53811583
707.527795367
711.367324324
707.584610039
707.56957529
707.538486486
707.575162162
703.720583012
707.580594595
707.581779923
707.624837838
726.877984556
889.38055
703.733131274
703.730610039
711.472617761
703.718945946
711.404621622
711.416694981
711.410656371
711.438285714
711.429057915
711.448787645
707.550803089
711.427351351
707.576818533
703.707660232
703.707123552
707.573162162
707.533177606
711.417803089
722.999447876
889.373696154
707.551667954
707.549378378
707.573138996
707.594
703.739722008
707.539084942
707.542019305
707.529393822
707.545444015
703.679683398
703.763694981
703.71088417
707.589258687
707.589521236
703.795841699
703.714227799
707.611899614
707.580637066
711.434455598
889.364338462
707.579123552
711.424455598
711.435660232
711.425992278
711.412220077
707.549362934
703.698023166
707.594378378
707.654498069
707.595853282
711.39157529
707.589841699
707.577266409
707.574220077
707.557208494
707.562281853
699.853667954
707.584220077
726.87753668
889.366534615
707.538173745
707.563123552
707.587428571
707.579915058
703.70915444
703.76365251
707.594969112
707.615235521
707.57988417
703.672795367
711.389830116
711.437559846
715.282942085
707.612945946
707.553436293
711.448509653
711.456104247
703.696111969
703.713938224
889.331042308
703.696976834
707.571177606
707.589150579
703.639656371
703.784903475
703.669694981
707.580629344
707.520621622
707.553409266
711.441772201
711.429092664
711.430440154
707.583409266
711.471996139
707.553667954
707.557127413
707.526220077
707.583706564
711.379243243
893.200326923
703.781532819
707.627366795
707.548949807
707.662733591
707.613903475
707.63307722
707.607011583
711.402382239
703.752965251
707.572521236
711.431420849
707.574131274
707.545169884
707.543559846
707.575490347
707.616710425
711.411671815
707.576088803
703.700783784
889.314784615
711.405436293
711.449745174
715.248505792
707.549664093
711.414733591
711.431760618
711.401776062
711.374745174
711.439876448
711.502316602
707.582073359
711.440250965
711.45576834
711.43157529
707.586366795
707.573725869
715.335359073
715.334803089
711.443262548
893.229480769
707.624563707
711.362969112
707.55680695
707.572501931
707.642030888
711.444733591
707.583065637
711.448683398
707.549629344
707.582528958
707.532285714
711.417266409
711.441563707
711.425984556
707.582737452
707.537166023
707.593760618
707.526903475
726.832324324
889.355473077
711.432830116
711.44272973
707.569436293
707.588610039
711.403857143
711.379204633
711.483501931
707.580602317
707.531517375
707.566555985
707.547301158
711.452907336
707.575864865
707.546401544
707.572992278
707.575150579
707.606830116
707.604223938
711.42969112
889.378961538
703.718370656
707.565169884
703.735220077
707.55796139
711.442679537
707.562725869
707.533826255
707.53619305
707.525343629
711.404401544
707.574992278
707.602760618
711.446444015
723.035814672
707.606583012
711.461984556
707.57015444
707.626339768
711.445204633
889.359761538
707.607227799
711.51253668
711.457235521
711.450474903
707.576301158
707.631594595
711.418540541
711.470602317
707.594370656
703.744776062
711.425714286
711.432401544
707.552621622
711.421166023
711.438131274
707.562745174
711.468057915
707.599945946
715.284976834
897.044226923
699.865679537
707.598980695
707.606301158
703.727861004
707.524258687
707.598247104
711.439833977
707.561814672
703.707409266
707.56611583
707.554625483
707.554965251
711.407621622
707.55396139
707.575003861
711.432671815
707.602243243
707.592667954
726.817301158
897.047696154
707.633795367
711.452795367
711.400023166
711.42811583
707.584675676
703.69319305
707.595478764
707.588752896
711.449945946
707.610146718
707.565169884
707.553343629
707.547528958
711.459861004
711.451783784
707.598081081
703.718250965
711.454633205
715.351799228
897.059142308
707.581007722
711.464092664
707.590003861
707.617841699
707.619324324
703.695660232
715.240482625
711.466123552
711.434969112
711.408945946
711.421737452
707.51169112
707.57230888
707.570146718
723.007679537
711.378706564
707.55680695
707.540656371
723.059745174
897.0644
707.552092664
711.421891892
703.695181467
703.700965251
707.588459459
707.574675676
707.618405405
707.536019305
707.618675676
707.524305019
703.682015444
707.516081081
707.539254826
707.555482625
707.553405405
707.597200772
703.652857143
707.56846332
711.421640927
897.042376923
707.602482625
711.436023166
723.051467181
707.532783784
711.430664093
711.452274131
707.5583861
703.783277992
703.711258687
707.571455598
715.281339768
707.530667954
707.532455598
707.535718147
707.561050193
707.545872587
707.489428571
711.435169884
726.87727027
900.918965385
707.560455598
711.452764479
707.622861004
707.611316602
707.587822394
707.617853282
707.599664093
703.699822394
707.579837838
703.731374517
707.539826255
707.574714286
707.554119691
707.53323166
707.534702703
707.545305019
711.438776062
707.523332046
711.38403861
893.208334615
707.586733591
711.426853282
711.473370656
711.442332046
707.5136139
707.602088803
707.574872587
711.453393822
707.595084942
707.632795367
707.582370656
707.570664093
711.403525097
711.43919305
707.567969112
707.596467181
707.576942085
711.444216216
726.819864865
897.063519231
703.73684556
707.607073359
707.593521236
707.623749035
703.671104247
707.61057529
707.558861004
711.446528958
707.571833977
707.664366795
707.548397683
707.550752896
711.398718147
707.535312741
711.414100386
707.586494208
707.560567568
707.604501931
707.562015444
897.06645
707.56192278
707.591084942
707.561864865
711.44034749
711.456776062
711.467378378
711.450976834
711.438135135
707.571355212
707.564706564
723.036486486
711.467818533
707.564598456
711.434220077
711.404833977
715.309583012
707.702081081
707.588525097
726.914092664
897.061846154
707.622498069
707.532362934
707.562683398
711.462027027
707.569498069
707.569015444
707.558177606
707.587362934
707.556138996
711.442088803
707.61996139
707.60219305
707.573598456
707.549432432
707.578135135
707.599706564
707.565324324
707.565714286
715.313482625
893.223130769
703.735528958
719.251756757
707.538822394
711.446301158
707.503671815
711.39676834
715.311015444
707.575888031
711.430752896
707.556305019
711.450332046
711.437351351
715.31069112
715.31442471
711.462366795
711.418660232
711.4273861
707.652996139
711.413930502
897.107396154
703.728640927
711.451324324
707.570849421
707.511853282
707.538235521
707.551733591
707.583455598
707.610389961
707.591876448
711.433722008
707.590432432
707.581617761
707.570679537
707.578903475
703.747150579
707.577054054
711.437895753
711.435953668
715.32127027
897.061253846
707.595528958
707.57242471
715.285525097
707.568108108
707.590285714
711.422138996
707.594274131
711.415416988
707.609127413
707.589162162
707.560787645
711.445509653
711.426548263
711.436749035
707.562355212
707.565046332
707.591490347
707.598189189
711.437679537
893.228646154
703.738513514
703.681081081
707.574737452
703.718030888
707.508019305
707.553111969
707.535957529
707.573034749
711.451274131
711.432189189
707.537640927
707.569243243
707.558212355
707.5583861
711.424752896
707.596084942
711.400034749
711.406976834
711.412158301
893.205773077
707.56569112
707.600459459
711.455555985
711.456413127
711.446362934
707.647837838
707.629057915
707.566471042
711.460787645
711.472362934
707.576733591
707.507930502
707.505552124
711.419023166
707.525559846
707.578486486
707.537745174
707.525092664
711.378965251
893.181507692
707.58419305
711.454625483
711.450791506
707.565332046
707.566810811
707.49915444
707.55957529
703.71992278
707.563861004
707.556938224
703.742050193
707.570235521
707.594416988
707.546814672
707.497046332
707.549965251
707.556513514
707.536915058
711.411660232
893.190561538
707.584725869
711.408023166
707.549351351
707.652061776
703.755285714
703.727084942
711.374741313
707.5453861
707.553135135
711.357432432
707.57546332
707.50792278
711.447073359
707.575301158
707.583741313
707.55334749
711.442776062
711.447586873
680.532988417
897.064646154
707.610764479
711.446108108
707.476370656
707.563687259
707.540239382
711.418185328
707.559455598
707.579876448
711.44388417
707.560853282
703.782918919
703.712138996
703.702953668
707.523185328
707.566467181
707.573030888
707.552942085
707.560007722
711.430293436
893.184519231
707.536389961
711.478401544
707.554420849
707.584822394
707.596679537
707.556173745
707.594247104
707.549891892
707.596208494
711.49596139
711.383756757
703.712772201
703.684335907
707.590293436
707.583034749
715.243822394
703.644177606
703.6596139
711.389428571
893.185634615
703.718675676
707.545324324
711.398861004
707.610285714
707.523571429
707.535312741
703.740517375
707.542324324
711.435351351
707.584023166
711.461420849
711.452
707.59423166
707.580814672
707.580752896
707.588324324
707.610081081
707.594992278
723.043633205
889.361219231
707.527266409
711.397247104
711.38372973
707.545289575
707.548370656
707.517706564
715.302011583
711.433181467
707.583444015
707.557158301
711.451084942
711.436223938
711.429459459
711.427930502
707.589656371
707.524100386
711.474455598
711.406776062
715.279332046
897.067238462
703.791660232
703.747783784
703.744880309
703.750521236
703.765583012
707.582227799
707.595351351
707.662583012
711.445953668
703.771019305
703.689722008
703.742972973
707.550633205
711.396436293
707.537332046
703.695625483
707.55023166
707.583444015
719.157633205
889.3513
711.439015444
707.532880309
711.434841699
707.549629344
707.562849421
711.422586873
711.404776062
703.724007722
711.458054054
707.592540541
707.585664093
707.651467181
711.445795367
711.450830116
707.564501931
711.437258687
711.399138996
707.550583012
715.299513514
893.206030769
711.477486486
707.531277992
707.56134749
711.421714286
711.460602317
711.419849421
711.427915058
707.551930502
711.443216216
707.600540541
707.57034749
711.429054054
711.473061776
707.521918919
703.704733591
703.756131274
711.458111969
711.442490347
707.602841699
889.407769231
707.586196911
707.525606178
707.585501931
707.590444015
711.43034749
723.063945946
711.439216216
711.431111969
707.530003861
707.606166023
715.297119691
707.567544402
711.430494208
707.58692278
707.670123552
711.429942085
723.021710425
707.564131274
707.598316602
889.388692308
703.745718147
699.885853282
711.466988417
707.591826255
707.561332046
707.515459459
707.552621622
707.625227799
707.595544402
707.569227799
707.566027027
707.592054054
707.540891892
707.573393822
703.683088803
703.682486486
707.522
707.533992278
711.423656371
889.346042308
703.719200772
707.583088803
707.587644788
703.753293436
703.735247104
711.448861004
703.69042471
703.684050193
703.660054054
703.673833977
703.696444015
703.726378378
707.56403861
707.558822394
707.607698842
707.535656371
703.702451737
703.712895753
711.458976834
889.358265385
707.576212355
707.600216216
711.447478764
707.584891892
707.590262548
711.424841699
707.601027027
707.550212355
707.593957529
707.575965251
707.590467181
707.533903475
703.622127413
707.519254826
707.580111969
707.577208494
707.499312741
703.685440154
711.422571429
889.344253846
707.596092664
711.467397683
707.583992278
707.546328185
707.582880309
711.451127413
711.453181467
707.570474903
711.413563707
707.62523166
707.552996139
707.616111969
711.451972973
707.56184556
715.287297297
711.46576834
707.566741313
711.423258687
707.592478764
893.237030769
703.739822394
707.595150579
707.58688417
707.612370656
703.658945946
711.450382239
707.568772201
707.603285714
703.71084556
707.589710425
703.732509653
707.659907336
707.55934749
703.738880309
707.616861004
707.622451737
707.588756757
711.473579151
711.440023166
889.358338462
703.757285714
707.612849421
703.6873861
707.565332046
703.670220077
707.598054054
707.574976834
703.677
703.736513514
703.754239382
723.032262548
707.564791506
707.570756757
707.538436293
707.564362934
707.508065637
707.550942085
707.538567568
711.423416988
889.352096154
699.899544402
707.638467181
707.575679537
703.703320463
707.60127027
707.582254826
707.579339768
707.622220077
707.599494208
707.61388417
707.547555985
707.560409266
703.689250965
707.536540541
703.732247104
703.684779923
707.549474903
711.410861004
711.428945946
889.337396154
707.594061776
707.597544402
707.562374517
707.573335907
707.560494208
707.576158301
707.594857143
703.708158301
707.58327027
707.599737452
703.660633205
707.566590734
711.38019305
703.723447876
707.533332046
703.663625483
703.743837838
703.682050193
726.848277992
889.343842308
703.752501931
707.616548263
707.581023166
711.412617761
703.671111969
707.567405405
707.614061776
703.707343629
707.558023166
707.522741313
707.592749035
711.46880695
711.484710425
711.422293436
707.521918919
711.447911197
711.491513514
711.422432432
726.866169884
893.209619231
707.567606178
734.648984556
730.765776062
711.455837838
711.430123552
711.465100386
707.566204633
707.627393822
707.606266409
707.548830116
711.420362934
707.534957529
707.546239382
723.021490347
711.423857143
707.563054054
707.577397683
707.527664093
726.866409266
893.191173077
707.617127413
707.640745174
707.600752896
707.635841699
707.59396139
707.58723166
703.728250965
707.586281853
711.464733591
707.574540541
707.590837838
707.563621622
707.587505792
703.724416988
711.431745174
711.418366795
723.012764479
719.134204633
726.846548263
889.335142308
703.757586873
707.597389961
707.60869112
707.626945946
707.585297297
707.567351351
707.641864865
703.807135135
703.727332046
703.72692278
703.704216216
703.754293436
707.657679537
707.541501931
703.715965251
707.560509653
707.557389961
711.408397683
711.436911197
889.370776923
707.568891892
707.561749035
711.429150579
707.596876448
707.561127413
707.514880309
707.54565251
711.413706564
711.362216216
711.448749035
707.589274131
707.566864865
707.600451737
711.379698842
707.538880309
707.549073359
703.769447876
703.697548263
711.423814672
893.188892308
703.708382239
707.567440154
703.710073359
707.580030888
707.578247104
707.560749035
703.662888031
707.59711583
707.609764479
699.849262548
707.572127413
707.577976834
707.547853282
707.544046332
707.613339768
707.577830116
699.849625483
707.539123552
711.4193861
889.354592308
703.697864865
707.552432432
707.578158301
707.542401544
703.712799228
703.75319305
707.579335907
703.687590734
707.543756757
707.543625483
707.54484556
707.53711583
707.520544402
707.535934363
707.579710425
711.434011583
703.732131274
703.705938224
711.398490347
889.342196154
707.518664093
707.556451737
707.524046332
707.521629344
707.573482625
707.521667954
707.551397683
707.575822394
711.390930502
707.590235521
707.571942085
711.428969112
703.681540541
703.678061776
707.587965251
707.55988417
707.566513514
707.557498069
707.547930502
893.198784615
703.724525097
703.714528958
711.438243243
703.71907722
707.558081081
707.548351351
707.597571429
707.519235521
703.699895753
707.60188417
699.848046332
707.545289575
711.426015444
707.57407722
715.306833977
711.447567568
707.585185328
707.550637066
707.560868726
889.382511538
703.744826255
707.568513514
707.520972973
711.437034749
707.581108108
707.569501931
703.727853282
703.696880309
707.54827027
707.554930502
703.698795367
707.580204633
707.604173745
707.592594595
707.560776062
707.609444015
707.565281853
707.587972973
711.442656371
889.371165385
703.723212355
707.552683398
707.554521236
711.391949807
707.531722008
703.694849421
707.578803089
707.52811583
707.561949807
707.575088803
703.722034749
707.500930502
715.269335907
719.126644788
707.612243243
711.433382239
711.460833977
707.553173745
711.453976834
889.391596154
707.563899614
707.549409266
711.403204633
707.580698842
707.531474903
703.70272973
703.680119691
707.562598456
703.664104247
707.603644788
707.542281853
707.560370656
711.448675676
707.54115444
711.424100386
707.529
703.688567568
707.522926641
711.394915058
889.329634615
703.733826255
707.592583012
707.531714286
707.595158301
707.556594595
703.740706564
707.610826255
707.538528958
707.582096525
707.559467181
707.545177606
707.591907336
715.281656371
707.543737452
703.699567568
711.385254826
707.613088803
707.541926641
715.279513514
893.188911538
703.702760618
707.578459459
707.549447876
707.576833977
703.68080695
707.574532819
703.657830116
707.560942085
711.406065637
707.541088803
703.690057915
703.665791506
707.589718147
707.573525097
707.535864865
707.58511583
707.557444015
707.580918919
726.852324324
889.358473077
715.311791506
707.598830116
707.566899614
707.551837838
707.536540541
707.556841699
707.528413127
707.504478764
711.426239382
707.56519305
703.691030888
707.546752896
707.509003861
707.568478764
707.518127413
707.54646332
707.568181467
707.598065637
715.272671815
889.361826923
707.574880309
707.568494208
707.574146718
707.524146718
707.605131274
711.463648649
707.594656371
707.549521236
707.651864865
707.555648649
707.579583012
707.583617761
707.531447876
707.559104247
707.556227799
707.638594595
707.580783784
707.552173745
711.404617761
889.33515
715.279444015
711.371783784
711.409088803
711.424799228
707.548185328
715.288687259
711.407223938
711.376710425
711.371694981
715.300629344
707.528525097
703.694849421
711.403972973
707.5553861
711.467733591
715.316532819
707.549007722
707.569034749
715.303088803
893.197646154
711.464027027
715.299509653
707.571548263
711.413988417
715.271212355
715.291617761
711.451787645
707.558293436
707.573397683
711.445131274
711.44
711.417162162
707.540274131
711.403289575
711.453289575
707.553980695
711.444200772
715.297389961
726.872220077
897.030496154
703.720969112
707.581779923
707.511158301
707.593173745
707.604822394
707.58042471
707.569471042
707.571196911
707.471583012
707.573030888
723.04907722
711.396563707
711.428324324
707.576455598
711.416169884
707.566675676
707.555359073
707.567343629
707.574131274
893.237623077
707.561687259
707.578660232
707.581
711.426042471
699.85327027
711.407266409
707.572976834
707.566710425
707.577196911
703.697328185
711.426027027
707.501223938
707.559969112
711.454316602
711.429061776
707.55984556
707.543992278
707.546181467
715.283111969
893.191730769
707.518146718
707.616277992
707.621857143
707.585324324
707.595189189
707.572899614
707.674359073
707.582756757
707.570818533
707.514544402
707.598980695
707.616513514
711.442111969
707.544953668
711.439208494
711.461405405
707.583111969
707.599189189
726.889787645
893.205026923
703.805027027
707.519131274
707.582494208
703.681123552
711.452822394
707.562158301
707.599764479
707.589525097
711.536409266
707.564544402
703.701528958
707.601822394
703.669459459
707.515629344
711.415162162
707.572876448
711.406220077
711.445343629
715.274980695
889.362992308
703.707316602
707.569011583
711.431617761
711.436837838
707.588633205
707.556301158
707.531934363
707.536258687
707.511320463
707.530196911
707.600135135
707.602822394
707.572100386
707.590521236
707.594837838
707.54869112
707.557640927
707.56342471
711.393096525
893.201369231
707.532625483
711.461992278
711.408996139
711.406590734
707.566069498
707.566988417
707.518142857
711.437783784
707.559023166
707.515764479
703.752918919
703.690671815
707.571814672
707.538420849
711.448837838
707.59034749
707.572003861
707.58996139
711.42819305
897.061338462
703.748980695
707.622316602
711.453486486
703.790413127
707.58003861
707.600694981
711.446173745
711.443447876
711.45876834
707.61596139
711.495822394
707.567142857
711.442023166
707.530084942
707.526629344
707.540864865
707.590146718
707.561814672
707.56319305
893.240911538
703.736864865
707.617590734
707.585544402
703.689752896
707.561486486
707.583061776
707.560212355
707.614555985
703.677552124
707.55346332
707.574054054
707.563081081
711.417378378
711.448594595
703.708498069
707.608250965
707.5396139
703.707776062
711.476509653
893.246111538
703.731915058
707.596895753
703.678722008
703.695285714
707.586370656
707.590656371
703.708903475
703.715513514
707.60253668
707.552239382
711.424640927
711.493100386
707.550833977
707.572953668
707.593289575
707.618119691
707.585212355
711.443200772
715.326579151
893.229115385
703.701413127
707.607247104
711.481814672
703.752069498
707.609853282
703.707316602
707.627065637
707.569907336
711.450880309
707.661393822
707.508092664
707.565563707
711.464953668
707.540891892
707.585540541
707.527540541
707.535142857
707.555351351
715.26776834
897.038580769
707.55672973
711.436019305
707.570339768
707.539250965
707.572667954
707.534938224
707.530988417
707.549057915
707.586972973
707.568305019
707.603698842
707.527633205
707.618664093
707.587069498
707.516737452
707.561911197
707.557749035
707.522366795
726.88896139
893.226246154
707.565660232
711.457401544
711.446173745
710.301968992
703.704486486
711.457590734
707.561459459
707.593216216
711.438042471
711.434752896
715.23853668
715.309814672
707.566297297
711.442397683
699.840204633
711.423467181
715.305061776
711.441223938
715.314629344
897.044376923
707.561428571
711.417007722
707.577625483
711.397220077
703.671482625
703.660907336
703.715467181
703.701749035
707.548764479
707.556138996
707.57953668
711.46434749
703.711521236
703.777671815
707.574745174
703.728486486
707.587266409
711.456579151
730.74427027
897.069688462
707.598733591
707.593166023
707.550135135
707.588401544
703.741996139
703.750857143
707.593945946
707.57434749
707.569092664
707.52857529
707.555428571
707.546783784
707.573405405
707.561428571
707.584640927
703.719911197
707.551733591
707.537826255
711.39276834
897.056376923
707.549911197
707.584409266
707.569196911
711.465953668
707.579969112
707.581092664
707.626644788
711.464285714
707.593378378
703.711888031
711.415671815
707.581471042
711.439351351
707.52888417
707.652938224
707.534567568
707.553416988
707.590069498
707.579926641
893.232323077
703.712984556
707.546953668
707.537316602
707.561084942
707.532131274
707.55088417
707.560389961
703.687795367
707.63319305
707.597220077
707.554108108
707.550185328
703.701100386
707.574853282
707.525687259
707.559803089
707.561019305
707.553698842
723.00265251
893.207892308
703.684629344
707.582023166
715.291204633
707.572602317
707.605455598
707.554200772
707.567471042
699.852023166
711.497899614
711.44027027
711.434745174
711.409756757
711.42088417
707.570945946
707.612926641
699.853579151
711.436610039
711.461837838
719.156378378
897.090561538
703.738629344
707.543301158
707.589907336
707.557760618
707.582706564
707.538980695
707.491810811
703.70457529
707.547127413
707.631876448
707.546428571
707.559200772
707.56746332
707.518891892
707.566733591
707.601088803
707.604397683
707.653490347
711.386837838
893.202557692
703.770297297
707.613146718
703.728648649
703.740498069
707.585409266
707.579826255
707.544648649
707.592988417
707.559822394
711.446837838
707.592343629
703.683822394
707.569501931
707.541671815
707.551119691
703.686034749
703.736525097
707.556196911
711.434525097
893.204915385
703.759401544
707.594158301
707.595362934
707.640637066
707.557934363
711.463629344
707.559861004
707.5723861
711.418787645
707.626521236
707.556621622
707.581671815
703.654088803
707.560382239
703.668764479
703.680266409
703.665088803
707.550710425
711.383374517
889.368857692
703.685293436
707.543567568
703.660494208
707.583602317
703.693389961
707.579795367
707.573420849
707.585250965
707.559332046
703.691050193
707.584305019
707.556629344
707.597594595
711.471787645
707.613088803
707.609003861
703.730857143
707.60984556
715.305405405
889.363676923
707.602243243
711.430756757
707.532521236
711.433965251
707.585992278
707.578200772
707.561822394
711.433262548
707.56284556
711.456305019
707.597030888
703.716671815
707.522135135
707.582316602
707.562644788
707.530490347
711.392015444
711.401239382
719.111594595
893.186096154
707.594540541
711.454903475
707.543795367
711.476374517
711.449776062
707.539266409
707.603069498
707.581880309
707.567598456
707.629305019
715.23503861
707.540250965
707.553984556
711.418362934
711.394335907
711.422926641
703.667123552
707.527162162
726.848830116
893.167215385
703.723833977
711.43796139
703.699864865
707.543764479
707.573513514
707.538189189
707.572108108
707.545057915
707.607467181
707.592332046
711.403189189
711.426679537
707.564204633
707.575362934
707.555262548
703.651725869
707.542339768
703.674220077
711.438540541
889.354846154
707.569563707
711.461903475
711.418320463
707.553629344
707.556930502
711.391034749
707.556050193
707.586525097
707.574057915
707.553374517
703.726683398
707.590339768
707.535590734
707.583007722
707.559420849
707.579123552
707.564169884
707.532061776
711.425042471
889.358196154
703.721405405
707.553826255
707.570779923
711.436718147
707.55276834
703.686277992
703.711992278
703.715
703.713447876
707.561277992
703.76807722
703.741930502
707.626891892
707.619610039
707.533540541
707.570810811
703.640787645
703.71972973
711.446332046
889.358576923
703.750455598
707.619610039
703.680042471
707.572343629
703.713579151
707.532864865
711.389552124
707.546683398
707.586972973
707.615903475
711.430899614
707.564756757
715.241660232
707.582216216
707.584397683
715.29415444
707.579374517
703.692007722
726.865637066
889.351211538
699.871247104
711.441332046
707.622019305
711.479791506
707.579339768
711.448389961
707.58730888
711.428687259
707.474216216
707.539915058
711.414204633
707.574416988
707.580138996
707.518976834
703.691984556
707.557718147
711.507413127
707.553428571
719.133872587
889.417661538
707.592131274
711.486679537
707.572289575
711.436984556
711.453254826
707.536339768
707.644579151
707.557667954
707.581189189
707.537779923
703.688776062
707.586285714
715.200957529
715.213227799
707.556984556
711.381084942
723.003220077
711.424362934
726.796073359
889.335965385
715.296880309
707.607501931
707.546015444
707.561169884
703.717590734
703.753895753
703.727277992
703.721640927
703.724393822
703.729208494
703.78007722
703.681015444
707.575173745
711.43392278
707.581749035
707.592108108
707.595416988
707.560011583
723.019945946
889.373438462
703.723413127
707.583405405
711.423088803
711.411926641
707.555262548
711.3963861
711.442579151
711.440216216
707.615857143
707.602830116
707.55876834
711.422127413
711.406073359
707.542405405
707.552733591
711.398644788
707.628876448
703.718710425
711.432285714
889.355896154
703.754050193
707.541104247
707.553822394
707.540501931
711.439915058
707.522803089
707.612907336
707.560907336
707.562030888
707.541938224
707.591876448
711.46
703.771656371
707.575108108
703.696749035
707.557660232
703.710644788
703.725223938
726.847687259
889.367219231
707.603266409
703.63269112
707.558258687
703.68711583
707.587938224
707.592942085
703.661397683
707.559316602
703.714756757
703.742185328
711.454752896
707.582745174
703.684586873
707.578084942
707.58853668
707.594189189
707.537509653
707.595274131
719.158969112
889.317107692
707.584733591
711.449837838
707.64776834
707.576444015
703.710949807
707.568444015
711.478590734
707.581413127
707.597050193
707.559289575
707.580876448
707.550702703
707.541316602
711.42927027
707.583015444
707.612212355
707.57657529
711.470092664
726.861343629
893.193615385
703.725057915
707.603138996
707.575455598
707.564413127
707.522864865
707.590525097
707.587332046
703.687830116
707.539015444
707.606158301
707.570343629
707.598185328
707.585436293
707.599606178
703.70369112
707.559868726
707.525401544
707.552200772
707.554656371
889.358492308
703.76334749
703.779247104
711.443227799
707.571532819
711.433625483
707.53057529
707.611034749
711.519559846
711.463501931
707.587660232
711.429324324
711.428482625
707.58172973
711.426451737
707.661552124
703.753822394
703.673640927
707.53815444
711.422065637
893.187088462
703.713440154
703.736366795
703.723756757
707.597108108
711.458586873
707.512861004
703.713127413
703.701586873
707.554413127
707.594934363
703.690957529
707.548027027
707.602891892
707.668517375
707.61469112
703.746486486
707.613366795
707.598216216
711.430096525
889.362753846
703.745181467
711.454204633
711.425119691
711.464849421
711.450918919
707.581830116
715.318880309
711.463830116
707.570111969
703.731949807
707.512945946
703.66288417
711.4086139
707.597104247
707.545787645
707.594305019
707.615359073
707.549899614
703.677629344
893.223030769
707.58130888
711.463822394
714.198511628
711.469725869
711.436915058
711.469471042
711.430474903
707.596976834
711.473671815
711.433501931
707.556702703
707.571915058
707.541015444
707.522629344
707.596243243
707.582401544
711.398362934
707.52707722
722.981857143
893.201976923
703.755501931
707.66153668
707.626725869
707.577474903
707.574656371
703.707250965
707.590791506
707.610181467
707.569567568
703.765123552
707.540548263
707.575486486
711.407054054
723.013791506
707.554293436
707.558169884
707.534571429
707.531648649
715.259339768
889.338592308
703.748548263
707.569096525
707.535706564
707.560343629
703.696162162
707.574555985
707.562289575
707.617833977
707.590409266
707.589158301
723.028474903
707.567559846
711.427015444
707.548478764
707.542945946
703.662204633
703.694772201
703.685413127
707.556362934
889.36595
703.677297297
707.554181467
707.590911197
711.399733591
707.539957529
707.586521236
707.589050193
707.561177606
711.442328185
707.567393822
711.435776062
707.582714286
707.588397683
703.691702703
707.591428571
711.451926641
703.715969112
703.757783784
715.3166139
893.215673077
707.612289575
707.56346332
711.463714286
707.516339768
703.743019305
703.717969112
707.620447876
707.591223938
707.587687259
707.589382239
707.54527027
707.514745174
707.584660232
707.559756757
703.706841699
703.709679537
707.540938224
711.371111969
711.460671815
893.204346154
