806.367286822
813.872239382
811.102528958
807.59784556
811.002722008
811.014262548
811.369783784
811.608204633
805.884243243
800.673752896
797.255965251
797.912146718
797.468783784
798.881749035
793.794610039
797.555420849
801.01288417
798.002880309
799.80684556
922.571692308
798.466888031
800.100030888
797.463830116
804.289108108
801.558552124
797.434185328
800.543436293
797.408532819
797.993104247
801.369625483
797.566915058
801.495135135
800.991648649
797.417644788
801.882015444
801.006509653
797.833494208
798.175683398
803.687366795
922.841738462
799.16469112
797.170629344
797.71869112
797.053459459
793.922104247
797.88203861
796.499084942
797.653019305
797.599795367
794.051698842
794.545096525
801.751436293
801.561057915
795.953760618
796.399984556
797.947918919
798.043467181
794.246250965
799.713332046
919.416403846
795.059826255
797.733610039
797.835945946
797.289397683
797.059942085
797.840671815
793.7503861
794.397108108
794.40769112
793.779779923
798.457629344
797.35034749
798.25484556
794.167057915
800.709250965
798.14042471
797.855980695
800.636660232
799.928142857
923.172103846
795.212216216
797.332644788
804.373200772
807.162054054
797.523563707
797.232355212
801.585088803
800.04319305
793.337555985
794.349687259
797.951749035
802.025478764
801.692532819
801.75311583
804.797907336
801.440162162
797.09580695
797.396343629
803.316552124
926.689023077
787.632104247
793.983104247
797.310822394
793.505432432
794.196683398
793.300243243
796.76853668
793.620455598
793.739027027
794.568849421
801.505119691
793.820332046
800.663583012
801.130131274
801.265220077
796.420606178
800.946382239
798.011324324
803.724482625
923.158853846
797.802212355
796.591598456
797.994915058
794.059671815
793.442204633
793.343158301
799.53992278
799.583011583
797.46096139
798.37430888
796.983177606
797.858749035
805.595555985
800.704455598
798.088015444
797.869401544
800.270752896
797.110324324
799.88619305
918.361030769
795.939289575
793.717525097
797.674903475
797.992328185
797.986772201
797.311007722
797.551498069
796.498915058
797.049992278
797.172861004
796.948671815
797.880938224
798.013359073
797.062200772
797.965764479
794.164266409
800.54172973
797.601362934
801.320988417
920.290584615
799.237637066
796.569227799
797.46792278
794.046718147
797.723169884
793.876150579
794.28303861
797.872204633
800.167544402
800.633648649
797.749718147
796.638057915
797.802513514
796.934096525
798.144563707
796.650046332
797.465555985
796.368583012
799.507305019
923.999553846
794.606656371
801.467555985
797.660208494
796.74927027
797.908108108
796.180972973
797.084239382
800.551895753
800.531127413
797.409544402
797.333567568
794.507447876
801.17069112
800.459957529
800.746625483
798.128918919
798.296482625
797.340583012
803.452837838
924.040088462
812.166841699
797.749332046
798.289142857
794.016409266
794.50115444
794.070664093
798.183992278
799.647409266
794.47353668
794.384996139
794.384528958
793.956911197
793.986745174
797.847756757
800.2596139
798.258324324
798.100104247
797.710459459
798.00572973
920.916396154
797.060409266
800.49807722
801.225455598
798.009034749
793.875803089
794.798509653
793.691876448
797.655378378
794.348339768
797.942467181
800.551027027
796.770189189
800.813235521
797.239544402
794.333880309
797.786509653
797.361185328
798.060965251
799.933598456
920.393565385
798.632432432
797.738046332
800.470868726
796.800899614
797.377142857
797.379687259
796.930644788
800.723891892
800.426023166
800.075718147
795.508942085
797.492679537
796.967899614
796.934196911
793.376305019
797.006208494
797.390073359
793.330648649
803.086872587
922.977015385
794.476555985
797.390382239
796.509092664
801.338158301
798.95165251
793.859505792
797.598401544
800.374683398
797.676976834
797.347393822
793.936061776
797.687814672
797.931366795
796.775949807
799.753996139
801.315235521
797.027054054
800.416092664
803.29492278
918.733884615
798.122745174
799.796841699
797.311127413
797.566718147
795.668316602
800.60557529
797.470065637
796.783200772
797.375486486
800.513559846
797.432583012
797.974146718
797.14584556
797.483277992
793.587223938
797.216119691
797.358490347
797.787837838
815.63630888
919.402276923
795.444976834
793.258104247
801.886370656
792.972108108
799.115617761
801.405880309
799.314722008
801.386316602
800.187212355
799.568942085
796.859953668
800.047247104
797.6853861
793.243629344
794.095359073
797.137108108
796.939332046
800.486583012
811.344942085
917.90145
798.158907336
796.511220077
796.749405405
797.828108108
793.538675676
797.585602317
797.538482625
797.550602317
797.343988417
793.631683398
796.788285714
793.096081081
797.423478764
797.974521236
794.797841699
794.081698842
797.982907336
797.23984556
799.438084942
918.971507692
796.762594595
799.247111969
801.208517375
800.282065637
799.887733591
796.725749035
793.36342471
797.4866139
797.512073359
797.446104247
800.638200772
799.194420849
797.202957529
797.930891892
797.814799228
796.728752896
790.370664093
796.804810811
814.076675676
918.6921
799.106119691
796.745741313
797.240671815
797.353687259
793.298335907
794.129142857
797.268428571
797.869818533
796.424054054
792.641698842
800.854992278
800.572972973
802.82892278
797.441980695
797.587656371
800.125281853
799.929003861
793.387563707
793.578911197
918.361284615
794.370046332
797.069003861
796.835092664
793.072042471
794.196918919
792.884891892
797.33134749
797.158555985
796.96753668
799.943200772
800.942277992
801.550494208
797.192915058
801.765911197
797.712594595
797.27757529
797.241544402
797.599235521
798.906725869
922.242876923
794.396409266
796.321656371
797.24446332
797.754907336
797.170119691
796.656196911
796.157772201
800.826096525
793.496482625
797.004212355
800.177459459
796.575671815
796.779123552
797.051942085
796.916239382
797.667413127
799.03207722
797.078714286
793.619027027
918.877946154
801.96642471
799.528567568
802.539444015
796.594648649
800.703864865
800.914293436
799.560250965
800.98523166
800.803332046
801.175598456
797.080664093
799.518876448
800.124876448
800.904301158
797.054849421
797.453436293
804.091972973
802.95796139
799.225552124
922.827811538
798.547015444
799.781459459
796.600405405
796.280498069
796.78184556
799.97472973
797.055563707
799.876239382
797.084486486
796.821432432
796.966277992
800.364366795
799.602532819
800.430857143
796.765722008
796.766864865
797.240683398
796.871799228
814.417196911
918.785142308
800.094988417
802.519150579
795.964239382
797.28311583
800.707567568
798.932432432
800.476544402
797.734903475
797.159061776
797.330378378
797.17546332
799.615046332
797.281772201
796.96492278
796.663301158
797.346745174
796.959393822
797.30727027
799.269532819
919.880688462
794.938258687
797.265872587
792.546208494
796.689868726
799.721942085
797.442328185
796.992416988
797.412694981
796.917447876
800.590204633
797.385131274
797.885196911
800.81519305
811.652235521
796.855760618
799.338818533
796.458474903
797.005888031
799.403563707
919.469207692
797.502316602
800.08257529
801.055907336
801.247868726
796.956532819
797.375891892
800.22142471
801.023583012
797.170382239
793.302150579
801.065042471
799.683907336
797.20865251
800.175003861
800.514567568
798.484532819
800.413903475
797.446235521
802.643204633
922.462469231
796.263223938
796.831119691
798.584930502
793.302073359
797.406895753
797.016590734
800.706301158
797.146583012
793.014393822
797.306092664
796.608841699
797.145289575
800.12215444
797.613127413
796.893814672
800.852023166
796.010795367
797.921081081
814.232127413
922.126807692
797.859544402
799.614706564
799.758895753
800.825783784
796.617432432
793.726482625
797.324254826
796.616343629
800.472525097
796.751015444
797.300015444
797.345305019
796.973891892
800.175764479
799.730687259
796.701718147
793.386694981
799.944606178
803.099563707
922.087830769
797.705328185
799.825671815
796.802617761
797.641277992
797.49111583
793.086590734
802.712803089
799.096324324
801.159861004
799.926301158
800.364706564
797.319517375
797.441764479
796.019397683
810.79584556
800.228517375
797.661965251
796.661482625
811.58872973
922.567396154
798.083833977
799.45484556
792.792683398
793.100127413
797.394965251
796.870451737
797.2333861
797.02053668
797.214548263
796.772413127
793.477984556
796.956177606
796.905849421
797.56334749
797.164625483
797.079563707
793.74753668
796.537332046
798.886911197
922.298365385
797.892579151
799.493084942
803.418702703
796.707594595
799.357142857
799.739065637
797.294003861
793.754521236
793.591015444
797.023092664
803.197258687
797.135131274
796.442478764
797.563895753
797.493509653
796.947741313
798.038490347
800.249277992
814.210965251
926.273623077
798.148579151
800.178826255
795.857050193
800.975841699
796.863050193
797.292895753
796.945849421
793.470498069
797.107567568
792.97457529
797.180640927
796.682868726
796.374637066
796.845104247
797.321474903
796.745598456
800.742895753
796.965764479
799.010606178
918.314938462
798.24584556
799.987312741
799.561316602
799.293590734
797.420254826
797.781220077
797.408528958
799.961787645
797.163332046
797.369814672
797.633930502
797.319980695
800.578436293
800.334131274
797.284393822
796.790405405
797.591208494
800.019324324
814.15434749
922.45345
794.448111969
796.30753668
797.219776062
796.803559846
792.872988417
797.166397683
797.08292278
800.784335907
797.006123552
797.603459459
797.190200772
797.170926641
799.638127413
797.112972973
799.095332046
797.684965251
796.932266409
795.869679537
797.252208494
922.9457
798.302891892
797.49730888
796.908034749
800.488162162
800.174444015
801.098849421
800.387694981
799.564289575
796.823903475
797.467965251
811.671042471
800.211583012
797.456660232
800.773976834
799.797849421
802.92065251
798.628980695
797.563166023
814.837528958
922.664230769
798.509926641
796.328861004
796.650783784
801.245401544
797.136455598
797.245606178
797.586745174
797.062374517
797.23603861
799.886486486
797.70311583
796.323312741
797.850938224
797.179428571
797.230455598
797.572324324
797.551281853
797.399447876
803.071760618
918.668226923
793.859949807
809.117903475
796.761069498
800.972366795
797.125602317
800.439552124
802.736166023
797.020833977
801.059258687
797.166432432
801.098378378
800.439119691
802.764918919
803.46480695
800.565552124
800.150888031
801.078486486
797.395169884
800.921826255
923.381603846
795.864158301
800.558498069
796.648366795
797.115
797.519393822
797.224274131
797.129992278
797.443131274
796.598610039
800.034718147
796.745409266
797.272718147
797.172694981
797.174119691
793.699111969
797.016324324
800.370243243
800.309150579
803.258710425
922.7158
797.922185328
796.944142857
802.535548263
796.94546332
797.107868726
800.494208494
796.609042471
800.280034749
797.070397683
796.912509653
796.954131274
801.164945946
801.017297297
799.76423166
796.937598456
796.849772201
797.021432432
797.463980695
799.147694981
919.093584615
794.16288417
792.850467181
796.837637066
793.562474903
796.633521236
796.365173745
796.863683398
796.490687259
799.978007722
800.583409266
797.039486486
796.962992278
797.100640927
796.523837838
801.268274131
796.591849421
800.779297297
799.817162162
799.307030888
921.981019231
798.476416988
796.407471042
799.712637066
799.994332046
800.232096525
799.003277992
797.070007722
796.693027027
801.471899614
800.12269112
797.014131274
796.850988417
796.888023166
800.486011583
797.034173745
797.344949807
797.216069498
797.299648649
799.040521236
921.698057692
798.274579151
800.217119691
800.777594595
796.726216216
796.518880309
797.443942085
797.627980695
793.443594595
797.344718147
796.56311583
793.291023166
797.326382239
797.378003861
796.962617761
796.793177606
796.90623166
796.50023166
797.22796139
799.25965251
921.582973077
797.633837838
799.912803089
796.545239382
797.602602317
793.436644788
793.324687259
800.430254826
797.129857143
797.425548263
800.627046332
797.482513514
796.927100386
800.32430888
796.965644788
797.378212355
797.632366795
799.988204633
800.680610039
768.048567568
925.624530769
798.6256139
800.173540541
797.188104247
797.063015444
797.122907336
800.336057915
796.988104247
797.353683398
800.024752896
797.005111969
794.337640927
793.534054054
793.061567568
797.38623166
797.206212355
797.658490347
796.955297297
797.127428571
799.184239382
921.281880769
798.844158301
800.325525097
796.974235521
797.188567568
797.093285714
797.6093861
795.461486486
797.647474903
796.818733591
801.255096525
799.405864865
795.567610039
794.14027027
797.74465251
797.096629344
803.140285714
793.959235521
794.089409266
799.51530888
920.963903846
794.813100386
797.407891892
801.147015444
796.986517375
797.036501931
797.149849421
793.600501931
797.095776062
800.279413127
797.998274131
801.433328185
800.707305019
797.564447876
797.499027027
796.4996139
797.716930502
797.923320463
797.463042471
811.540057915
917.255353846
799.09142471
800.493803089
800.893
797.682625483
797.141505792
797.352868726
803.556065637
801.157953668
797.435243243
797.451644788
801.544162162
801.089505792
801.40772973
800.844552124
797.628312741
797.192212355
801.393332046
801.052389961
803.020594595
926.411557692
795.528559846
793.95611583
794.154571429
794.368490347
794.042088803
797.808061776
797.684042471
798.3053861
799.043992278
793.932355212
794.55672973
794.488679537
797.490911197
800.411057915
797.339474903
793.975436293
797.845795367
797.86565251
807.143891892
918.173492308
800.44457529
796.897343629
800.44353668
796.959054054
797.577046332
801.345108108
800.450069498
798.006023166
800.680640927
796.926135135
798.184046332
798.395034749
800.547702703
799.71172973
797.355772201
800.290540541
801.38657529
797.997007722
803.314667954
923.388692308
800.480888031
797.412351351
797.197517375
800.310980695
801.425525097
801.081266409
799.226111969
797.58292278
800.797003861
797.390293436
797.664559846
800.984389961
800.611938224
797.544980695
793.98896139
794.284687259
799.957841699
800.902135135
797.736416988
921.217723077
798.343293436
796.95430888
797.647525097
797.65442471
799.589861004
811.908204633
799.594857143
800.518003861
797.533764479
797.184285714
803.50984556
798.280131274
800.923266409
797.821397683
797.920930502
801.347888031
812.417096525
797.78892278
798.305633205
921.089773077
794.757150579
794.693135135
800.362594595
797.902451737
796.273274131
797.28457529
797.169247104
798.312011583
797.732733591
797.739648649
797.948637066
797.083675676
797.624416988
798.051065637
794.226374517
794.877378378
797.66865251
797.718911197
801.609540541
920.259542308
794.395868726
797.003146718
797.121706564
797.811034749
793.795467181
800.994505792
794.045864865
793.112590734
794.351694981
794.316949807
793.822490347
794.401316602
797.25972973
798.087984556
798.309088803
797.921250965
794.052671815
793.622540541
799.844362934
920.500873077
799.4146139
797.314876448
801.348660232
797.256552124
797.663204633
802.02546332
797.585254826
798.263876448
797.989312741
797.071776062
797.681332046
798.121370656
793.885366795
798.071285714
798.543220077
797.673189189
797.928915058
794.027849421
799.802447876
920.157080769
798.564235521
800.683822394
798.334988417
797.745007722
797.770528958
801.20403861
800.610146718
797.986772201
801.925073359
798.093938224
798.004756757
797.787200772
801.618185328
797.697243243
803.355957529
801.74942471
797.656262548
802.153899614
796.952204633
924.537892308
795.200749035
797.185528958
798.290702703
797.682671815
795.688517375
800.945258687
798.013586873
797.515702703
793.814903475
798.185405405
797.536451737
797.509108108
797.630880309
793.858359073
796.873355212
798.476972973
798.244737452
802.049501931
800.27246332
920.330069231
794.788034749
797.454810811
793.699050193
797.915656371
793.74496139
797.897586873
797.61153668
794.62307722
793.638328185
794.362501931
812.902123552
796.548586873
798.213969112
797.415861004
796.864088803
797.226934363
797.86246332
797.688864865
799.651150579
920.139530769
790.927505792
797.900471042
797.196567568
793.480200772
798.205019305
797.399976834
798.272586873
797.860003861
795.991127413
797.646559846
797.523108108
797.890332046
793.4483861
797.658023166
794.626057915
793.940011583
797.438432432
800.604088803
799.939212355
920.350653846
798.92846332
796.116756757
797.669409266
798.392471042
797.850277992
797.323706564
797.274733591
793.780131274
798.055610039
797.359803089
794.12242471
797.748459459
801.744474903
793.845030888
798.118277992
793.822003861
794.451548263
793.650710425
814.759895753
920.367865385
795.338355212
797.516185328
797.856760618
801.958266409
793.552216216
797.516459459
797.613409266
793.768733591
796.833007722
797.840181467
799.103714286
801.028293436
801.840440154
800.243088803
797.811610039
801.867185328
801.782158301
801.353710425
815.373196911
924.235738462
798.231301158
807.317949807
807.600602317
801.108023166
802.239640927
801.361737452
797.506528958
798.471220077
797.973579151
797.377127413
801.172482625
797.606857143
798.037042471
812.54211583
799.812706564
796.734297297
797.976003861
797.514498069
815.123316602
923.780269231
798.452745174
797.932428571
797.868432432
798.304513514
796.842142857
798.080420849
793.945656371
797.568
800.505019305
797.195401544
798.453428571
797.508455598
797.634745174
794.215389961
800.821849421
801.364413127
812.80146332
808.744980695
814.927567568
920.193611538
795.395525097
797.604297297
798.121656371
796.537320463
796.86784556
798.149285714
797.656810811
794.249606178
794.361432432
794.612092664
794.010984556
794.537389961
798.256810811
796.982637066
794.651486486
798.234714286
797.125760618
800.306972973
799.835328185
920.363461538
799.2206139
797.057223938
800.90372973
798.272718147
797.61376834
797.765733591
796.639965251
799.704779923
800.123459459
801.705007722
798.376837838
797.472146718
797.206853282
801.913324324
798.147749035
798.436787645
794.422289575
793.906660232
799.29753668
923.987007692
796.123057915
797.822540541
794.950003861
798.274073359
798.227007722
798.033644788
793.967718147
798.597783784
797.810667954
798.767625483
798.012065637
798.563640927
798.187563707
797.90184556
797.393803089
798.06942471
789.668343629
797.630791506
800.319675676
920.633630769
795.268930502
797.719861004
796.378173745
797.237965251
794.063791506
793.985223938
797.073984556
793.750119691
797.280594595
798.155274131
797.847965251
798.025559846
797.878250965
797.403714286
797.832281853
800.925173745
794.550540541
793.719169884
799.836868726
920.390076923
799.091447876
797.47034749
797.919293436
797.478247104
797.854239382
797.779169884
797.383243243
796.512752896
799.801509653
797.624791506
797.762602317
800.323239382
794.013494208
794.087189189
797.80592278
797.030779923
798.337891892
797.814428571
795.795915058
924.14825
795.671957529
793.903266409
801.753127413
794.238567568
798.030818533
798.124216216
797.408830116
797.222432432
795.482285714
797.688745174
790.017007722
797.4423861
800.976401544
797.739073359
803.437123552
802.127795367
798.236617761
798.034872587
797.3346139
920.889407692
795.014505792
797.112864865
797.521370656
800.507138996
797.671656371
797.119764479
794.712050193
793.596023166
797.194042471
798.233837838
794.411671815
797.829996139
798.144548263
796.605667954
796.89384556
798.027200772
797.745081081
797.315281853
799.304621622
920.166315385
795.180861004
797.645332046
797.217320463
800.385525097
797.71792278
794.558370656
797.412332046
797.237938224
797.15853668
797.805482625
793.755389961
797.939876448
803.564498069
808.344725869
797.747606178
801.118938224
800.637525097
799.052772201
800.72572973
920.922342308
798.766972973
796.165177606
799.447220077
797.594830116
797.512891892
794.153818533
793.924455598
797.975027027
792.684760618
797.721760618
796.633949807
798.055054054
800.38372973
797.816069498
801.109293436
797.122196911
794.096405405
797.764023166
799.688444015
920.220157692
794.876490347
797.19296139
797.590027027
797.122776062
797.131007722
794.168050193
797.634683398
797.165617761
797.442409266
797.397471042
797.649996139
797.714316602
802.529212355
797.406069498
793.895969112
799.664374517
797.250598456
797.105451737
802.992899614
923.181692308
794.452123552
796.867830116
797.763220077
797.130216216
793.645019305
797.878042471
793.135667954
797.385216216
799.723567568
797.522868726
793.919478764
794.05992278
797.566173745
797.330532819
795.987069498
798.49011583
797.070432432
797.62680695
815.015710425
918.356188462
806.85753668
797.565042471
797.236861004
797.326540541
797.57592278
796.759169884
797.503119691
797.325621622
800.150907336
797.763247104
794.445501931
797.009864865
797.806988417
796.698563707
797.133177606
797.197895753
796.73615444
797.868339768
803.121945946
918.608080769
798.139752896
795.648617761
796.397297297
797.573822394
797.216563707
800.314602317
796.606513514
796.99103861
798.38346332
797.776667954
796.715459459
797.753667954
797.549706564
796.826316602
796.686756757
798.00976834
797.832779923
796.891015444
799.119969112
917.678688462
803.949733591
800.887841699
800.749467181
801.210532819
796.711517375
803.769509653
800.683976834
801.177625483
800.491891892
803.02357529
797.308988417
793.820073359
800.601675676
796.888942085
800.359787645
804.674876448
796.823679537
796.99580695
802.516289575
921.297615385
800.466625483
803.365138996
797.497409266
801.038687259
804.684498069
804.364088803
800.409837838
796.951243243
797.49688417
801.33876834
801.038830116
801.199864865
797.055119691
800.966409266
801.274204633
797.525397683
800.911281853
803.150359073
814.553015444
924.376988462
793.606166023
796.462169884
796.864471042
796.903042471
797.163312741
796.816297297
796.756903475
796.9556139
796.561756757
796.608397683
811.908942085
799.582749035
800.264606178
797.192694981
799.096420849
797.54157529
797.576301158
796.73972973
796.881833977
922.474357692
798.325451737
795.957903475
797.122324324
800.382382239
789.439166023
800.369965251
797.138718147
796.798903475
797.036281853
793.726335907
801.155864865
796.667474903
796.906610039
801.323057915
800.321722008
797.749814672
796.069459459
797.746803089
802.795119691
921.520342308
797.336888031
795.93607722
797.005343629
796.838050193
797.712710425
797.302447876
797.444772201
795.744274131
796.528760618
796.754996139
797.052718147
797.535637066
800.774598456
797.0553861
800.581579151
799.836142857
796.910787645
797.021656371
814.383694981
921.689573077
794.744359073
796.540598456
797.056359073
792.691181467
800.80227027
796.458131274
797.315776062
797.260104247
801.544505792
797.648764479
793.092084942
796.652544402
792.833119691
796.867343629
799.565687259
796.979216216
800.973135135
800.377447876
802.73327027
918.600873077
793.719501931
796.276428571
799.500223938
801.285254826
797.262108108
796.145779923
796.453888031
796.370166023
796.570467181
796.71123166
796.862683398
796.054976834
796.858714286
797.196606178
796.979571429
796.760223938
796.465656371
797.09730888
798.885559846
919.740934615
797.253675676
799.339907336
798.907104247
798.999185328
797.416752896
797.082513514
797.131918919
800.364544402
796.759027027
797.415563707
793.434965251
793.742756757
797.039355212
796.927162162
799.977293436
797.56119305
797.513119691
796.919204633
799.358988417
921.361673077
793.63234749
797.108401544
799.017185328
793.155590734
796.52342471
797.343911197
800.088548263
798.97146332
799.630517375
796.678710425
801.480312741
797.424027027
799.201814672
797.207988417
796.867243243
797.913872587
796.975532819
797.461486486
797.408571429
919.378638462
794.635366795
796.748540541
797.62265251
793.354718147
797.226791506
796.375413127
797.380104247
796.929142857
793.562111969
797.502814672
797.130119691
796.41080695
800.010135135
801.474
793.69453668
797.225988417
797.08811583
793.597185328
799.079088803
919.651788462
794.996274131
797.352131274
793.030362934
793.891389961
796.578583012
797.04246332
794.945930502
792.839397683
797.080297297
796.974289575
801.281722008
800.241027027
797.032054054
797.123355212
797.385509653
797.439532819
797.085212355
799.978254826
802.561791506
918.369688462
794.855528958
797.354223938
799.099274131
793.418861004
797.123644788
793.28730888
797.087640927
796.638409266
799.988374517
797.580393822
796.704432432
797.002814672
799.931289575
796.783528958
797.208359073
797.410293436
796.326571429
797.641803089
802.398312741
922.954534615
798.045069498
799.635243243
797.36330888
797.188675676
797.155355212
797.047440154
797.118888031
796.844212355
796.611745174
797.482335907
797.080471042
796.884621622
797.452498069
797.542969112
796.575277992
796.873911197
795.938957529
797.16027027
814.207081081
918.303057692
797.985142857
800.085416988
800.836926641
799.512550388
792.901656371
800.020274131
796.709459459
796.34411583
800.754683398
799.784675676
804.560054054
802.870722008
797.445664093
799.719065637
797.524065637
800.406227799
802.976301158
799.875351351
803.005629344
922.380884615
798.390814672
799.907135135
797.830003861
800.67146332
793.504826255
793.507243243
793.976571429
793.592258687
796.809818533
797.56053668
797.052779923
799.974501931
794.060355212
793.766872587
797.382791506
793.697818533
797.043737452
800.010196911
817.919285714
922.506415385
798.478915058
796.658042471
797.061818533
797.027687259
793.272671815
793.91342471
797.519888031
797.544525097
797.184374517
797.086111969
796.55942471
797.544571429
796.780563707
797.899610039
797.32615444
793.633216216
797.536440154
796.63930888
799.214173745
922.132715385
796.065957529
797.381420849
797.322177606
799.200996139
797.585262548
797.085517375
797.456629344
800.659162162
797.225146718
793.404540541
799.194042471
797.186749035
800.123030888
797.16811583
797.541374517
797.54896139
797.580185328
797.657490347
796.690181467
918.917569231
794.735494208
796.904525097
796.629393822
796.793787645
797.302957529
797.234428571
796.505266409
794.950509653
797.394
797.536335907
797.095413127
796.784416988
793.480046332
797.219864865
797.810227799
797.529980695
797.064262548
796.874915058
810.539544402
918.296873077
794.464432432
797.082447876
804.379169884
796.871988417
797.019023166
797.335563707
797.122359073
789.605830116
799.803413127
799.704675676
799.247926641
800.274853282
801.072779923
797.096397683
797.469092664
798.245915058
800.775783784
800.762791506
808.818602317
922.630315385
795.151301158
796.789494208
796.685355212
796.890857143
796.698135135
796.472679537
797.243833977
793.652718147
796.958301158
796.795023166
797.417679537
796.399177606
797.705814672
797.349343629
796.767131274
796.928065637
796.788586873
797.770671815
799.04411583
918.977296154
794.412370656
796.985552124
793.189776062
793.926359073
796.467030888
797.687949807
797.232131274
797.397428571
796.914355212
800.397250965
797.724741313
793.71603861
797.264710425
797.42253668
797.576563707
793.362204633
793.381011583
797.168061776
799.339413127
922.416307692
794.403420849
796.800305019
797.287019305
797.416096525
796.813239382
800.879073359
796.614328185
796.89223166
798.827169884
797.547405405
796.528942085
796.686795367
793.505957529
797.488540541
792.954513514
793.421208494
793.330003861
797.29572973
799.208482625
920.367934615
795.354521236
797.380266409
793.729822394
797.708934363
793.592625483
797.331003861
797.427764479
797.414571429
797.019328185
793.840104247
797.495857143
797.840243243
796.009683398
800.728779923
797.480007722
797.688262548
793.987756757
797.854826255
803.41742471
919.688180769
798.802285714
800.954779923
797.54811583
800.951710425
797.442872587
796.773169884
797.468204633
800.855332046
797.019262548
800.04511583
797.219081081
800.143965251
797.375517375
797.858065637
797.189142857
797.622050193
800.914957529
801.131528958
812.379138996
922.271038462
797.603749035
799.979328185
796.754915058
799.728602317
799.921656371
796.964185328
796.492409266
797.131092664
797.202799228
797.852513514
802.539776062
797.734359073
797.599953668
799.224370656
800.997092664
800.496355212
792.83276834
797.650509653
814.319637066
922.940634615
793.740737452
799.335189189
793.247166023
797.043393822
797.110513514
797.058895753
796.774841699
797.149177606
797.049984556
797.658420849
799.225235521
800.107208494
797.296166023
797.097111969
797.302081081
793.431305019
797.035254826
793.222320463
798.901320463
918.75875
797.459355212
799.834069498
801.143926641
797.124034749
796.7743861
801.163895753
797.314123552
797.864656371
797.451803089
797.958034749
793.916980695
797.081173745
797.091930502
798.138988417
797.635501931
797.062745174
797.273362934
797.696393822
799.824196911
918.104876923
795.165131274
796.829003861
797.153440154
800.045984556
796.760027027
793.90203861
793.485629344
792.819111969
793.734637066
797.206007722
793.909776062
793.867945946
797.296915058
796.487864865
797.124718147
797.440779923
793.259305019
794.03515444
799.451420849
920.272096154
794.019579151
796.998710425
793.752671815
797.396355212
793.494362934
797.36819305
799.607965251
797.553023166
797.485401544
797.610903475
799.848482625
797.224181467
803.109057915
797.373776062
796.043915058
802.739239382
797.707277992
794.237818533
814.286451737
917.700546154
797.750335907
800.823876448
797.064474903
801.64546332
797.255795367
800.64703861
797.658127413
799.376057915
797.480776062
797.611776062
801.089656371
798.056795367
798.178281853
797.325494208
793.580104247
797.515355212
801.114459459
796.645370656
806.687799228
919.929780769
797.915945946
800.022637066
798.367061776
800.834579151
800.629320463
797.161258687
797.585783784
797.437281853
797.025042471
797.40042471
793.588416988
797.696714286
803.019818533
803.265220077
801.124057915
801.314895753
811.603633205
800.234969112
814.477123552
917.951369231
806.844135135
796.985223938
797.710899614
797.315718147
793.700911197
794.262212355
793.44888417
795.682509653
793.520181467
793.810872587
794.538590734
793.687610039
797.632451737
800.43003861
798.19242471
796.957571429
796.651644788
797.851455598
811.27753668
919.281138462
795.507938224
796.847428571
799.876258687
800.46711583
797.18011583
799.746015444
800.68919305
800.755803089
797.265559846
798.091671815
798.318467181
801.873258687
801.595660232
797.641015444
797.792888031
801.730972973
798.908332046
792.838
799.111725869
919.652569231
795.986370656
797.541853282
797.825625483
797.937127413
801.24219305
797.661177606
798.357830116
798.225119691
797.517254826
797.146471042
796.645714286
801.979467181
794.533127413
797.986633205
794.543694981
797.981559846
794.406861004
793.992903475
815.023173745
920.009130769
796.665868726
793.986490347
798.007656371
794.346702703
797.633293436
797.56057529
794.199478764
798.021100386
794.478606178
793.525671815
799.017532819
798.021772201
794.378555985
798.243223938
798.337046332
797.983011583
797.394343629
798.144725869
808.657606178
920.116753846
798.455034749
799.932081081
798.368305019
797.788664093
794.324903475
798.249648649
800.895559846
798.008320463
798.308760618
798.357320463
797.90353668
797.726285714
797.453185328
801.112498069
797.64927027
797.717548263
798.125637066
802.58130888
815.231023166
924.002680769
795.036030888
797.056501931
797.813088803
797.989814672
798.001208494
797.450096525
797.447065637
794.043362934
797.867687259
798.070223938
798.216474903
795.949366795
797.200664093
797.045942085
793.66476834
797.650880309
797.939474903
797.987725869
795.992050193
920.277303846
795.223814672
794.487173745
799.961544402
796.948162162
800.851687259
798.119903475
797.913602317
802.157305019
802.009722008
797.303204633
800.702555985
800.393378378
796.995459459
800.753868726
797.393366795
796.343555985
794.100223938
797.924810811
799.374525097
923.917734615
795.406679537
794.114150579
793.878749035
797.414899614
799.914123552
797.845459459
794.659679537
794.135266409
797.532362934
798.096776062
794.137003861
797.551498069
798.118486486
797.795841699
796.999942085
797.674420849
798.666644788
797.947158301
799.55823166
918.844023077
795.855401544
801.337826255
801.89465251
800.491498069
800.482733591
797.332135135
803.322984556
801.992108108
797.194127413
794.205891892
797.718316602
794.092694981
799.49119305
798.428413127
797.719772201
797.107687259
798.335818533
798.284212355
794.770787645
922.865034615
798.372486486
801.521471042
805.131244186
802.356795367
802.305741313
802.06996139
800.685239382
798.638583012
801.144679537
802.07034749
798.837181467
797.861969112
798.101911197
798.60607722
798.515864865
798.178498069
801.575776062
797.748065637
812.073212355
923.275988462
794.439714286
797.906945946
798.248625483
797.09969112
797.4936139
793.942432432
797.399540541
797.899335907
797.878019305
794.299227799
797.842586873
797.155745174
800.13569112
813.289378378
798.103679537
798.082482625
797.850586873
797.573254826
803.903586873
919.247042308
795.026648649
797.595957529
798.382992278
797.214150579
794.103397683
797.461142857
797.901737452
798.298490347
797.482683398
798.129830116
812.740637066
796.704301158
800.370718147
797.952289575
797.871305019
793.694833977
793.596826255
793.183459459
795.91184556
919.249876923
795.293135135
798.096544402
800.149567568
800.667826255
797.573525097
798.094583012
796.811965251
798.087057915
799.698756757
796.793332046
801.269783784
797.823220077
798.157629344
794.384023166
797.269841699
800.431123552
793.760899614
794.382745174
802.620389961
922.4014
798.477166023
797.249671815
799.180926641
800.378258687
793.867393822
793.790258687
798.053359073
797.955498069
797.081965251
797.418158301
796.551459459
797.760397683
796.90765251
797.649243243
793.734096525
793.987471042
797.546544402
800.354478764
799.491513514
923.045738462
