458.503878426
436.68974844
438.764537674
440.883779651
438.778390172
438.795459809
438.791786517
438.786706982
442.965800028
454.477263276
456.222324563
456.228322721
456.219844741
457.985527664
457.942113956
456.221126783
454.461477928
456.223639514
454.45578045
310.582494883
456.239827168
454.464488715
456.246342921
452.704124539
454.468584539
457.96468344
454.461370938
456.237297969
456.241212781
454.445656763
456.249013018
454.431810669
454.452421898
456.232845491
454.45063149
454.464380543
456.246657061
456.246363627
452.591825132
310.586092329
456.228359834
456.215551904
456.241741702
456.237846987
457.961114016
456.209314831
457.970455469
456.242077558
456.228052532
457.962962419
457.97200226
454.497312267
454.512331054
456.205347676
456.230106469
456.247950172
456.241295129
457.958723851
454.451742672
315.3867076
457.965106703
456.242364804
456.250943127
456.21711491
456.222519565
456.233012573
457.968158042
458.015906163
457.99306955
457.975512763
456.29093865
456.249550826
456.23409125
458.009782868
454.456541755
456.24353697
456.229063864
454.463049436
454.45115705
310.587749621
457.96012214
456.242139102
452.685988308
450.840377367
456.226673542
456.239724887
454.471283378
454.456723502
457.950556143
457.962384272
456.226722304
454.527375988
454.445369715
454.512454401
452.679814846
454.494214031
456.240762786
456.233036251
452.639696026
305.708966157
461.314178695
458.027508217
456.238641405
457.96187451
457.979549549
457.952367294
456.219942959
457.971506981
457.964839373
457.99344058
454.50705353
457.953683536
454.447647678
454.518653156
454.516913023
456.229380248
454.499345427
456.218044312
452.716302107
310.648763407
456.225639705
456.241033684
456.219966661
457.957064186
457.951577457
457.966150498
454.459493337
454.457837306
456.235154296
456.226414967
456.225647775
456.231541315
452.691134779
454.453599976
456.24085708
456.239160017
454.462024679
456.235482744
454.455455942
315.384701367
457.994727804
457.978602369
456.220428505
456.233408597
456.224068611
456.235846012
456.231251454
456.25964199
456.251300531
456.207165165
456.22815957
456.229604992
456.226723484
456.217732385
456.232587082
457.965243737
454.45993463
456.211684232
454.456731398
315.403315527
456.25645444
456.231802664
456.234371856
457.926200046
456.228905735
457.991316123
457.983817996
456.224799657
454.464094627
454.439168253
456.228099581
456.226523398
456.225421074
456.237338058
456.236338474
456.230931032
456.238409275
456.225142556
454.445076484
310.578233911
457.983952934
454.490478093
456.259884304
456.253802178
456.285475107
456.248955951
456.248362293
454.4630717
454.463091699
456.248239169
456.228651346
457.959407323
454.494944008
454.460745642
454.450418556
456.232111805
456.250915243
456.223882965
452.695651336
310.588589709
448.890589821
456.258572347
456.237553154
457.932398219
457.982519145
457.96310307
456.225442575
454.444164856
457.988358719
457.974905601
457.963306572
457.990112983
457.952680498
456.200853667
454.45344662
456.23075887
456.236288763
456.218914667
456.237711164
315.40326442
456.250103274
454.464609377
454.468299275
456.235687831
457.949387025
457.996402636
457.953941626
456.237583202
457.973366518
456.255349356
454.457392951
456.23867368
454.461695093
456.246241639
457.970993841
456.242850901
456.239399966
456.235207787
454.462742405
315.397212189
456.244387004
456.236631833
454.454656839
456.242987905
456.236225371
456.234185726
456.233463016
454.461977883
454.486831474
454.452347923
457.958222612
456.241030547
456.247946833
456.250674876
457.967255841
456.237354315
456.248528339
457.972241547
452.641182323
310.58474243
457.950029495
456.251507537
456.232407849
454.465851209
454.447301101
457.975734666
456.225534237
454.442131408
456.226448446
456.2500704
457.961808868
456.216467442
456.246668428
456.231934693
454.451287223
454.47569806
456.221756585
454.468430681
452.688679433
315.390939669
456.265114003
454.459950357
456.246564788
456.253647534
456.251306846
454.517678422
456.237878136
456.239348988
456.230350316
454.459538207
456.239146669
456.25261953
456.223256956
456.249264547
457.979602928
456.241550937
456.233486469
456.254552458
446.985674519
315.408566199
457.978120325
457.97355849
454.534107992
457.961279093
454.448647082
454.454200089
454.4688938
454.523224745
454.460372931
454.463241778
456.215933169
454.441366174
456.23612356
457.962776821
457.959422588
456.222597791
456.2261311
454.438738447
448.877986286
315.389595997
456.246482999
456.233111414
456.238222898
456.249595201
457.977135532
456.222264598
456.252663098
456.214565166
456.236121281
457.968464806
457.993422024
457.96771489
456.251075406
456.235397126
458.0189573
457.964648121
456.264610819
456.232248481
454.458690512
315.403503758
456.240934948
454.451339581
454.471882085
454.451716834
454.451453562
456.228798128
457.968381237
456.251709102
456.264592576
456.243312317
454.427905839
456.228323074
456.242713992
456.226689377
456.216768787
456.207811955
459.662690888
456.243374738
446.939441243
315.397978277
456.241191838
456.217620209
456.240947854
456.230211039
457.972108205
457.992942761
456.245865804
456.252708426
456.243073316
457.961490035
454.497348655
454.459226797
452.683515201
456.241487245
456.250194163
454.470460028
454.468089222
457.969720265
457.978495061
315.405654344
457.961131618
456.24050184
456.226544887
457.956308893
458.003988232
457.976238468
456.247277322
456.209278279
456.257567819
454.456241981
454.501915499
454.505810341
456.26973836
454.509145023
456.209150122
456.243111266
456.233622525
456.218717405
454.42502426
310.640329833
457.969383911
456.265773831
456.209663903
456.254367091
456.23815328
456.225563494
456.228473464
454.496332792
457.974472699
456.239281711
454.462231664
456.230462501
456.213754266
456.227150532
456.209688161
456.253551946
454.447020197
456.244995974
457.967811881
315.381580199
454.50355247
454.464639172
452.650167804
456.224427256
454.459423428
454.472544659
454.460429613
454.487486021
454.515227349
454.552975361
456.242545266
454.466068057
454.469907517
454.457926076
456.261737635
456.2598474
452.702777417
452.670882327
454.461680034
310.598051668
456.24966448
454.494148717
456.253108921
456.238306167
456.279273441
454.456247478
456.254078461
454.472245947
456.220111977
456.25526222
456.228135596
454.455897975
454.454396627
454.472180717
456.219262761
456.222118717
456.247464051
456.229102491
446.938508712
315.399842583
454.463195157
454.51204579
456.227428432
456.230232664
454.512860325
454.443034051
454.472799255
456.231501983
456.223670061
456.218926618
456.226750446
454.460101487
456.243389604
456.211967289
456.240801258
456.221013282
456.253465404
456.230715486
454.45256735
315.406357798
457.965936078
456.257826174
457.976356626
456.235609313
454.468720317
456.242241457
456.227592412
456.239211102
456.239663153
454.462313668
456.24033121
456.250714717
454.465537194
448.902901552
456.256383656
454.473387652
456.246697985
456.267993128
454.458318152
315.399518684
456.247332201
454.478476429
454.44607008
454.44972778
456.235412498
456.238333792
454.463156671
454.448405329
456.229893679
457.985785027
454.467946987
454.455642172
456.236388364
454.457697063
454.444954592
456.227318424
454.463996114
456.241088486
452.62603329
305.627935021
459.659213361
456.226531525
456.227432961
457.952278332
456.231835543
456.247342973
454.513671178
456.233757654
457.956885207
456.21803068
456.245785471
456.22349481
454.467505099
456.233000151
456.250965335
454.499514785
456.232107289
456.235274489
446.920366704
305.645474653
456.255553902
454.472802223
454.467261931
454.452043636
456.295030131
457.950551726
456.22980226
456.241862888
454.5119394
456.253542527
456.259756822
456.228346789
456.228477056
454.472761218
454.477438796
456.252717461
457.986253363
454.484853136
452.711587749
305.642289405
456.2427973
454.497207344
456.230156675
456.259486562
456.247242773
457.961275304
452.639336062
454.47783787
454.475408006
454.448020895
454.461977531
456.222683438
456.2623885
456.237621114
448.908315919
454.448594885
456.233185468
456.232025522
448.912375854
305.658688654
456.244419093
454.441940865
457.970648286
457.949057642
456.231033892
456.232953757
456.280309601
456.205521891
456.239063045
456.216643035
457.971964504
456.208313203
456.239091807
456.224864231
456.22981666
456.233834408
457.960799361
456.210232479
454.448038175
305.64897076
456.257363424
454.484606548
448.91809904
456.226181307
454.462590715
454.458185341
456.225378522
458.000423288
457.976555915
456.232327471
452.689321728
456.230083292
456.24324596
456.238681688
456.248985231
456.230141765
456.231736898
454.478106795
446.959757307
300.646287368
456.215180756
454.468104481
456.235890132
456.25280692
456.245237109
456.256571869
456.246397928
457.9538224
456.245442776
457.966100953
456.241277914
456.239726082
456.212317459
456.230777686
456.210809456
456.227598262
454.466816588
456.226807988
454.449336494
310.579056576
456.246624327
454.466037117
454.451499737
454.455636901
456.218241668
456.250741292
456.230052575
454.437236761
456.224399952
456.243312427
456.233474937
456.235939944
454.508946064
454.452903663
456.224826918
456.231861785
456.234740741
454.425632367
446.921455653
305.640872354
457.965141314
456.25891496
456.2333566
456.267077006
457.969509393
456.22204842
456.242048987
454.465785061
456.257245738
456.285027743
456.228820814
456.248101166
454.458311958
456.22337729
454.466249549
456.253288844
456.252060719
456.260779258
456.255780207
305.638586254
456.230049958
456.258937162
456.233362445
454.458064643
454.476203175
454.488689106
454.473008545
454.450380522
456.231592891
456.245547293
448.881978295
454.455615798
456.218812581
454.459884237
454.44323179
452.650277716
456.273338312
456.229172136
446.944481782
305.629777733
456.284343297
456.228159969
456.236256119
454.508810236
456.228579738
456.263489977
456.224673086
456.242593183
456.247699294
454.438960016
456.257065316
456.247010124
456.230443647
456.230029519
456.286056213
456.238770469
456.237323183
456.253984522
452.687753478
310.588143806
457.974059439
450.812462047
456.210453582
454.469767603
456.216661067
454.446815225
452.64427701
456.227440772
454.454346995
456.235341175
454.459315686
454.457646574
452.653995136
452.637127824
454.462759501
454.461002295
454.449054106
456.252409221
454.428907481
305.635211236
457.957663955
454.462687018
456.219951982
456.231503645
456.243327614
456.231574361
456.242005858
456.24097798
456.244543177
454.465938936
456.239808485
456.238626316
456.233855962
456.232693841
457.992753137
456.226945864
454.450411109
454.456212807
452.691151825
305.641875711
456.231626908
456.23881407
452.63615246
456.230936597
456.238083987
454.478342717
456.25135995
454.456716679
456.247143056
456.262480285
456.238386077
454.514915759
454.470062008
454.461920507
456.234357535
456.250787013
456.24342792
456.271835265
454.462124003
310.60177264
457.952251743
457.959041798
456.239751053
457.972529654
456.201390341
456.216015725
456.227913847
456.234726806
454.464428743
454.458785218
456.223734294
456.222530225
456.235101185
456.231294554
454.445884401
456.239146888
454.452319015
454.450872919
454.433257614
310.554093194
456.228860182
456.248106638
454.469725965
454.458686312
454.468772945
456.240277917
456.277050937
456.245239323
454.532368671
454.483050375
456.237569885
456.208368251
456.227370288
454.464088035
456.242689895
456.245201996
456.240635529
456.218586186
454.441433508
310.586999347
456.279582458
454.466181963
454.521007222
456.229102432
456.233236392
456.217129698
456.218348673
457.958430787
456.245474643
456.233319255
457.920678449
456.243764389
456.248958824
456.233099496
456.233478886
456.231471927
456.237988473
456.234128528
454.44421026
310.593789931
456.241989847
454.469579927
456.219793775
456.274708661
458.012249022
457.981308062
454.496823162
456.262616728
456.217222009
454.503082664
456.251128867
456.23745591
454.459595175
456.243903713
456.251081803
456.220012901
454.450476871
454.467075107
467.574721758
305.706429868
456.248656859
454.468309415
456.198994271
456.236032899
456.219047448
454.466690921
456.232698591
456.237583209
454.448948356
456.243340554
458.020758481
457.958059422
457.976713758
456.225228457
456.226849794
456.221043828
456.231065614
456.226442656
454.449633069
310.577720539
456.215130481
454.469640474
456.229744875
456.245923931
456.220821375
456.216585734
456.242466169
456.240432579
456.231807771
454.527061127
454.453863367
457.980673463
457.970832193
456.239012967
456.217010134
452.686792512
457.95739977
457.940707917
454.451717423
310.576859781
457.964151545
456.226784471
454.482580804
456.2343631
456.228444635
456.22080118
457.985278969
456.231169439
454.459508918
456.248267462
454.461044415
454.469796488
456.225330584
456.221081865
456.21770017
456.243167084
456.254554912
456.229897771
448.895897635
315.388760773
456.224524342
454.45172056
454.435124718
456.239719329
456.217634422
456.211840361
452.656487412
454.455781292
456.220328304
456.225796148
454.439353853
454.446475204
454.468174416
454.463877114
456.243912907
456.213750551
454.479891843
454.459495281
452.630469799
305.69576682
457.976939071
457.977390763
457.974376693
457.97932404
457.991444174
456.244002783
456.188170139
456.285013291
454.456381143
457.98677354
457.941602053
457.994112922
456.226486282
454.441927247
456.216042792
457.972700012
456.25124547
456.238498947
450.785368154
315.375852907
454.458758327
456.234686543
454.469806836
456.237480385
456.261813592
454.487819489
454.477609642
457.976678307
454.48811924
456.250573755
456.245201427
456.282381864
454.47857629
454.467629258
456.239215845
454.454555634
454.451129375
456.231788649
452.649526435
310.58906588
454.467928123
456.23856787
456.211327428
454.477089563
454.492058389
454.465419013
454.462544981
456.239741332
454.453790954
456.264050216
456.23816822
454.466079126
454.47187093
456.227174273
457.979407408
457.983484094
454.460182117
454.45822357
456.245289639
315.403304003
456.24638804
456.222921988
456.234414199
456.263735811
454.463517772
448.917520864
454.465685116
454.455836863
456.235966535
456.241223611
452.657504476
456.240157077
454.478897672
456.234503324
456.289290578
454.465855257
448.935830685
456.244667592
456.245632089
315.416283981
457.971658851
459.673248613
454.462426393
456.220816517
456.250845814
456.22112119
456.217903486
456.274078358
456.223837888
456.209062526
456.234272317
456.230095865
456.233744646
456.22704979
457.933374906
457.949998117
456.22146538
456.200701625
454.437852316
315.374624607
457.97636166
456.241930089
456.258296591
457.988408442
457.979397915
454.499060452
457.97814032
457.953356893
457.964430944
457.940888261
457.936254071
457.970558476
456.230246294
456.227683741
456.240228598
456.184408602
457.96269834
457.965134375
454.45124867
315.39510106
456.229923012
456.239076593
454.508880888
456.222440246
456.300549673
454.509210795
456.231854424
456.227207003
456.21936069
456.233173626
456.255429848
456.273299435
457.955561045
456.225217704
456.264158984
456.210529967
456.241047994
457.9668822
454.441201801
315.394548424
456.260901399
454.468362429
456.258582417
456.23700762
456.236417401
454.459440143
454.464561232
456.231697
454.50939695
456.247955343
456.245922141
456.25596851
454.455399926
456.244801979
452.644718798
454.539397464
456.237497288
454.519997447
456.23370242
310.610661226
457.983189073
456.231198245
456.2461712
456.23610884
457.966023062
454.457530044
456.244508897
456.2375908
457.95545604
456.288351057
457.971378753
456.271529713
456.244965835
457.978779348
456.224218412
456.279527761
456.235590448
454.522415312
454.457706195
315.393782318
457.986016381
456.235233893
457.965502917
456.223443868
457.945072513
456.245080893
456.213894175
457.984911942
457.966289188
457.980025434
448.903019324
456.252387795
456.235647061
456.22369864
456.216711535
456.253356963
456.248066066
456.220336938
454.460605101
315.390660566
459.666536724
456.264379464
456.204217652
457.976247399
456.269602962
456.239346564
456.221482335
456.248474029
456.240026422
456.262251476
456.248966459
456.263000071
457.970588025
456.237308666
458.002130196
457.961563956
456.250054377
454.459728823
454.460238488
315.396227647
456.248546987
456.235145147
456.229129589
456.286358269
456.256839801
456.226657021
456.241790826
457.983272312
456.248319376
456.234315135
457.948851322
456.222046115
454.50506213
457.961548504
456.222342766
457.969517003
457.989116111
457.976531778
446.935539228
315.384997134
457.982001302
456.271510464
456.229259575
454.515016018
457.966682753
456.23032993
456.238784135
457.990894723
456.23620816
456.231157778
456.278933785
454.506874405
454.530526143
454.491947857
456.280763578
454.496891059
454.533107688
454.492526172
446.983158772
310.651691019
456.243748721
442.964695233
445.001555781
454.466799242
454.44239201
454.472052386
456.226539468
456.260521911
456.264516289
456.220055519
454.457040797
456.209020173
456.231585556
448.905441297
454.465329348
456.229511696
456.242694626
456.232099806
446.933375555
310.574421119
456.240292582
456.251839047
456.233108451
456.258775661
456.23708627
456.249828847
457.939987585
456.227637267
454.477364996
456.247707142
456.249249125
456.232165421
456.265534929
457.968236412
454.467160506
454.509544821
448.893915341
450.788202558
446.945844716
315.396699258
457.959463977
456.242193342
456.277424508
456.221314459
456.230546072
456.213914033
456.237765926
457.992266975
457.959847302
457.985681887
457.954865505
458.005139368
456.267521666
456.219262849
457.974691902
456.227032995
456.245519974
454.445787379
454.468573638
315.390207753
456.236287329
456.249536733
454.4937288
456.255900167
456.231452297
456.240402757
456.239940626
454.460849799
454.4528176
454.470883878
456.236619382
456.225272508
456.220414547
454.49622448
456.213635212
456.247294453
457.987395099
457.9654639
454.443390149
310.587397178
457.969179396
456.293347917
457.964143103
456.250128608
456.19480472
456.237415213
457.941262253
456.242706957
456.226887921
459.655296156
456.236921266
456.253264793
456.245859126
456.227294265
456.236088502
456.230786848
459.667059871
456.231281679
454.452860173
315.39014625
457.951064644
456.230202114
456.225537772
456.219553153
457.961937312
457.985421217
456.236246712
457.995543519
456.217501354
456.234289643
456.226399581
456.228223517
456.222109721
456.215712859
456.23334152
454.458719093
457.980332127
457.970507597
454.449991733
315.404886422
456.227172956
456.229700469
456.224235118
456.234746445
456.237737245
456.234237181
456.227695342
456.241327177
454.464489301
456.240452066
456.245199211
454.460748809
457.964017864
457.97834439
456.240801784
456.2240485
456.221084696
456.250773692
456.198901179
310.638084207
457.956014477
457.951328757
454.502454785
457.969575931
456.232582956
456.253613515
456.22248518
456.227077021
457.975425527
456.241270961
459.67441742
456.222562911
454.464156589
456.241440728
452.707085645
454.51373499
456.217552856
456.234487031
456.215061386
315.394266545
457.992605468
456.242908139
456.226416047
454.45963173
456.266030021
456.238225379
458.012513854
457.985082341
456.257563801
456.23673287
457.97795205
456.252280901
456.252402802
456.248386997
456.21594794
456.250861628
456.229490306
456.247092796
454.444224343
315.405660284
457.977542599
456.233857154
456.249647967
454.456677164
456.22963378
457.983118801
456.242752932
456.223732999
456.230315506
456.263855051
457.969099137
456.205957336
452.676574533
450.779256407
456.251466246
454.50039919
454.409127729
456.236836252
454.471779301
315.412329498
456.241706412
456.231990272
454.443853541
456.245244626
456.231602954
457.96694225
457.96899831
456.235213217
457.954471551
456.247315509
456.206776924
456.236827375
454.455720327
456.237180199
454.496755247
456.214685399
457.969636094
456.220807914
454.444456268
315.395932364
457.966342083
456.251065838
456.238126337
456.229751145
456.235648324
457.969412071
456.268668008
456.208197229
456.23542202
456.216533693
456.241315419
456.259036261
452.630571394
456.223782715
457.987113587
454.469104136
456.255518339
456.227221792
452.64671484
310.654539001
457.954363927
456.241988415
456.22972879
456.227184951
457.950277897
456.23207964
457.951988107
456.203505952
454.445018436
456.234773864
457.951100803
457.926313835
456.201425326
456.220147784
456.205489307
456.229490643
456.227308336
456.221778178
446.924157444
315.369786387
452.640618663
456.238529479
456.247605863
456.230337457
456.243923282
456.246208608
456.231052971
456.215357186
454.436776622
456.221755229
457.963765397
456.235555482
456.231316756
456.236527674
456.227488517
456.226767413
456.227833585
456.275536332
452.675712578
315.409806151
456.232496659
456.228531912
456.223482548
456.225339091
456.232982782
454.449960215
456.223609087
456.227345401
456.25868153
456.2383902
456.248354826
456.24286301
456.225998132
456.234574314
456.220304779
456.276050758
456.233595986
456.225821308
454.430923452
315.392002957
452.687408788
454.499926139
454.493176254
454.486206404
456.269442134
452.677299304
454.485195889
454.478317512
454.491402608
452.696390494
456.213049795
457.942107623
454.441252491
456.22547658
454.469752195
452.699795308
456.221427235
456.222360222
452.644730046
310.579220418
454.454542587
452.632543468
456.239630156
454.488655363
452.673962602
452.698142228
454.459817258
456.237519366
456.243076881
454.506021839
454.409097716
454.460081957
456.232642464
454.439303413
454.490968647
456.233418386
454.462717303
452.644720841
446.93670178
305.63999647
457.96758052
456.250423604
456.215408218
456.232553588
456.289750815
456.250297652
456.244208947
456.242870441
456.218036942
456.241274258
448.910708573
454.464479144
454.468388734
456.246862072
454.464681233
456.249548313
456.242566787
456.256515518
456.232729942
310.601701205
456.2419105
456.237451696
456.235232681
454.485589602
459.681353282
454.491848082
456.250710772
456.238979116
456.249063193
457.969845504
454.520570633
456.207681887
456.225421625
454.504910917
454.463937796
456.242618567
456.232618565
456.243392814
452.644855209
310.59177416
456.230722388
456.228572079
456.250833456
456.235980292
456.2224072
456.231396101
456.266176836
456.224257336
456.250201133
456.238666362
456.251843648
456.225738303
454.460671422
456.220575655
454.471777039
454.45667233
456.231607381
456.245262947
446.951249217
310.572933313
457.990753471
456.212758994
456.260234451
457.973715683
454.464196717
456.199047791
456.251671311
456.258845841
454.548379978
456.228429544
457.989448338
456.230564734
457.963375912
456.233048988
454.436905521
456.235473097
454.439642289
454.466916131
452.636668274
315.385745703
457.946240147
456.234925243
454.462715289
454.475851438
456.269299962
456.228008587
456.238459007
456.229660853
456.23211949
456.232224211
456.267349183
456.234755974
456.24558417
456.244935906
456.265722342
456.238650434
456.23304316
456.236266417
454.433853925
310.583248857
456.228472989
454.466699484
454.459257422
454.466340901
456.23581855
456.239148562
456.223921395
454.491730341
456.236511105
456.21656407
457.955561209
457.961129792
456.245979036
456.233356066
454.471737122
456.25384666
456.225207402
456.246659564
454.447381311
305.648894714
457.992912666
456.265100004
454.460747103
458.001894075
456.235886411
456.245380869
454.457446299
454.466629209
454.465055678
456.238381641
454.525548949
456.233164225
454.474354898
456.232211847
456.208210089
456.236018723
456.237026554
456.241339257
456.220647406
310.570585261
457.993617996
456.219868586
456.246484232
457.984377104
456.239666241
456.223551759
456.251059294
456.239680111
457.947478632
456.242519159
456.255158874
456.249111488
454.468681225
454.472149147
457.978087341
456.240926514
456.24998487
457.960837683
454.470310744
310.587123239
457.967991123
456.242198224
457.966777352
457.98244744
456.237224892
456.24767657
457.961392373
457.961043367
456.253558639
456.240114348
454.453343291
454.469176126
456.213330499
456.22495818
456.237262827
456.259029892
456.247396541
454.451076784
452.628205341
310.579847723
457.947999207
456.237271853
454.46579707
457.976543012
456.224766486
457.973676332
456.250124146
456.250307391
454.462580286
456.254840124
456.201958175
456.219877023
454.465594489
456.221764785
456.250157824
456.226820055
456.236272538
456.231656125
452.630140696
305.629828073
456.237823329
454.462802945
456.238858464
456.261319612
456.231841434
456.225026956
456.231796678
456.243875155
456.242525254
456.233304116
456.23294894
456.225577664
456.250066781
456.248512068
456.239188137
456.240071794
456.218765905
456.233124766
446.937346608
310.595641509
456.244998129
454.484015486
454.507013107
454.993110047
457.983813044
454.481371134
456.217097706
456.219096509
454.46820569
454.459993645
452.689928571
452.645249785
456.24064131
454.447894265
459.663705103
454.451936112
452.653580308
454.464368563
452.637740852
305.63401034
456.250195064
454.454907146
456.25094277
454.457138163
457.991213838
457.973397304
457.976487255
457.951164263
456.238847343
456.239762662
456.250754803
454.462905423
457.964516535
458.013523352
456.245098773
457.991337545
456.251767593
454.455324563
445.002547156
305.65069614
456.238341852
456.258948183
456.222809777
456.245084297
457.971696882
458.00489458
456.232714702
456.246220969
456.250140343
456.229006761
456.219613498
456.234713463
456.239568547
456.241109774
456.226100985
457.992582287
456.226702979
456.215671018
454.452088977
305.651827941
456.233041573
456.259620126
456.228123169
454.464550503
456.235072948
456.236838002
456.260154879
454.463922259
456.227432729
457.973121795
454.457938845
456.253483986
454.469038115
456.229904033
456.264069665
456.252213663
456.244084438
456.242983943
456.25541415
310.591280193
457.97396077
456.228221785
456.238862356
456.225013255
456.24322355
456.244906748
456.230999577
457.957898906
456.255735989
456.234741569
456.239668233
456.2374294
458.003218243
456.22235201
456.230920922
456.235640856
456.223998257
456.218424307
448.877234057
310.581693119
457.983345715
456.236142824
452.683662589
456.236387632
456.233161467
456.230827864
456.252757347
459.659746908
454.490913621
454.513501025
454.457100734
454.463066408
454.463682634
456.242761153
456.26989833
459.660587109
454.470551511
454.460213922
450.801046967
305.653454597
457.977529459
456.230287456
456.25253506
456.24058868
456.234267403
456.232831498
456.210312205
457.965050428
456.217143241
456.270055019
456.258393141
456.224673606
456.255140085
456.220807161
456.241120794
456.242394305
456.229554819
456.272679302
454.435708456
310.589894757
457.967879928
456.223310481
457.951448128
457.977057708
456.236521928
456.246067798
456.242355759
456.213899448
456.241850171
454.46883139
456.229981459
457.958870075
456.25147066
456.233425308
456.219880873
457.971148814
457.978707736
456.217443712
454.441428863
310.569374146
457.989697703
456.243099711
456.240317103
456.264232199
456.253564081
454.515345155
456.248271793
456.243249892
454.460572846
456.250050695
456.224060656
456.254416246
457.969925885
456.231815015
457.970479493
457.995580552
457.947519281
456.233864747
454.447773549
315.4079908
457.966896008
456.223413862
457.967588573
456.231187573
457.970724968
456.221145394
456.235249196
456.235426387
456.228791352
457.964185267
456.283959325
456.271544771
456.23624351
454.485686618
456.252243319
456.249313567
457.967094383
456.275343299
452.681204375
315.394332814
456.220047049
454.495765358
456.217743804
454.508252161
456.226866877
456.24220636
456.234383726
454.454307404
456.238889482
454.453720879
456.241507589
457.966229859
456.224265847
456.238672037
456.269555927
456.230997316
454.523816693
454.444389839
450.77084478
310.570170435
456.244286546
454.478722104
456.24512488
454.469862241
454.470686679
456.230861727
456.254312849
456.234912764
456.234622451
456.253416299
452.631415399
456.22102485
456.230640846
454.470242951
454.449862658
454.468492943
457.968407934
456.233448633
446.951846653
310.583351023
457.977633329
454.484476078
457.971214393
456.209956095
456.250679937
456.24574266
456.24778338
456.232921514
456.236203525
456.247133942
454.467864934
454.469339151
456.236820673
456.223556241
456.221931836
457.959684549
456.224351107
457.969676154
454.466906827
315.411927291
456.26519484
454.517787756
454.499768554
456.236989073
456.241438787
454.522154265
456.235703848
456.227551105
456.238227957
456.224464533
457.991485179
456.242211873
456.219449008
456.267579528
456.294339094
456.226233002
456.226687272
456.240799076
454.447563071
315.392344842
457.972962448
456.24373703
456.236709341
454.457511171
456.220790154
457.964676924
457.96352836
457.953971403
457.968966303
456.244651892
457.974341566
457.973928015
456.234445036
456.24139347
456.244266293
456.228354099
457.960549426
457.959243013
454.455012362
315.394697064
457.97210762
456.25859828
457.992848169
456.266791868
457.976094857
456.223826037
454.459787954
456.243935687
456.243507903
456.251915829
454.483774972
456.252268931
452.682573805
456.239327734
456.229408589
452.651681652
456.243273042
457.967386139
446.948816582
315.392783648
459.659666969
454.460587466
456.259029025
454.519946562
456.240519985
454.475017304
456.252371778
454.464194239
456.203837445
456.281402346
454.48777055
456.251777107
456.25865781
456.212990623
457.972711228
456.229994475
454.500630113
456.256248277
450.821751952
315.423587638
456.23463523
454.457012767
456.234080659
454.462228576
454.451258905
456.247176246
456.253888066
456.236625526
456.24271817
456.235664181
457.961914694
456.249003957
452.626986734
452.644709347
456.241180941
454.401118735
448.90940148
454.455990035
446.950978042
315.394217544
452.64774695
456.227868646
456.239305274
456.210723075
457.949025303
457.974138041
457.97853929
457.963088455
457.969747606
457.980318551
457.997461945
457.952655896
456.230640967
454.459039966
456.224638318
456.222751124
456.208511385
456.229751801
448.86348817
315.378844874
457.972992177
456.245345511
454.480073335
454.442567975
456.236216864
454.446479352
454.468741634
454.455831019
456.258094867
456.240161738
456.269963394
454.495835096
454.506860133
456.226827861
456.233269881
454.520402387
456.311875965
457.943519784
454.455205839
315.392299223
457.969796576
456.229306728
456.226128989
456.229905364
454.505537675
456.222695412
456.240407185
456.228540813
456.237360931
456.226046133
456.231504972
454.515124263
457.985501487
456.229954446
457.9651656
456.23127947
457.970236054
457.964682068
446.980941681
315.390755155
456.228932758
457.943068678
456.221488278
457.94381232
456.211971182
456.208132771
457.949977363
456.228494355
457.968587471
457.972137969
454.464236958
456.22999485
457.960139173
456.228630373
456.249592818
456.244981039
456.249172057
456.255519057
450.777399851
315.375958591
456.218486533
454.461731354
456.267571817
456.215883447
457.973980605
456.236382318
454.460456386
456.220598821
456.248953994
456.228843828
456.241692333
456.227859964
456.215771471
454.454129538
456.236468103
456.230175746
456.228126409
454.458027568
446.938018434
310.562909969
457.981954374
456.243680203
456.249821543
456.226332173
456.242525508
456.244871763
456.264333407
457.966265416
456.240263092
456.246875524
456.233748977
456.237486119
456.244237811
456.231515243
457.995360786
456.236582049
456.228074735
456.226760904
456.219710683
315.389407021
457.981537085
457.998960842
454.466691152
456.2484816
454.45031836
456.235063247
456.250563234
454.547124226
454.522657102
456.233231975
454.468340427
454.461614502
456.230421856
454.439795873
456.28027542
457.968807255
457.948929627
456.240460747
454.443627629
310.576202208
457.945007415
457.968136855
457.955732899
456.237533808
454.445605035
456.225782415
457.966526125
457.953327689
456.205646621
456.224453139
457.964495082
456.229182031
456.23142703
456.264248794
456.268741857
457.965650572
456.253075389
456.234657482
454.439043422
315.397467102
457.986033938
454.506237119
454.498144008
454.463627602
454.467035015
456.244387628
452.687758462
454.509023567
456.235776994
457.985123609
456.223988327
457.982168565
454.47616177
456.287208556
456.239673456
456.24122143
456.26571193
456.240791126
457.989802138
310.602240529
456.277845703
454.515622294
453.222976321
454.523620219
454.502927736
454.512124509
454.520431061
456.29421919
454.515979666
454.522825599
456.22377479
456.237154248
456.226563359
456.21909687
456.241206389
456.261115816
454.499926457
456.24821785
448.87985282
310.652438551
457.98018605
456.271506389
456.27479077
456.221180963
456.23761792
457.988338901
456.243498626
456.263166859
456.237039564
457.995114593
456.23753895
456.242287984
454.446386322
448.898557584
456.222704079
456.251765589
456.231574292
456.231103872
452.68611582
315.40218495
457.995680114
456.231818915
456.23625378
456.239564685
457.983879308
456.25701407
456.228861237
456.256003254
456.242066479
456.230285304
448.910957906
456.242291039
454.435894294
456.233480553
456.239076039
457.948063369
457.955471319
457.975284707
456.238815014
315.402435649
457.961516653
456.247432548
456.243667772
454.457053601
456.235336047
456.256743492
456.231571103
456.230697512
454.470200506
456.245880542
454.452137516
456.215886898
456.217867615
457.952310245
456.244183788
454.454067739
457.970992296
457.984174682
452.634679765
310.573246575
456.234615677
456.227584189
454.433878415
456.218616617
457.974140979
457.983809531
456.241848348
456.238498873
456.22236192
456.221308852
456.213584926
456.223501301
456.233245165
456.246670573
457.953737177
457.977347963
456.238629202
454.437312146
454.464077219
310.574380088
