77.5334534176
211.843984538
212.781100527
212.219056962
214.072854709
212.965630248
213.968851309
212.516748063
216.704603167
218.71007272
220.354533718
219.84750693
218.056079359
219.536638502
219.986372878
220.723035637
219.759775835
221.642234594
213.680332604
21.5795550835
225.028081151
222.896965555
222.645418384
222.752498901
219.702770602
223.674432545
220.842271824
217.336838084
222.594836423
221.79321017
221.122702058
215.642528584
215.299264453
221.555112628
220.028639444
218.653569002
223.38161527
223.479400686
212.434620076
22.6713798492
223.127666564
221.614660313
221.735834889
222.333618327
219.625849834
221.73803808
225.030350539
221.015901238
218.380979066
221.107372603
223.36467227
222.744713326
221.584266406
218.84659643
219.675684274
222.349989288
221.770793472
223.147362859
215.45402968
22.8225654631
224.5764507
226.110928394
221.891440088
223.347007455
225.951390626
222.165928563
221.632475394
224.061308116
223.808559793
223.793554537
219.988447507
217.321505467
221.383821138
220.667047982
221.927904026
220.001092426
219.971030224
222.223145172
210.632818419
24.0522559973
226.451740663
223.614262239
217.339348661
220.186570829
223.64997241
223.694266309
217.148432714
220.671993287
224.713567889
224.272815806
222.320661681
218.455744619
221.677015087
218.321925327
222.53140666
222.974976715
223.393861792
223.110190964
212.684251627
21.8387746101
225.023762574
224.904852487
222.70665776
223.014948574
224.415723223
224.204028291
223.127595154
222.963177624
222.902068898
224.821452903
222.893335381
220.90273123
220.074062483
220.682036147
221.059148626
221.796134334
220.039172606
221.060437386
211.743881877
23.4691783122
223.167334055
221.946750276
221.884133843
221.359157493
221.646314219
221.653456034
218.383154744
220.91437895
221.003457025
221.311288711
219.671199948
220.056287736
219.323520686
216.823659533
219.82922196
219.988224825
218.836857675
219.118243711
212.788174074
22.1219311581
224.16963519
223.225174453
221.204296481
221.92441307
220.930152214
220.247906636
222.206649673
220.386470321
222.839957084
222.7631075
218.651281189
221.292501491
220.44097077
219.869308064
221.746546953
222.208748408
218.484730592
219.457121758
214.68374442
24.4852416433
225.679439035
223.340672309
224.776024242
224.654312929
224.418373162
224.822671025
224.007576222
225.106670567
220.948504023
217.310107677
222.266035065
223.613611335
222.890825363
221.124879578
222.753407495
223.146649065
222.915928231
223.069105693
212.992646727
22.3374762808
226.45027049
223.021575162
224.251334136
222.136862715
224.086361477
223.628599223
224.37279603
217.753442466
223.66915896
223.717944185
224.57229527
224.291438031
223.05849321
222.144369843
224.30183107
222.846146546
223.836358362
224.434766999
212.459195896
21.0208637736
71.0958279992
220.973271294
221.547850607
222.406174302
221.948206808
220.344051596
221.020803813
214.66119369
222.562033533
221.254171396
222.620922132
223.68022571
222.482407454
222.47356658
211.260766219
222.413434018
222.031498608
221.502394691
222.850367329
21.3966791442
218.501863454
217.70409044
221.583516762
222.201419783
223.00585519
219.536098291
221.555608028
223.998386748
224.025599197
217.939288708
221.64177461
223.186299855
220.830676998
216.452489056
221.095808073
221.608353872
220.899926851
222.731645914
211.296752998
21.9615569543
224.098266437
218.625401708
223.964936625
218.665937297
222.948420102
223.05293526
218.058089327
220.418631813
222.481078542
216.918967177
223.497549001
223.832596046
225.689231325
225.375700364
225.427877431
223.01351167
225.064472498
225.920390287
210.638681699
21.1690828807
227.9476292
227.041771627
225.191514451
225.224655517
211.866026321
226.036044272
225.641169488
223.644627066
225.846498425
219.735473137
224.346213557
224.484869789
222.808151257
223.555124528
223.091150744
216.320339608
219.240748172
222.504585843
215.601777886
23.2261772222
223.661814912
219.315355569
218.720114849
221.139025754
219.09676661
221.47974488
221.326092231
221.238475912
220.350718137
219.640521071
222.086168336
221.938571199
223.195392579
221.613371215
224.953087356
224.619429349
223.317042275
224.235390714
70.5025022212
22.5887058745
223.168454787
221.004620903
222.20598991
219.802629796
215.844168975
222.108947505
219.702682831
221.791440909
220.233820065
214.390674467
220.804520053
218.400367296
221.234140023
221.474702427
220.455217881
219.851486806
220.661347013
218.895189262
71.5670374007
23.0788784983
224.896997035
220.559820024
221.266751888
221.177377588
221.194954158
221.729657599
221.468446697
222.417638893
223.061264524
223.593056139
219.895710526
219.036944012
219.855269108
219.250877816
221.400731595
220.650593687
220.573607329
219.650538861
210.72020189
23.0432096092
213.818188915
212.138118616
222.270616916
224.072071395
218.324312223
221.534828773
224.927297213
221.943730834
222.549749848
222.974407551
217.033112679
219.691925348
220.677160821
221.306080091
222.222909216
222.216103464
223.973133517
222.124509646
71.108866339
22.4223615013
226.831674681
222.029502627
223.028594246
220.690029622
222.738051127
223.290215983
222.704426115
222.709300992
226.866188947
224.342159723
221.219487357
222.869777632
210.863069512
222.501291643
224.226950534
217.811866217
221.884330625
224.40800227
225.011532091
22.3741478904
224.464940491
221.538627674
221.199326677
223.107499101
223.492938884
223.546844817
222.139106344
222.35670642
223.647411367
221.13601017
222.706175977
220.941483404
220.768830539
222.944280128
221.647054087
221.613566531
221.835994346
221.043313967
211.90783731
22.5896388582
222.367759596
221.909384096
221.07811206
221.002163048
222.058312398
219.688371779
221.849833384
222.170328779
222.561131698
221.462267057
221.635112329
221.576464315
221.377762104
221.369684638
221.205643924
221.755562865
214.517991038
223.455836205
223.51192273
21.6560308643
224.308101062
224.52534208
211.931137872
222.873973916
218.451222976
217.619259015
221.168549916
223.98770295
224.150496016
222.769462732
223.417498873
221.821477418
221.217805024
216.693383287
223.383598021
222.543366406
217.500790709
220.437182886
212.621643579
20.6098166241
223.111083714
218.662162375
221.104687564
221.298865079
220.234592907
220.431339353
221.557727609
219.202763769
220.213737762
221.087140526
221.561602501
223.625940271
218.034455431
220.655096616
224.140475273
222.124113284
220.396920739
220.713384079
70.7499746695
21.7677195341
216.08306972
221.67842859
220.441804202
224.372499674
221.429202278
210.887817071
218.63419265
221.138619919
220.581426317
220.819286313
220.864815335
220.451229291
221.276153678
222.28945619
221.838419057
221.557190201
218.150047941
220.820976838
211.326037427
23.3156387165
226.919789413
222.730005099
220.511370617
222.949724764
218.804565402
222.075346812
223.135932046
224.714884342
223.883856965
219.622384297
221.904830716
223.079161531
216.796192998
72.2474460471
220.763028079
216.229675864
220.841835342
224.269361634
210.175991193
20.7162627498
220.133746043
220.673146965
221.946584153
217.007154255
224.840147088
224.884060379
224.024029002
223.317246953
224.242502893
224.822434723
217.696887515
221.100943962
223.678654995
224.70183365
223.844687503
224.207015065
222.978370418
219.224973146
215.136235757
23.9517376597
226.499917707
218.226869036
220.390948808
221.785553592
222.002553721
222.194312005
221.506713969
221.547389113
223.377619248
222.267238633
221.814587348
221.46215435
219.75989611
220.834580955
221.145205967
221.486644063
216.921405356
219.44802655
70.8943506782
20.6235838686
223.17254167
220.423096813
219.163467203
221.684654017
222.906405556
222.435769292
222.186551578
219.754903649
221.215038942
217.687895494
220.574416137
222.000139918
220.483431685
218.555065032
218.972324868
220.542147869
220.988236888
219.816294126
211.631386718
20.2516244157
224.437046702
225.219069668
223.8285206
223.697811378
224.252872075
224.968693884
210.773521328
212.520906375
218.294776891
222.402212091
222.44565182
225.595066707
218.026209683
223.201925226
72.4797620489
223.355984872
222.689937968
218.483549724
73.6602966284
21.051926642
221.333935717
219.185362537
222.845113397
222.457632512
220.272981249
222.935201859
221.337275492
221.307798887
220.551645993
221.62072695
221.564284954
221.363086742
220.85518617
221.270448573
220.118794641
223.591820079
222.289940492
220.732498281
215.963019844
20.5585159815
224.224191555
224.092757785
223.290815521
223.521966903
211.598482799
223.949597258
218.570296268
225.320126234
224.751089532
222.655585842
222.732741612
221.850007861
222.317334384
221.501055738
224.162529148
223.202638514
221.533850712
222.056583707
72.2127889716
19.6237578806
222.326370088
220.225629151
218.487095544
219.141203583
222.34019192
221.893520194
222.493072852
221.170968204
221.300349213
221.650337246
221.232210801
221.586745063
218.730895357
224.04021629
222.227231676
221.57199333
219.94698743
221.265081727
211.5723889
23.8709555232
223.672890973
221.310719143
218.485826463
220.2193806
221.896045592
222.066173071
221.51659451
220.704894392
221.791489222
221.948188195
223.145255023
220.891869205
220.011542972
219.256744546
220.335328114
221.083073229
219.409961555
217.760584466
70.7856499983
20.9911025762
222.121631829
223.002892188
221.734374267
221.259533585
222.897615314
224.869271573
222.415427234
221.39163977
222.994856511
222.55239121
222.913016997
220.666136749
218.312484566
220.053796979
210.81238537
220.708819325
220.424285987
220.056045992
220.639656369
20.5827248167
224.719936441
225.085685954
225.175345288
225.405231679
225.095818786
224.421107975
218.868508547
221.329619623
224.676132483
224.263787415
76.5428530938
213.712866976
221.920020103
221.560476015
216.591517745
219.271949206
216.134979545
221.63350234
73.2498586759
19.6055762802
223.675335764
224.679009555
222.764134183
222.819403586
222.211240008
223.667001302
221.766464271
223.595693989
224.065798351
220.979888874
221.856302012
219.247085524
221.128028113
219.894174574
222.914480546
221.891832197
221.114984519
221.796526903
213.027727044
26.0307210332
222.663730544
76.9813129309
224.512419532
218.437038993
224.14837203
218.041516295
213.51535185
223.21169436
221.908914802
243.276269699
218.763550823
224.000551832
213.880869504
222.655285255
218.511809616
223.148894039
217.42554233
222.46533791
222.338111281
19.1907200582
222.97550571
221.347025556
220.820891499
223.284368508
222.563161609
222.156790002
223.144112738
222.778344343
221.032798792
220.897129912
218.397662312
220.766368813
219.508452219
220.102823153
220.984899513
221.048618763
219.841836857
217.792441889
213.313363085
24.1083571087
225.641544882
224.883162452
210.270249827
221.553938382
224.024717787
223.457111242
223.747288051
221.071808045
221.375995426
223.15475744
223.012753373
223.372490295
220.405997569
217.634016293
221.76496756
224.497016957
222.900822216
223.235073715
211.309223672
23.5068270525
224.923305814
227.044944998
225.451673221
224.574287592
220.153270433
223.524676148
224.455390793
224.540386155
222.459552909
224.154374072
222.637018978
222.328836329
223.392738837
218.665560666
220.478600462
217.190737447
220.858682849
217.602864476
211.100400977
22.2388703131
223.675480534
222.325417171
219.949261951
225.427240102
222.836616392
224.630458591
221.485060968
219.834340126
222.192261225
219.82206209
221.036256922
224.032358219
224.383004046
221.548902927
224.93373198
224.776835956
221.935050207
224.732360628
210.46257236
22.7080887198
224.110385842
221.603111522
223.07115805
221.827768675
220.1110025
222.126631947
222.53578856
223.494383982
223.37342245
223.585983182
221.506677606
220.450850486
222.197383052
223.034981547
221.881119217
217.950486086
220.740886503
220.761449547
211.118851098
22.4008446642
224.544061744
221.713395977
221.588802253
219.804404407
222.086015205
223.255346898
220.683309395
221.762826476
222.814422268
222.002157174
223.363820161
221.781662106
218.405758624
221.608296054
222.684673137
220.913438921
216.926429719
221.067883464
215.46479504
21.919333817
225.676266689
224.913905719
224.901023577
223.363611067
222.144833363
222.491640042
226.914935759
223.59946843
222.364310481
223.498948076
223.196185583
224.199380533
221.63149782
224.488471888
222.547681179
224.840701907
224.063604306
222.192443331
216.304904967
21.8291328586
223.225527003
221.337493193
221.912634988
222.277978852
221.607466579
221.885187345
213.170866352
222.943750185
221.071085432
219.792922449
212.861792399
221.307745326
221.379881983
220.904582896
220.758460693
211.40932901
222.599540831
222.990090016
211.65643564
23.2174743763
223.141507579
222.281830614
222.979728862
220.543764793
221.312241078
221.980525958
222.468887536
223.157196823
219.381588528
222.033113709
219.057437242
219.814349317
221.000216683
222.14753744
217.730046241
220.305077136
220.791374008
218.344446581
71.9710035434
24.5050404563
223.247747454
222.76119785
221.83454676
222.325413434
221.668470739
222.569122119
220.650056724
221.369264073
222.712226447
221.911680628
221.953172532
214.912066706
218.621799467
220.701937807
221.037862909
220.435999428
222.368947782
214.717383661
213.472324455
20.5535296971
223.048252073
223.359169246
221.538211344
220.668529041
222.05008809
221.690058531
219.812829508
220.530748039
210.826013431
220.0539541
219.587892791
219.747048818
219.033598345
216.557739256
219.736602307
219.62449023
218.53843027
219.037450578
73.0316152083
23.5802634984
215.16420035
225.294306322
222.437580454
224.181793268
225.143381972
224.162606371
224.515816542
224.822338733
224.056492236
223.254510575
224.595694592
224.342734165
218.27789547
221.251416129
225.089257478
223.426979873
224.572493281
224.207565934
213.477758784
21.8687132641
215.14536852
222.68676208
222.156182052
222.454647675
217.302115696
217.010809941
221.165616876
217.520085874
222.039954846
223.34514505
223.760743022
223.760856056
223.029068692
223.7841859
223.752733033
223.787674148
213.035395551
220.214085831
216.907010885
22.2931815814
225.884972367
224.178722436
223.435095574
223.695599373
219.140771268
72.0883016729
216.394208284
223.587570878
223.680711016
223.02862682
210.798958344
216.586594463
222.1922192
223.738533849
222.469145462
217.843256298
74.2002297969
223.561809776
223.690502867
23.0176816859
224.642171785
221.885317642
220.4919164
222.128206012
220.652380213
223.455048477
222.896735038
223.369106936
222.30055392
223.21875736
221.116697505
221.112789616
220.269859295
220.695967014
219.507811119
220.76209383
220.789226451
221.153472556
209.902446726
23.1353684925
225.997680245
223.02792141
222.57062044
223.562375303
223.926707081
222.353934623
224.784545925
224.148239957
223.20513938
223.889785882
222.852246525
222.280202492
222.617039581
222.145608862
221.907603131
221.669115195
223.116932287
223.91872035
214.002739443
22.2960583936
222.473940526
221.258924738
220.410849519
221.984627221
221.252345429
221.180422632
219.13234511
221.795233136
218.67924162
222.904554168
221.533928729
225.452702876
225.455513958
223.606866104
224.095933992
223.518279807
222.494214787
219.673899488
212.071436296
21.7258377597
225.303398252
223.526645555
223.06398775
223.817541275
218.517270029
222.560183676
222.070961389
217.881324448
224.372693147
224.244669146
223.34327791
222.900225829
222.686344812
223.2292584
213.281157262
217.735373111
219.962457886
223.174396273
223.08331916
21.0219449136
223.775927875
222.613365876
224.769654423
224.556156836
221.743829166
218.089025262
223.732586569
225.24296908
222.24708545
219.018207734
219.097730095
225.325080859
221.577345342
223.500170941
223.456472777
224.57751227
223.507771125
223.611191145
211.229954857
21.9738915226
225.086957451
223.011813
223.387362379
222.322107705
221.984685449
223.898219134
221.989672392
222.856952213
223.487766141
224.605346462
72.4621097595
216.738193268
220.113855679
220.143677452
220.802711035
221.906637311
221.3297388
219.495110999
211.229626497
21.5847711508
225.91543858
221.572491817
220.914759969
222.654775045
222.960813849
221.850241584
221.707937912
221.892593665
219.777335222
223.164143311
223.550101071
222.848282784
221.711120792
221.587371764
222.245926135
223.226454187
220.873568601
219.709822202
214.001510953
22.386093674
222.856728077
221.669980131
222.245841796
224.096324368
221.882685833
222.467086985
222.065355326
223.272738735
222.239320648
221.562587505
222.037432142
223.49649791
222.193958355
219.937854843
221.99599753
222.534043283
221.83657444
222.48532282
70.456091556
23.3010966273
223.571175128
222.574107779
221.68176122
221.513599787
223.527870999
224.037071713
222.697547234
223.454545454
221.176832914
223.857914285
221.757579488
220.560031228
221.938658064
218.15581054
222.214111587
221.918944567
221.484469448
220.626610902
70.8840603096
21.8044404449
222.672563799
218.219779363
215.13044792
223.545439088
222.880113295
216.000872677
223.579949475
223.587808523
223.559628378
221.21536561
223.860545046
224.14737826
218.24751709
75.4141389317
222.597014397
218.617015123
223.84270054
223.254041994
71.8940371062
20.5042527175
225.773707676
224.863418493
225.33531829
221.436783399
222.480895139
218.844266637
224.417608043
225.133387141
218.981216096
224.405886381
223.251793917
218.544825662
222.997574485
222.921352789
221.269114234
222.849907624
71.3693890832
73.7856510996
71.3695523688
23.8862305166
223.766045565
221.806457736
222.496715925
219.982461786
219.031044531
221.506643465
221.837852705
223.782701222
221.602525829
220.973919291
220.417397092
221.535411544
223.223367883
220.30351615
221.331458114
221.591308504
221.413425369
217.847893393
212.096074433
21.1430874117
225.547572315
224.878316102
222.715237497
219.837178879
224.785746771
224.591380619
217.756727215
222.074590182
222.152221364
216.699921035
222.405685727
221.87687354
220.53344539
219.110882935
222.372857762
223.224067736
223.024906424
222.421222801
213.116052204
21.4052179705
224.614442599
222.535621689
222.740725598
222.75251686
222.67549402
221.94779784
219.331149598
222.49681073
221.840298377
219.166653772
221.733947609
222.827992162
222.022394899
221.166954794
222.477894145
220.386514873
223.214244027
221.519721036
212.009768921
22.2365333079
223.445517612
223.065945814
218.748129582
223.202071503
225.411888811
224.102289944
219.901113701
222.997833852
223.95909511
225.636616688
224.92433847
224.851687584
224.283280658
225.269748449
223.303434341
223.658138669
223.367229495
226.04397156
211.864697277
21.3834586059
223.596391616
222.461712727
222.032812463
222.769758755
223.814109911
223.856007728
221.858105861
221.677079457
215.445688305
219.483561314
221.511196535
220.576435693
220.990596796
222.315517844
222.32784662
219.453372776
220.700415177
220.826108611
213.781462117
22.3510077046
224.80600328
224.405977545
221.558884219
221.605958039
223.190750351
223.261306897
221.329323178
223.508654819
222.650742731
222.013411199
220.611952366
221.437547627
219.122390712
220.686719228
212.804555758
221.870251872
221.23064459
222.847710331
221.559748389
22.2492082734
226.666616199
225.069403592
223.831035323
223.121766246
225.536758354
223.849059932
224.54795898
225.007240312
224.048471009
224.490140144
221.645637738
223.415821058
224.206191944
223.17743628
224.190575338
217.768126864
223.86971613
223.821645
210.756981732
21.2396101205
227.052396628
222.772692656
226.058113326
225.022881661
226.025301091
225.781014366
224.7140651
224.445573598
223.309428554
225.867622438
224.599155972
223.413178774
211.380007725
75.5395273562
218.269834751
221.61273575
219.634003706
223.735905519
223.355321972
21.6892895179
222.274952312
221.970056915
211.321764869
222.669023592
223.336885107
222.885258099
222.383794892
222.960692242
222.747546006
220.545594748
221.632000188
222.356661565
218.996643879
221.291140299
221.638608466
224.323200486
222.078249861
221.534106798
211.718118344
22.4738494509
224.177149503
226.254985445
223.499837352
219.28998856
223.494609176
224.416447014
225.240515127
224.640910964
219.512688064
223.467271022
221.274576043
221.213821182
210.484708216
224.300447171
225.369259114
211.185420224
224.547650701
223.740800789
211.60245258
22.4275061853
225.198164225
223.650581909
223.226679171
223.891827765
221.656426146
222.949301318
224.501695803
224.123750531
220.325291931
223.978121643
220.175443788
219.934849423
223.530590249
223.184451859
218.595586177
219.649671431
218.987929341
221.295837116
71.4358171697
23.1256960418
74.4569920729
216.016083628
221.353813297
222.159888771
221.740476746
220.997115922
222.455750561
220.964676145
220.317380299
219.900462146
222.956231986
223.842276489
223.576549716
223.186970671
223.048920394
222.126995322
223.926497332
223.746883527
214.95218432
22.3381666916
224.171107952
220.535521025
222.055100951
222.889668102
222.160132825
220.004867709
222.643469721
221.909933811
224.005504206
223.128280077
217.036766673
219.030871913
220.779806935
221.020082189
223.164115452
219.312081158
222.066348223
218.898328555
214.742239307
23.3953099985
214.396735098
224.572025563
219.402623862
222.408464287
222.353161181
225.214805083
224.6337884
224.368121617
224.49586987
212.618544789
224.600786626
224.581262619
222.82210083
223.085017621
221.921604405
224.017864033
224.08749217
222.041482355
212.618338017
22.2591598652
226.47808701
219.42377159
223.376422778
223.977388473
224.24109944
222.775459381
223.774253543
224.412256124
225.439769285
224.702916267
222.124173462
222.307953558
221.485430791
221.217691362
221.421992889
222.435816471
220.200193362
220.713572616
72.5672590454
25.5337509335
224.558076689
222.918929357
221.985091049
220.616018482
222.503610232
223.446917791
223.103792675
222.718368282
220.554350676
222.804301343
71.256831015
217.52411486
219.193822504
221.945291567
216.682379348
222.173430956
223.802018268
224.571828323
221.943593062
22.1347602027
224.894586715
225.622282059
225.348911052
222.876739628
223.299107768
222.660516226
223.751981785
220.119727507
224.082331392
225.168683768
221.987527627
223.558567553
222.331555436
221.358385312
221.522567669
222.066698269
222.868537042
221.737541906
211.925458965
20.7867067033
226.073306189
220.294103569
223.74627925
222.876841562
221.65410628
221.695198354
221.617291173
221.064435002
223.282530642
223.052136204
222.528004577
222.541828313
221.191158349
222.003245252
222.065663767
218.983588122
221.631123336
222.496633577
70.3801650532
22.1035059318
228.255218854
224.064407085
226.819451067
226.490269596
225.271073507
224.614355815
226.386439205
226.476952545
224.529933795
225.75528987
225.867849452
222.896920947
225.246907429
223.976817121
223.944746773
222.273281573
221.859960815
218.741175365
211.55475591
22.7141479599
225.337048689
222.501363714
218.320098011
221.186661685
222.526936568
221.66666876
223.143370919
223.839540226
222.302755781
223.297176159
222.258480337
220.999514945
221.064389213
220.610477393
221.595815312
222.264378938
221.684325298
222.972327467
213.36950329
23.3871549631
224.264366928
220.428533391
211.356222459
212.879392882
222.681123767
221.822073152
224.718160806
223.995033309
223.507534373
221.578233994
225.857384571
225.193932712
223.382877571
222.258651804
220.320622236
223.718061212
220.05972357
222.527302776
211.982282453
20.5056686051
223.859200986
219.098076038
211.724944433
222.974293008
223.443145127
221.127866665
221.212657068
215.464361852
218.856113403
220.605356245
223.200994615
223.739201988
211.140734329
223.524074718
222.869482963
221.403059022
220.864969909
223.036396174
224.12094988
26.4553657544
226.092757059
221.861142117
223.446525048
223.335526085
223.075911275
222.75804537
224.848688793
222.677747813
223.56486429
223.091731533
223.238758006
221.734579902
218.50579884
222.224983378
224.782387975
221.156341396
221.513886284
222.123751695
213.044569039
28.2574746936
225.166520736
221.896809753
224.020768759
224.364513843
221.326284788
221.046085769
222.915843331
223.753577764
222.699303345
222.689060014
221.646218401
218.544615153
220.288171291
221.032828377
220.747322357
222.716176026
220.817907809
221.66906178
210.696029977
35.5751243883
224.484100096
223.185024344
218.04895333
223.285492452
223.834777811
222.983668208
221.023311528
223.497880751
222.775197358
221.117838459
223.1457664
224.655071159
219.118914207
221.593736967
224.478118401
220.338820654
221.693968708
221.71469937
211.357931947
20.2099391812
222.145319419
221.826637736
223.664792482
223.408119495
222.082408586
222.618895133
223.361219954
223.618057955
222.730286401
222.749569698
222.340761085
222.836729009
221.729981434
221.789248351
222.095624375
221.914229245
220.276622098
222.965305828
70.8003793814
20.5738463666
227.798676618
220.77734729
224.27880896
227.091741912
225.123559311
225.762417427
226.33035243
226.184453337
225.147456306
224.761688658
218.068247346
221.757691647
223.825663661
223.956877198
243.472250264
222.960621737
221.448393497
218.445490491
213.542439031
19.9960827181
223.844266786
219.88568005
222.722356732
223.140492716
224.240634557
224.363176588
226.294519054
222.386590154
222.090056367
224.110628438
220.842014657
218.490024285
221.785645461
220.797579579
222.11640316
222.626747266
220.138553607
218.001786602
70.9575151567
20.6831466279
224.296243012
223.357596407
224.062752671
221.299364996
220.237356535
224.022521876
223.113222388
222.983370454
223.334015419
223.816076736
221.011204672
220.960537092
220.801372727
220.482588246
221.716785574
221.439924216
220.251368955
222.467816249
212.084301733
20.5579460287
219.157456993
223.292297387
223.103213406
214.073660801
222.084686244
224.141148529
222.733432659
221.571155806
222.416649685
221.725630956
212.04205875
221.522506152
222.967319486
223.72312916
223.715695947
221.808825543
223.266804048
221.920023608
222.489353128
48.7717546472
224.398432541
223.118590267
222.089254113
226.425714958
222.398288468
222.378309161
222.128084771
223.432765071
221.670864733
221.675686751
223.21195552
222.593098893
223.874615969
225.746708105
222.48657782
222.698640808
224.031687048
222.137513783
71.4322345872
26.0445041074
228.111203661
227.671255908
222.849297214
224.112780276
224.766326885
225.840010462
226.396283805
226.962573806
221.474290348
220.500702999
210.86022521
221.245733462
215.878216367
222.981278593
223.329853412
225.754789873
217.647961461
218.67166412
75.4691119155
19.7331462155
225.770090077
224.232375257
221.036562354
223.427518661
224.303870412
224.517560546
223.668600166
224.545077782
222.474202977
224.768911752
222.165996307
219.649160135
222.721487718
221.599904882
221.010527376
221.780651271
219.132514603
221.384834986
210.485828878
26.24409793
225.526368563
222.617009716
221.904281868
223.089768423
221.640051876
223.265437905
222.565645124
223.520275102
223.589153995
222.123135701
221.913528643
222.401161474
221.235497524
220.896995655
222.099829849
223.248808288
222.91100331
224.818939226
210.305776457
20.9370956301
224.592373501
223.433666872
222.276726644
223.0827569
223.890603302
223.073681338
222.626395205
223.997433481
211.734973589
222.546956907
221.856141188
222.659957823
223.296943798
221.385954446
222.413566362
223.227182166
220.641222425
223.333177394
214.963451172
24.5379908303
225.349177484
224.091504024
222.850899205
221.580989853
222.156345018
223.685755615
224.225066029
223.590263033
224.546100202
223.845745166
223.139225019
221.805290217
217.698879942
220.576355034
221.340811574
221.093418604
224.205978183
221.678096193
209.62090043
22.4039903356
223.596450562
223.841945696
223.879640787
222.089356302
222.808596315
228.148499527
224.186712873
223.147817209
224.85096472
221.872409659
219.093045687
220.042189838
223.56825173
224.416763987
222.37934058
222.409715917
223.332917647
223.191893426
73.2173031193
22.1571544407
226.160656132
223.158717394
225.75927023
223.557010869
223.933370543
223.890841013
223.232592903
223.397054059
221.806652862
224.537265943
210.874806348
222.259986736
222.965520573
211.402940406
222.726621624
222.062371613
224.882222057
224.084585061
72.8803984975
23.7311961275
223.484419133
221.299666318
223.681004095
223.186603326
219.944472272
222.98185646
222.871742683
223.420551486
221.9212505
224.633784974
218.341669761
221.724762686
221.924687118
221.058654771
220.931661013
221.370347539
223.872204046
222.763802938
216.450772219
27.1126957408
224.720021422
222.063324284
222.582318132
221.09518655
222.479493307
224.104233659
221.768831004
223.141204395
221.540503011
221.660211047
223.672781576
223.87421688
222.208384327
221.748924284
222.7222281
221.257228435
221.493070228
222.384624352
214.853919038
22.6953099295
224.957391421
222.305422721
222.517717782
221.516758433
221.67635304
222.74768244
223.014278056
223.742106423
222.647218478
222.394989553
221.461953641
220.23948641
222.399960462
217.759156988
221.436697892
221.756425011
222.344411274
222.381317348
214.050987199
21.3504300909
224.847565588
219.744343521
222.632083806
222.452162086
222.754195863
222.600501177
211.611994874
222.918885687
223.444518607
220.789570921
219.468879557
221.72177387
211.598230758
220.95969272
219.118635881
209.963066751
222.297814794
222.027980774
70.9493203836
23.4311325226
214.149639446
219.865096131
223.811834468
222.614476519
224.26457959
223.319917549
223.549412841
210.895786784
221.644924058
222.676825331
223.635320548
222.017472049
223.436994266
223.775629017
222.251458715
222.735623508
217.323629425
222.506374768
211.477397404
21.1130712499
226.028881623
224.99185053
224.160837286
224.632014789
225.022092791
224.413692248
225.148472019
224.221142434
224.866129444
224.389416348
222.806936919
223.133872326
211.049967754
210.493990715
220.839222882
222.1521292
72.3060218317
218.400044219
72.1147189027
22.2893726701
74.7777890997
218.001344909
222.395670221
221.758958369
223.377450155
224.364559814
225.812313835
221.766101545
223.897679824
223.271720041
222.23530637
222.158546547
221.738542256
221.597057899
222.467533555
222.020813895
221.924297256
222.722039364
71.3034126824
21.9879814629
224.456223511
221.85967074
220.623523394
217.407453969
222.017941068
223.257938565
221.949622753
222.904868599
226.489575131
221.074772004
224.127406791
221.141521361
221.894888074
221.450873443
221.159689724
221.199391364
220.860519539
221.65695385
210.921140884
20.9937145194
224.456258098
223.461658102
222.302080052
222.625801134
222.492445181
223.252840505
221.934676981
224.576471426
223.934102895
223.185435517
217.960796659
219.920046351
224.301458629
223.481722902
221.636874893
223.089538126
221.520475961
219.898197536
72.8123805093
20.9591505122
215.566512181
223.257326862
223.079273518
223.534847585
222.294458855
220.84379994
221.754363742
224.578041413
224.311634516
222.893240359
216.103128621
221.380754614
221.91507721
221.422595291
221.615717074
221.668514875
218.395503668
216.718797816
73.8112073331
22.6920569549
224.592950814
223.804426824
221.473257521
221.776523643
223.425499886
223.579250608
221.787787605
221.308961924
222.537565552
225.426112016
222.383436396
222.656940615
223.641621668
221.612636008
223.031038069
222.605214752
224.496776849
216.145734743
73.0404758213
20.0655043676
223.421113849
222.543128711
222.302679921
224.606007273
224.84211333
222.005179923
224.048513063
223.737638608
222.930033968
222.899372784
221.69250356
221.563724016
220.387444324
223.243018066
222.101470802
221.694435516
222.981273197
222.872806326
212.355634745
21.4262870709
225.91743446
241.023894174
223.022148138
223.791572377
222.912761501
223.173854484
224.216683536
224.152229192
226.192023016
224.07126021
219.393137605
227.330502728
223.46062559
223.291421763
219.35180798
223.855082863
224.033989184
222.634717627
211.366631149
20.054239541
225.614825314
224.123106332
225.247911139
223.559967534
223.340723823
221.274638911
224.281509885
223.261800933
224.207667579
223.674206102
226.225965873
222.763615045
224.086757544
223.029064083
221.475959779
223.473027163
224.07772466
221.778509476
216.280515929
22.6581753389
225.589462394
225.459139485
222.990066291
219.033017495
222.405109498
224.419538968
211.778664971
221.705426733
223.57716814
221.459865513
221.839756807
224.871216868
211.846138142
224.525521881
224.015299407
222.16009759
222.553298723
221.51572142
224.599452498
21.6094439295
224.723669921
222.235398329
223.642347416
221.537878314
223.187864533
220.281776565
222.068185397
223.022411748
222.626127396
222.18554489
222.751048148
222.554304703
221.278312925
220.618349434
223.440928334
222.81495932
221.369443021
222.181312543
71.3044136805
21.0977564814
224.262138678
222.099032057
222.499287555
219.714560373
224.677531808
224.501213751
222.585627842
223.72869179
223.823930531
223.949224919
222.830385308
219.201945224
216.07294316
70.9301931129
221.078890194
218.815203917
222.041023168
220.654030322
211.580142588
21.9653355926
222.213089099
222.674978609
221.959483687
221.71382333
222.963392397
221.567687284
223.226169706
221.260582837
223.472996239
223.753769697
73.4232992432
218.871457888
219.43871139
222.355512341
222.627326156
222.998512526
221.954983883
222.926185306
220.937108044
22.0431043052
225.19742845
225.597047219
223.130108956
223.993797079
224.223940394
224.582911968
223.80355058
219.278748236
219.323204754
223.23958348
223.137483719
218.628467647
223.400514931
224.684398883
224.397283475
222.950773281
223.595518068
224.260076756
213.614855238
21.4474706729
225.147419827
222.055589392
212.04743961
214.071139559
223.128336554
222.829098597
220.128514022
222.61979128
221.819342503
222.139416051
221.661519338
220.904149517
221.499194505
223.3118148
223.814207515
220.992498672
221.847272604
220.58880409
216.402594174
21.0292212626
