27.724879845
25.4857181467
24.8220772201
25.1805444015
23.2117297297
25.6624749035
24.9446911197
25.6302625483
26.6425945946
26.7898455598
26.6766332046
27.7645250965
28.4233397683
28.0962393822
29.2365289575
27.3394633205
26.5620579151
27.1110540541
27.0844401544
40.2174346154
26.8497953668
26.6449420849
27.1792972973
26.529015444
25.6612239382
27.9099073359
26.1464787645
27.6486525097
27.9005057915
27.8157683398
26.7455328185
26.542027027
25.8307297297
27.0729073359
26.5407799228
26.1283011583
28.2368648649
28.7018108108
26.8442741313
40.6202923077
25.8027104247
26.9517799228
27.9424440154
28.1812277992
26.6233706564
27.1046447876
27.3734826255
27.5130849421
26.7349266409
26.9674054054
28.2045868726
27.0345598456
28.2598262548
27.0256409266
26.3719343629
26.5965907336
27.4678764479
28.8166332046
28.1591969112
40.1858230769
27.3429420849
27.8388687259
27.5658416988
29.1657413127
28.1411891892
26.1329305019
26.6499305019
28.3472355212
26.9363166023
27.4305328185
27.2393436293
27.6974169884
27.3703166023
27.1471891892
26.8035328185
27.3514478764
26.6642548263
27.0497567568
27.7205289575
39.3164961538
27.8378378378
28.1582239382
26.3347104247
26.2379459459
27.41596139
28.209042471
27.040996139
27.4675559846
28.1104440154
27.6972432432
27.6346718147
27.6634826255
27.4927490347
27.9376447876
27.1383127413
27.641019305
27.6272625483
27.2384401544
25.3506525097
40.4092769231
28.3687953668
29.1411081081
26.2851003861
27.2707142857
26.9104478764
28.2104015444
27.8139420849
27.576996139
28.0064903475
28.37903861
27.0875830116
27.7258185328
27.4514787645
27.4388841699
26.7204594595
27.0762316602
27.1602200772
27.5127953668
27.4515984556
39.9191153846
27.4645289575
26.4786100386
27.4970501931
27.7834980695
27.7502355212
28.0909189189
25.9315521236
28.375003861
27.3414710425
27.4309227799
26.9921042471
27.2612934363
26.324042471
25.1065444015
26.462046332
26.4018880309
26.7361467181
27.9637413127
26.6281467181
41.1104423077
26.8244710425
27.9046409266
27.5163667954
27.9927837838
26.6761389961
27.8474749035
26.9091930502
27.0768108108
28.3371930502
27.9388803089
27.6225366795
27.2172123552
28.4849420849
27.0653629344
26.9477181467
27.6348301158
27.0585405405
25.7401389961
26.9008571429
40.9361115385
26.448976834
27.3315328185
27.9940888031
28.9554671815
28.0964749035
27.4081042471
27.5513281853
27.4584517375
25.6503706564
26.670011583
27.0263938224
27.9038571429
27.1148764479
26.5446293436
27.5691389961
27.73796139
28.1315945946
27.1194942085
26.7691621622
39.5291961538
27.7708571429
27.5812702703
28.1138571429
28.0430694981
28.4808687259
27.3549111969
27.4758648649
26.1775907336
25.7483667954
27.1331003861
27.8597490347
27.4225907336
27.2757258687
26.3354826255
27.2518803089
27.2096756757
28.7306911197
27.9952779923
25.6610733591
38.6989692308
25.182015444
27.4367760618
26.983965251
27.021972973
28.0063474903
26.8586525097
27.4252586873
27.8618030888
27.2189305019
27.6128339768
27.0771505792
27.8603552124
26.9623629344
26.9184903475
25.9979111969
27.5821467181
27.0782007722
26.0414517375
27.9230617761
38.3940269231
27.68396139
26.5247644788
26.7126061776
27.2263166023
27.4038571429
26.54
26.9292084942
27.9392046332
27.7514633205
26.3047065637
26.9244710425
26.8054285714
26.6748725869
27.0449111969
28.1148069498
27.9421196911
26.5898108108
28.0848030888
27.2614440154
39.2341307692
25.8839150579
27.100980695
27.2712239382
27.1487297297
27.2815250965
27.1033243243
26.8539150579
25.5114594595
28.8073320463
26.4916486486
27.9835289575
28.051988417
27.772023166
27.3514285714
29.2135057915
27.8467451737
27.7400579151
27.8131274131
26.5753822394
40.9808576923
27.949019305
28.3187915058
26.89696139
27.2013552124
27.6985019305
28.1412471042
27.8911544402
27.12796139
27.2288262548
26.8648416988
28.5082895753
28.4907992278
26.8578146718
27.7075173745
25.6025366795
26.8103088803
28.4511003861
27.6173938224
28.021988417
41.4517846154
26.18103861
27.2664401544
27.9452664093
27.6215598456
26.8898146718
27.1972509653
27.570953668
27.270011583
26.6874401544
26.7603513514
26.8031196911
27.3514749035
27.1812123552
28.63603861
27.790015444
27.6973938224
27.6694787645
27.3825637066
25.496042471
40.4904346154
27.377980695
27.5790694981
27.9464517375
27.9194131274
27.9596370656
26.7237142857
26.6854903475
26.086988417
25.8142625483
26.9197799228
28.0331351351
26.3468185328
26.8278339768
27.9929343629
27.3432818533
27.6327335907
27.07703861
26.5963667954
26.7484131274
42.5460153846
25.7072741313
26.1035405405
26.819953668
26.839980695
26.8088571429
27.4046833977
26.5376447876
27.7458996139
26.4974980695
27.1244015444
29.0671389961
29.2268764479
27.5648455598
27.3676138996
28.4353938224
27.7014749035
27.681011583
27.3557065637
28.3055752896
40.3124961538
27.2815289575
27.4619227799
26.8817220077
26.4002779923
28.2326447876
27.1109266409
27.3697953668
28.3455830116
27.5907065637
27.1044749035
26.900996139
26.8280733591
27.3402972973
28.3363745174
26.6342895753
27.4025212355
26.961992278
27.8276795367
26.3952393822
41.38565
26.7617992278
27.6205521236
27.5854131274
27.8901544402
27.1282509653
27.341984556
26.3581081081
26.5324671815
26.6361660232
27.897007722
28.0073243243
26.4843861004
26.9691158301
27.9801853282
27.3007528958
26.4397876448
28.6735444015
27.9121660232
27.9612200772
41.9304076923
26.9318996139
26.9475135135
28.4513706564
28.8154903475
27.7243861004
27.9274092664
27.5322432432
27.8103976834
27.9588416988
26.9415945946
27.2534864865
27.7927142857
27.5964169884
27.2661389961
26.6788648649
26.8413667954
27.8805173745
26.8820733591
26.1512895753
41.2302346154
27.5129266409
26.7499420849
27.5185945946
27.2612741313
27.0510772201
26.9353243243
27.8956872587
28.9970579151
27.3242895753
27.801019305
26.5791119691
27.5093861004
27.9542934363
28.172996139
27.8198494208
27.8324247104
27.9274864865
26.9167181467
26.9438339768
40.3478615385
26.1097104247
27.5503320463
27.5368416988
26.6803590734
27.5119227799
26.6107335907
25.7665212355
27.4063899614
28.1564671815
26.8957297297
27.9837065637
27.3193166023
26.9908455598
27.4377258687
26.9731698842
27.0084440154
26.3658494208
26.5161930502
26.3301891892
39.9571692308
26.68896139
27.0310501931
27.7066447876
27.2932934363
26.4215752896
26.3016409266
25.5242664093
26.5667644788
26.779996139
27.1248339768
27.3838725869
26.3737953668
28.1437799228
27.8170810811
26.7054710425
29.3719498069
28.4798223938
28.1125714286
26.1885135135
40.80815
27.2617799228
28.7373706564
27.2725984556
26.9915675676
26.4782084942
27.3075675676
25.3877644788
29.020984556
27.1291621622
27.2386833977
26.8382625483
26.0909343629
27.3906718147
27.4593745174
27.1452586873
28.0261428571
27.3881737452
26.6616177606
26.0324169884
39.4323923077
26.9693552124
27.6649459459
27.67103861
27.0543552124
27.4289382239
26.9275250965
26.4823976834
27.7695714286
26.8677567568
26.6237413127
26.9885173745
27.3233629344
27.176023166
26.8432432432
28.1333166023
27.1616061776
26.4916679537
28.5377104247
27.6453976834
40.4759730769
26.4441235521
26.412992278
26.9811814672
27.2431621622
28.4355791506
28.3205675676
27.829034749
27.6687606178
27.3892509653
27.8324247104
26.2258571429
27.034
27.6878610039
28.001972973
27.3654942085
27.4353050193
26.8475752896
27.494019305
26.2745057915
40.8216769231
27.0583088803
26.7072702703
27.3541351351
27.218019305
27.9682895753
26.3867606178
26.5542741313
28.8989034749
28.0309343629
26.9056177606
26.5616833977
27.7261621622
26.6976293436
27.3638494208
26.642957529
27.1851621622
26.142992278
25.9524324324
26.5373629344
41.5619884615
26.3055521236
26.7341814672
27.0751274131
27.7073088803
27.9174131274
28.7935559846
26.9615444015
27.0151544402
26.3721505792
27.216023166
27.2204980695
28.8610849421
26.5438725869
26.6515405405
27.4145444015
26.0354942085
28.360030888
27.1114478764
26.4865366795
41.1128576923
26.3256486486
25.6843976834
26.8961698842
26.7976872587
27.927034749
29.0851853282
26.6388185328
26.3747220077
27.6246332046
27.3131776062
27.1633166023
26.7296061776
27.9093976834
26.8563861004
26.2126370656
28.315996139
28.3614517375
27.3532432432
28.020988417
40.9558038462
26.559015444
27.8518494208
27.434984556
27.8816911197
27.9753667954
26.979
28.0758262548
27.0271312741
26.8523513514
28.7779034749
27.9267297297
26.9580617761
26.8243127413
27.0219343629
27.3503629344
27.4194131274
27.5628339768
27.6551660232
27.4737490347
41.3194346154
25.5782972973
26.5082432432
26.833042471
26.5185366795
25.7834131274
27.3286988417
26.8368532819
28.8267374517
27.8056833977
26.2861196911
27.0359382239
28.2128108108
26.5826679537
26.2307335907
27.6548687259
26.7373050193
26.7172818533
27.4748648649
26.8387953668
41.1974961538
26.7950772201
26.3866949807
26.0968455598
26.3475444015
26.4917413127
27.4994169884
27.5080501931
26.6387451737
26.7603629344
27.5450849421
27.7048803089
27.3187953668
27.548015444
28.4169189189
27.3872393822
27.0063166023
27.1336563707
27.7181389961
26.1581389961
41.7778
26.6490772201
26.6231196911
25.5781776062
28.0475907336
27.0743320463
26.9361042471
26.8659111969
26.7725521236
27.1171776062
27.5818996139
27.2200926641
27.328976834
27.7179420849
26.5163359073
28.0405019305
27.5492239382
27.7524671815
27.1987220077
26.4126872587
41.1049076923
27.0734131274
27.755976834
26.800046332
26.2522509653
27.4455521236
26.4968957529
27.5845057915
26.8837760618
27.2102471042
27.1783590734
27.3596370656
27.202003861
26.6548455598
26.9116061776
27.1846216216
28.4972586873
26.9096216216
26.8761583012
26.985007722
40.4646
26.1396911197
27.5638185328
26.7762200772
26.6065521236
26.7680540541
26.4847413127
26.3922239382
26.3026602317
27.1698030888
26.7570926641
28.1392509653
27.7018262548
27.8032895753
27.5111660232
26.695996139
26.2237413127
26.9314169884
25.8455096525
26.169015444
39.9036884615
27.3373243243
27.6134054054
26.8283474903
27.3526756757
26.4925559846
27.0043359073
27.4404285714
26.6477992278
27.5451003861
26.245996139
26.259
26.2018494208
28.0979420849
27.9852432432
28.200007722
26.6581814672
28.6365096525
26.9800965251
28.8115328185
42.2172538462
28.3270926641
27.7176988417
27.2277490347
26.772988417
26.745007722
28.1022586873
26.0646370656
27.0190772201
26.718969112
26.1718996139
26.6772818533
25.9381196911
26.8591853282
26.6202316602
27.8055366795
25.9378571429
27.0875482625
27.4990965251
27.4172509653
39.2618615385
27.355007722
26.8677220077
27.0332046332
27.3173088803
27.2771930502
26.2497992278
26.8535752896
27.5013822394
27.1234633205
26.2296795367
26.1359420849
26.3349034749
27.4448494208
28.0033513514
27.7555289575
28.6883436293
27.5911351351
26.9871930502
26.934019305
39.6367384615
27.031011583
28.3906023166
26.1834247104
27.8061505792
28.0143474903
27.6402625483
28.6724787645
26.7171467181
26.0333050193
26.8450810811
27.7987065637
28.1898687259
28.0965521236
27.0035598456
27.4478030888
28.4213474903
27.624992278
27.165034749
27.2877837838
44.1170307692
27.9293088803
28.8703011583
27.602042471
27.2451698842
28.27296139
27.7767915058
27.8991969112
26.4264671815
26.9358571429
27.7927722008
28.543030888
27.676011583
28.6234169884
27.6748764479
26.6568610039
26.5983899614
27.384019305
27.3808571429
26.898003861
40.4201692308
27.8025830116
27.8541081081
26.8227335907
28.3274362934
27.8809420849
26.9894749035
26.3776061776
26.5614440154
27.5437065637
26.4620656371
27.3327528958
27.7778648649
28.2367606178
27.9482471042
27.902007722
28.8734208494
27.9248880309
28.8596795367
28.7536332046
41.1231423077
25.8491853282
26.106007722
27.7744633205
27.3827258687
26.562976834
28.6568339768
27.3291081081
27.421027027
28.0706216216
27.1818416988
28.8635752896
27.6090694981
28.3613127413
27.5343861004
28.3035675676
26.8194826255
27.7708262548
28.0917335907
26.4744826255
40.2965346154
26.5848532819
26.1828648649
27.6557335907
27.2198957529
28.2461621622
28.2515135135
27.2044285714
28.9653474903
27.878027027
27.2272509653
27.0507992278
27.9733243243
27.6626602317
26.5877451737
27.8205521236
27.9426138996
26.63
27.7162586873
26.8785328185
40.4196230769
26.4418262548
26.9682200772
27.986
27.4245212355
27.5135444015
26.5908185328
27.1318108108
28.1060849421
25.7424710425
26.5687220077
28.3834517375
28.222996139
27.6960617761
27.3990579151
27.5907142857
27.5595752896
27.2625598456
28.0852471042
28.2423436293
40.5386115385
26.6980733591
26.8777760618
26.1701853282
28.1596447876
27.4448378378
27.8416563707
28.1435366795
27.3365830116
26.7961235521
27.0084633205
26.2223320463
26.6221428571
27.6195598456
27.1312123552
27.2512046332
26.9180540541
27.5613359073
27.736003861
26.5602007722
41.4641038462
26.4297644788
27.5552972973
26.7430926641
27.2706254826
27.2247683398
27.254976834
27.6476061776
27.2665405405
26.7993166023
26.127
26.4873281853
26.7261467181
28.5356911197
26.2405521236
26.6671196911
26.7815289575
27.5825212355
27.1127413127
27.6088455598
43.5129730769
26.0167683398
28.0956872587
27.9886911197
27.7591930502
26.4644517375
26.3870656371
26.5060694981
26.6702664093
25.9095250965
27.2703938224
27.3901235521
25.9738223938
27.9044285714
26.1065366795
26.5594671815
27.1353976834
27.2412316602
27.0153243243
25.8823166023
40.4000269231
27.450034749
27.7694247104
28.4714169884
27.7566409266
27.6378185328
26.8918803089
27.7176679537
27.184957529
27.4332355212
26.7463706564
27.1737953668
27.6145096525
26.2876795367
26.6195173745
27.6366602317
27.811046332
26.7865482625
27.8403359073
28.0212162162
41.7319769231
25.8082548263
27.8988185328
26.7720617761
26.4785598456
26.5579150579
27.252965251
26.7104208494
26.0689111969
27.3600888031
27.4704362934
28.1742471042
27.9531930502
26.4817567568
26.6167644788
28.6210810811
27.8972857143
27.1413204633
27.7185830116
26.6777606178
40.0365153846
26.4344826255
27.0101776062
25.6561776062
26.0077915058
26.89403861
26.124976834
27.0802702703
25.9916988417
26.4011081081
27.7929266409
27.2849498069
27.3053745174
26.1833088803
27.8626795367
28.3315405405
28.6546138996
26.4950849421
26.031953668
27.0007065637
38.8384923077
27.502972973
27.0339266409
26.8574208494
27.2391544402
28.1176332046
26.3657953668
28.3085366795
26.6803552124
26.6562818533
26.7944208494
26.3475250965
27.5853166023
27.2756949807
26.7153243243
27.703953668
26.3522277992
27.4242895753
27.3115405405
28.0905559846
39.44885
27.4153745174
28.5393938224
26.7531428571
26.5026640927
26.3597876448
26.7877104247
27.7992162162
27.2245019305
26.4358455598
26.3440733591
27.2035444015
26.955965251
27.0220540541
27.9535135135
27.7846949807
26.404996139
27.4352239382
25.9483822394
25.5318725869
40.5264115385
27.8601467181
26.0357915058
26.8651081081
28.686042471
28.7994131274
26.9588262548
28.2593552124
28.4466447876
27.9985598456
28.8179459459
27.6828880309
28.944015444
27.2118069498
27.4205173745
27.6513822394
27.6381196911
27.6157799228
28.2155984556
28.0675984556
39.7898576923
26.8533938224
27.2844594595
26.2990888031
27.3557065637
27.2611737452
27.9188108108
27.9448223938
28.4104478764
27.5947104247
27.1812393822
26.6163667954
28.3225328185
27.7481891892
26.6146949807
28.1656216216
27.8658455598
27.3870849421
27.894972973
25.4626718147
39.6888384615
26.4786795367
26.2981814672
27.5077528958
27.4186254826
27.2214903475
26.9276409266
27.0232123552
27.0785598456
26.9641737452
27.3920888031
27.5163088803
28.3834903475
27.5695212355
27.3191891892
26.4240694981
26.7652702703
27.1126486486
27.518
27.8035212355
38.3571384615
26.2095675676
28.054023166
28.3261891892
27.4840501931
27.3826293436
25.8954710425
27.7915598456
26.7760849421
27.4859343629
27.4556100386
26.3127876448
27.591984556
27.3854054054
26.792976834
27.4782200772
27.18403861
27.9596833977
27.8238648649
26.7192779923
39.0561730769
27.4035521236
26.5052239382
28.5070810811
26.752019305
28.8061930502
27.3852355212
27.0564362934
27.5064671815
27.3352316602
27.6345444015
26.7398223938
27.1456100386
27.6503629344
28.0327220077
26.1816563707
28.0728764479
28.290042471
26.6452586873
26.0041891892
39.2746038462
26.0668030888
27.0234787645
27.4431505792
27.4454054054
28.0767220077
26.1396872587
26.9462007722
27.4261467181
26.3174864865
27.7758146718
27.2712857143
27.2615791506
27.7491969112
26.954034749
26.9710888031
26.7893359073
27.0521737452
26.898992278
26.7324826255
39.2422730769
27.1996061776
27.8023861004
28.6570849421
28.0748185328
27.6346447876
26.7135752896
27.2235444015
28.5013745174
27.6820501931
27.2010656371
28.0141235521
26.5604671815
27.2885173745
27.4476988417
27.9568185328
27.6504015444
27.5245984556
26.1721158301
26.7879034749
40.3300115385
26.2753629344
26.3820501931
28.0062972973
27.8511621622
27.7185289575
27.1585945946
27.5391660232
27.2747413127
26.9367065637
26.3947722008
27.2949305019
26.4173552124
27.1456525097
26.7665714286
28.0205096525
27.3406988417
28.7611351351
28.1931467181
26.5298378378
39.4308615385
25.2285482625
26.7127181467
26.5966216216
26.455034749
26.8392702703
26.9192972973
27.2317104247
26.8173166023
27.2505057915
27.0632625483
26.672015444
27.7812664093
26.5627104247
26.9354903475
25.8972509653
25.8505714286
25.7757837838
26.5737760618
26.5552007722
39.1247384615
26.7785057915
26.6412084942
28.0184594595
27.4391660232
27.4116640927
26.848042471
28.6934749035
28.278007722
26.1232818533
28.5039073359
27.6704401544
27.2459150579
28.3137915058
27.0244362934
25.8426756757
26.9181660232
24.9507335907
26.3062702703
26.6727297297
38.6818730769
26.9315559846
26.6718880309
27.0424478764
27.0286061776
27.060015444
26.3153590734
27.8803436293
27.5188841699
27.5820926641
27.430030888
27.3712007722
28.6056833977
26.8032007722
26.9167876448
27.2590501931
27.1383783784
26.911030888
26.8713938224
26.0491853282
39.4357576923
27.0118996139
27.9051583012
27.2052548263
27.0011351351
28.1934208494
27.7104903475
27.1481505792
25.9303590734
26.1164478764
27.5385057915
28.4371814672
27.0595289575
26.7653822394
27.3767335907
28.7193783784
27.7480926641
28.3497915058
28.8670579151
26.6781158301
39.7220884615
26.4204555985
26.9151814672
26.6106293436
27.5323397683
28.0927837838
26.4212972973
27.0867683398
26.4273861004
26.5731737452
27.9436911197
26.7365945946
27.7506216216
28.6498687259
26.89596139
27.014969112
26.2455752896
28.6145521236
27.3825444015
26.1942741313
39.5732884615
26.5851544402
27.1599498069
26.6877683398
27.0434478764
28.6011660232
27.2542277992
27.7681274131
26.6624285714
27.4901621622
28.9498494208
26.7545096525
28.2447644788
27.2322779923
26.9807992278
26.4861853282
26.6957374517
27.7072084942
27.6895173745
26.4144903475
39.3734923077
26.9988532819
27.0586332046
26.3752355212
26.9616525097
26.6348301158
27.5528146718
26.610965251
26.4711969112
28.0505173745
26.0926795367
26.8509459459
26.8845714286
27.0128301158
27.7825135135
27.8509420849
26.8378803089
26.1274555985
26.8874555985
27.1054401544
39.19235
28.2076563707
28.8259420849
26.9819189189
27.3834903475
27.1981196911
28.4982316602
27.6206756757
27.2501891892
27.4016100386
26.5867027027
26.3158841699
27.022015444
26.18996139
26.893957529
28.1550617761
27.6407799228
27.6143050193
27.6418262548
27.1718996139
38.9593769231
25.757023166
26.1581428571
26.5593783784
27.4377992278
27.1796795367
27.6524594595
27.3948841699
28.090972973
27.8306409266
27.4311737452
28.0469111969
28.4117953668
26.625007722
26.8535482625
27.7662432432
27.8932200772
27.2599266409
27.9651274131
26.5648571429
39.3190576923
27.7058687259
26.7456718147
27.1832393822
25.7708339768
27.286023166
28.0265173745
27.1542509653
26.8061776062
28.6053474903
28.0696370656
26.9988957529
27.3481660232
26.5338610039
26.5014478764
26.8821737452
28.2358494208
24.887965251
26.045030888
27.4107490347
38.8460269231
26.8084942085
27.2432432432
26.7332548263
26.4376525097
27.5459343629
27.3195057915
26.6651621622
27.3548841699
27.3025366795
26.3836872587
27.2865135135
27.9487181467
27.0125444015
26.4148301158
26.1754247104
27.3078069498
26.9818223938
26.28
26.6556988417
39.4533230769
26.4841891892
26.9454362934
27.957003861
28.241980695
27.5072239382
28.2321351351
28.9991351351
28.6808532819
27.157972973
28.546992278
27.9479111969
28.9076332046
25.9105521236
28.1783436293
28.0064517375
26.8515482625
28.472042471
27.558019305
27.1313474903
40.8567346154
26.9984208494
27.2507335907
28.2555830116
27.2646061776
27.5005135135
25.9025714286
27.9991351351
27.7004671815
27.0727876448
26.8083938224
28.1826061776
27.8161969112
27.4773088803
27.3283281853
26.7198841699
27.4380540541
26.426984556
28.2861853282
26.6083822394
41.8797423077
27.1753436293
26.6456177606
26.9601891892
28.1298378378
27.5747644788
27.0681158301
27.6895212355
26.0630926641
27.1728146718
27.3637490347
27.8430965251
27.8113976834
26.9279498069
27.2614749035
27.0758725869
27.0015868726
27.6044787645
27.8653436293
27.5687490347
40.8838423077
25.9938725869
26.6654324324
26.540984556
28.3443667954
26.5560694981
25.8874478764
27.0183127413
27.8046177606
27.8631467181
26.6363050193
26.6541351351
26.94003861
26.9960772201
27.5447837838
26.7312162162
26.8345328185
28.6514517375
26.7003243243
27.5955598456
42.7600461538
25.57303861
28.071023166
27.582992278
27.179984556
27.7612355212
27.5959305019
26.8935521236
27.9348841699
27.8468416988
26.6696138996
28.432
29.2505405405
26.7972857143
27.4825830116
26.6257258687
26.1775598456
28.3762007722
27.4861698842
26.5270540541
41.6904076923
24.8905019305
25.3803745174
26.8021003861
26.8344555985
26.3012702703
25.9325791506
25.9902895753
26.865003861
26.9338687259
27.2287683398
26.8461660232
27.7374015444
27.1124015444
26.7275096525
26.0909343629
27.2600772201
27.1915984556
26.4322664093
26.0951814672
40.6770384615
27.144046332
27.3668223938
27.2970965251
27.8362084942
27.416988417
27.3018725869
28.0971737452
27.26196139
27.0953861004
26.7603397683
25.9738223938
26.8939189189
26.2087953668
26.4898610039
27.6816409266
27.491965251
27.2734555985
27.4467451737
27.0664440154
39.8558692308
26.2661776062
26.6334440154
27.8620733591
26.4291544402
25.9584864865
27.6866911197
27.1977027027
27.2261505792
27.9017104247
27.0538146718
27.3631698842
27.4719189189
27.7788108108
28.4198494208
27.1957142857
27.7498339768
27.1286061776
28.2487065637
26.918034749
40.9851269231
27.3112471042
25.4756988417
28.1718996139
28.4315019305
27.1516370656
27.5346293436
27.5158030888
26.9052200772
27.2053204633
27.8249382239
27.3529459459
26.7952741313
27.0858880309
27.8461621622
28.1826254826
27.2915096525
27.1271235521
27.5943629344
26.3243822394
40.6455423077
27.7297915058
28.1724015444
26.8892162162
27.6679189189
27.6558339768
28.7588610039
27.4726988417
27.3467490347
28.8859459459
28.2510733591
27.6607181467
28.8267027027
28.6203204633
27.4568301158
27.4779150579
27.3294633205
26.6507567568
26.0307104247
26.5538455598
41.1648153846
27.2949305019
27.1487606178
26.7687297297
27.1805057915
27.2933822394
27.1134362934
27.7460733591
26.6767683398
26.8851583012
27.5120888031
28.0397220077
27.0098069498
28.2048455598
28.6127335907
27.7913320463
25.5971235521
26.187027027
27.8613513514
26.834972973
42.5129076923
26.1862625483
26.3616486486
27.3033783784
26.494996139
28.0052895753
26.8978262548
28.0236061776
26.7942741313
27.2688803089
27.9040733591
27.043003861
27.080980695
28.6427027027
27.7534208494
26.8262934363
27.328996139
28.1222548263
26.8470694981
26.8977644788
41.5135884615
26.5728841699
26.7787915058
26.9910772201
28.5031389961
26.9456640927
27.5134478764
27.0205868726
27.9668455598
25.7285212355
27.1208030888
27.4234169884
27.522969112
26.7832162162
27.7555752896
27.1387297297
26.6407220077
26.2745868726
28.2746949807
27.3384131274
40.3847538462
27.2932162162
25.8174864865
27.2339189189
27.0741196911
26.9272200772
26.2269266409
28.0059343629
26.950972973
27.7872779923
27.2112779923
28.0208301158
26.5732123552
26.5998803089
27.0828880309
27.9303011583
26.8778996139
27.2315984556
27.9561274131
27.7171505792
42.3574461538
27.9681737452
27.2820965251
28.0537567568
28.373042471
26.8233397683
26.9049150579
27.2751583012
27.5303127413
26.9001467181
26.8054980695
26.8220540541
26.1612200772
26.9546679537
27.3713320463
27.2388223938
27.8140888031
28.2627606178
27.0096949807
26.6379305019
40.7418192308
27.2079189189
27.9736872587
28.0825096525
26.8944903475
27.079969112
28.7416061776
27.9114092664
27.9041312741
26.4789073359
26.4311081081
27.3533436293
28.245992278
26.6062277992
26.4678880309
26.5623783784
25.935988417
27.0919343629
27.3606061776
26.7386177606
40.4969692308
26.7207451737
27.8381583012
27.2117644788
26.8524362934
26.9774671815
26.2658185328
25.9123861004
27.1096370656
27.094034749
27.7970888031
26.9687528958
28.1323783784
27.3974324324
26.7204054054
27.3984903475
26.6142586873
26.4921389961
28.866992278
26.2612162162
41.2589230769
26.5561158301
27.5810926641
27.0823320463
26.8079379845
26.2246679537
26.5551042471
27.6997722008
26.9210617761
28.2832548263
27.092023166
26.0018996139
26.5414980695
27.2919227799
27.3326486486
27.8147142857
27.1796602317
26.0686138996
26.6803822394
26.4221969112
39.9016115385
24.3284826255
26.0768957529
26.1746486486
26.0404864865
28.2222200772
28.3336177606
27.5591274131
27.6174401544
27.4849498069
27.545965251
27.4743281853
26.7195791506
27.0161467181
26.4164787645
26.563034749
27.1157374517
27.8951389961
26.9746370656
26.6988223938
40.8078807692
26.5855405405
27.7856718147
27.3107142857
27.6864942085
26.9831544402
28.0023629344
26.9103706564
27.2177104247
27.0571158301
27.5438996139
27.8453706564
27.8309073359
27.9087065637
28.1826138996
28.0563899614
27.7591274131
28.3034555985
27.6918146718
25.8362123552
40.9015692308
26.5444633205
26.9712162162
26.2976332046
28.2741119691
27.9871698842
27.8047953668
26.640965251
26.2607451737
27.8711389961
27.5356254826
26.7698918919
27.5291158301
27.6688301158
28.3057683398
28.0635289575
27.4605212355
26.9142471042
27.9956718147
27.3542509653
40.6080307692
26.8131003861
27.4045019305
27.1567413127
27.6488687259
27.2630501931
26.8998764479
26.9477683398
27.193015444
27.6826833977
27.4786872587
27.6690888031
27.372
27.5013938224
28.0334015444
28.5845173745
26.6854478764
28.1886138996
26.5764054054
26.6893629344
41.1971884615
27.4845714286
28.5607490347
26.5177490347
26.1138687259
27.6147528958
28.5165984556
27.2141505792
26.4365752896
25.9702046332
26.8805289575
27.443015444
26.6490617761
26.2700540541
28.0725328185
28.6222084942
26.8821776062
27.2406718147
27.0838610039
27.6633243243
40.3615769231
27.4777258687
28.6535791506
26.9569266409
28.2721891892
27.2535984556
28.0618108108
27.6877683398
28.2497104247
27.825
27.3556563707
28.3458146718
26.847976834
27.3465945946
26.6821544402
27.4564710425
28.1550694981
27.0136563707
26.0650656371
26.3119111969
43.1900730769
27.6437606178
26.0737142857
27.8247258687
28.1251891892
26.6494208494
27.2767683398
27.1263088803
27.2752895753
27.1512046332
26.6396833977
26.8887606178
27.6779266409
28.2833976834
26.9745830116
27.1609420849
27.5112471042
28.0462741313
27.7220772201
26.2999227799
40.5811923077
26.3722316602
26.9296563707
26.728953668
27.4648262548
27.0108378378
27.3853281853
27.2019227799
27.9581930502
25.8743011583
26.7805945946
26.7285019305
28.2593127413
28.0211312741
27.0027220077
27.8798841699
27.0201853282
28.8795482625
27.8433359073
26.1857413127
39.2020038462
27.2444131274
28.6090540541
27.4277181467
26.7894247104
27.1224555985
28.1706486486
27.5820694981
26.5494092664
28.8751814672
28.7695598456
27.6588880309
26.7591274131
26.498003861
27.5153166023
27.597019305
27.3479111969
27.1031467181
27.6268030888
26.2434401544
40.0878846154
26.8378108108
27.1831042471
27.3222586873
26.829953668
29.1491042471
27.4386370656
28.2765984556
27.0437258687
27.6886563707
26.6047220077
26.2814787645
27.6045791506
26.9609189189
28.0810579151
27.5477606178
27.4520501931
28.0444826255
27.2769150579
26.0903127413
40.0624230769
26.3692548263
26.6702509653
27.678015444
26.0260733591
27.126046332
27.803976834
26.7735173745
27.4664015444
27.0252355212
28.3384903475
26.7116602317
27.4513204633
27.9589266409
27.82996139
27.9945482625
27.5911081081
28.3615135135
27.4845598456
26.7470888031
39.5678307692
26.7912818533
28.1275598456
27.8757451737
26.9014285714
27.8928918919
27.0197181467
27.1504903475
27.6542200772
27.2427799228
27.8903552124
27.2764633205
28.2566718147
27.1068416988
27.1849459459
26.413972973
28.788042471
28.7052702703
27.6264015444
28.4434208494
40.4931307692
26.7093822394
27.6852972973
28.8603166023
26.5747683398
26.5845135135
28.9057490347
27.8998841699
26.137957529
26.1137258687
26.8599498069
28.1068108108
27.4344362934
27.0274285714
27.5160501931
27.6018108108
26.9336795367
27.5528764479
27.8990617761
27.778957529
42.0655730769
26.3583397683
27.1028764479
27.3846679537
26.8823359073
26.1748030888
27.8575289575
27.8599343629
27.5703745174
27.8234980695
27.0218339768
28.4808494208
27.7959227799
29.0798185328
26.0607799228
27.5815945946
27.6288378378
27.3080579151
28.8527490347
27.933
40.1269923077
27.5506486486
25.2327567568
28.6732779923
26.9222471042
27.1027567568
26.8664324324
27.0984749035
26.2642818533
28.1104826255
26.1472277992
27.1630810811
28.0326640927
27.0292239382
26.2290694981
26.4751196911
26.8938146718
27.2081814672
27.2986216216
26.192984556
42.7747153846
27.7397915058
26.2481621622
26.7645598456
28.0050501931
27.4053436293
26.9414787645
26.9905945946
26.8828803089
27.1173359073
28.0498494208
28.3255250965
28.1868301158
27.3581235521
27.2926640927
27.4481119691
26.5376486486
26.7778416988
27.400996139
26.0957644788
39.2463307692
26.7646486486
26.3343552124
27.5337374517
26.0484826255
27.4834169884
26.7103783784
27.3385019305
26.5744980695
26.157957529
26.8486911197
28.0329420849
28.313976834
26.8228803089
26.2104633205
26.1157142857
27.0192200772
26.3506718147
28.1805598456
27.1192123552
43.1415346154
27.8494015444
27.8501814672
27.8295598456
26.5777837838
27.1563938224
26.7106216216
28.9982586873
28.4113127413
27.1828996139
27.1268455598
28.1191505792
26.9076409266
27.6720733591
27.1490501931
27.7455598456
27.0765135135
26.8952548263
27.6869073359
25.9325907336
41.0870846154
26.5463590734
27.8655559846
28.1822046332
26.3762007722
26.8001351351
26.2106138996
26.7093552124
27.1794517375
27.5730733591
26.9629034749
28.4394942085
27.3061467181
28.665003861
28.2342972973
27.4326486486
28.2106332046
27.8103127413
27.3258841699
27.3570965251
39.6642961538
26.9887220077
27.8548918919
27.1973436293
28.6326640927
26.9632895753
28.6293436293
27.7089150579
27.1752393822
26.5981544402
27.3757490347
27.4075405405
25.8474015444
26.935
27.9838378378
28.4101737452
26.9916216216
28.6142355212
27.9814015444
28.286
39.4269692308
27.0945096525
27.1959266409
26.4729266409
27.735992278
27.8128610039
28.3738687259
29.3441776062
27.032027027
27.2761660232
27.5006563707
28.2086640927
27.3999111969
27.1513938224
27.4030733591
27.5053513514
26.9357953668
25.9130540541
26.3501235521
26.7184749035
39.52715
27.0262471042
27.7418841699
26.3628416988
27.160003861
28.3243127413
28.3060888031
25.8963667954
26.5202586873
27.1105945946
26.1159266409
27.3254092664
26.7664169884
26.7071776062
26.0944362934
27.2988416988
27.7066833977
27.1418185328
26.8249189189
26.9404710425
38.47345
27.845953668
26.9800501931
26.8801891892
26.9319227799
27.0802625483
27.6957722008
27.7945752896
28.3841544402
27.4404749035
27.7143050193
28.6437065637
27.4618532819
26.9391428571
27.2797837838
26.9107027027
28.5498687259
27.9997490347
26.9640501931
27.5957992278
38.4549192308
26.9406756757
27.5103899614
27.1211621622
27.343988417
27.6656447876
26.9471389961
27.0279189189
26.7712393822
26.7295019305
27.6671235521
27.8531660232
25.1068803089
26.6300926641
26.9132857143
27.1437104247
26.3322509653
29.1886332046
27.6391389961
26.9372741313
38.7110269231
26.6162432432
27.7476138996
27.5097374517
28.5945714286
27.2901389961
27.7218725869
26.8922548263
27.0551428571
27.5275984556
27.7587181467
28.8648494208
28.0130888031
27.6140733591
27.152003861
27.3200501931
26.4457104247
27.7246486486
27.7447258687
29.034046332
41.37335
26.2550501931
27.4233166023
26.8051621622
27.4111235521
26.938023166
27.6395752896
27.3898494208
26.8209034749
26.8845907336
27.3855791506
28.7222123552
28.3145984556
26.5594787645
28.0078880309
27.7132972973
26.42203861
27.3854092664
27.6622779923
27.6401698842
40.3095769231
27.1889343629
26.7424555985
27.2600503876
27.4852586873
26.8205791506
27.316996139
27.1693590734
27.7946254826
26.3337027027
27.8717065637
27.4611930502
26.8208339768
27.4019459459
27.9836100386
27.0034671815
27.0899227799
27.8402393822
26.828957529
26.2753899614
40.0495769231
26.7321891892
25.6337258687
26.6213629344
26.9582702703
25.8854787645
28.024030888
27.3352972973
27.3035482625
27.4547683398
27.7766949807
26.7057606178
26.8152471042
28.0832471042
25.296042471
26.9490810811
27.677030888
27.5044633205
27.1397915058
26.2770888031
40.4279230769
26.486003861
26.3692277992
27.5802200772
26.8847181467
28.0396409266
27.3793783784
26.6399459459
26.4918108108
27.078015444
27.1517528958
26.7246409266
27.3256370656
26.8687027027
26.1513976834
26.3634633205
26.9562586873
28.2314903475
28.2861042471
26.4647837838
40.7583846154
27.1945405405
28.5125598456
26.1940772201
26.2461930502
26.9525405405
27.2314864865
27.7542664093
27.3956100386
25.661992278
27.1778841699
26.725972973
27.1214555985
28.2095945946
27.8091660232
28.1624517375
27.3427374517
27.7054440154
28.0617104247
26.8182355212
40.9796576923
27.2784671815
27.3945173745
26.9181698842
26.2538416988
28.0534054054
28.3686795367
27.0947722008
26.4518957529
26.8847799228
28.0236833977
27.139972973
28.4621196911
27.1330694981
27.9532509653
28.0895868726
28.19303861
27.6242200772
27.400988417
28.0856718147
39.5761961538
