169.266678295
162.812046332
159.822297297
162.423382239
161.969351351
161.596301158
159.558223938
160.504177606
166.023706564
172.870366795
173.049146718
173.368814672
174.763393822
174.704301158
175.556513514
174.877081081
172.287054054
173.400057915
173.13911583
51.1206269231
175.379833977
172.931803089
174.904969112
173.071285714
171.754880309
174.919598456
172.274258687
173.906756757
173.680714286
173.828131274
174.348915058
171.804355212
171.811552124
175.696027027
171.381181467
171.661250965
175.902405405
176.374474903
171.103204633
51.9236192308
174.473069498
174.223714286
175.673096525
175.541648649
176.314621622
175.090169884
173.663486486
173.182393822
173.796092664
176.643861004
176.471185328
175.335301158
174.104401544
175.242405405
176.219027027
173.734015444
174.313185328
176.020100386
173.522814672
51.9764538462
176.367432432
175.704980695
174.188432432
175.802057915
176.139714286
175.812833977
176.570803089
176.757297297
177.443332046
176.511749035
173.432988417
173.79715444
175.524084942
175.957822394
172.435471042
174.754745174
174.70627027
173.296011583
173.890405405
51.1542846154
176.569258687
177.192378378
173.14380695
171.600227799
176.905030888
175.217733591
172.869945946
173.364567568
177.46503861
177.467833977
174.703648649
175.352312741
173.19611583
174.1346139
173.764509653
174.165644788
174.689459459
174.037583012
169.796667954
51.7233846154
181.822204633
181.360169884
173.99630888
177.575320463
177.939185328
177.061351351
175.968633205
176.675810811
179.333826255
177.864957529
173.948733591
176.485953668
172.602648649
174.041420849
175.506810811
173.916969112
173.336749035
174.310891892
172.334355212
51.4204769231
175.170054054
174.397104247
174.785490347
175.274081081
175.523830116
177.180698842
172.873023166
173.552783784
174.937764479
174.673204633
173.463374517
173.328945946
171.613949807
171.701501931
174.827208494
174.415046332
172.047092664
173.047737452
170.852579151
52.2832653846
177.119359073
179.046930502
173.565988417
174.769606178
174.752525097
175.549745174
175.900393822
173.536
175.157324324
176.50869112
173.778567568
175.357606178
174.718289575
172.670830116
174.791660232
176.867293436
172.630432432
173.27457529
171.524996139
52.8671730769
173.271127413
175.574675676
176.378621622
178.323138996
176.395733591
177.599505792
177.018478764
176.663942085
171.684853282
172.733444015
175.405204633
174.536853282
175.431459459
174.241235521
174.055799228
174.272810811
175.530262548
175.636162162
173.6373861
51.3440846154
176.238733591
176.690297297
175.363722008
174.138416988
174.398266409
175.804092664
175.220945946
172.144305019
173.343764479
173.555196911
174.166011583
176.392355212
173.182706564
173.795362934
173.666868726
174.488478764
174.802243243
174.385679537
172.549868726
50.4245115385
159.356953668
175.679598456
174.270332046
176.989478764
176.807471042
175.240324324
174.867683398
173.466339768
175.331949807
176.001594595
175.387648649
176.144938224
175.572725869
172.983972973
170.333119691
174.714216216
173.754528958
173.192401544
174.67519305
50.4480307692
174.604227799
172.69876834
172.586486486
175.050725869
176.970127413
176.42023166
176.154830116
175.649637066
175.613552124
175.476849421
172.331888031
174.028911197
172.828509653
173.669490347
177.487019305
175.483015444
175.878305019
174.239088803
171.705258687
50.8930692308
175.064586873
174.673984556
174.483888031
174.676984556
175.198644788
174.419397683
174.029027027
171.740343629
173.791324324
172.452972973
176.621324324
174.6006139
175.421837838
177.765332046
177.90334749
176.443857143
177.036864865
177.883081081
170.493617761
52.3214884615
176.511289575
177.311718147
173.314382239
173.221996139
172.548050193
176.723857143
175.113903475
173.363841699
173.751899614
175.011540541
176.145142857
176.125633205
173.582007722
173.947320463
170.899243243
171.978671815
176.214181467
173.596081081
173.047127413
52.8145884615
175.214250965
173.750517375
175.284888031
174.096127413
175.444355212
173.703722008
175.991505792
173.854579151
173.27257529
172.910756757
173.235606178
173.91207722
173.689648649
176.115324324
176.946984556
174.49457529
173.811764479
174.343563707
159.210737452
52.0621961538
176.651042471
178.576034749
175.152216216
177.415528958
172.719926641
171.665111969
171.596799228
173.975969112
172.336127413
170.840903475
173.71842471
173.002528958
174.942629344
176.157088803
176.302752896
174.280108108
173.903791506
171.250980695
159.587718147
53.4348269231
174.052698842
174.124992278
173.342146718
173.369293436
176.045196911
174.676749035
172.659795367
174.460440154
173.8163861
176.357142857
175.086764479
177.941351351
172.504185328
172.671065637
177.64915444
178.286625483
174.425444015
174.070254826
172.81019305
51.5296730769
174.423814672
171.475567568
172.566478764
172.559019305
173.263328185
174.575938224
177.176019305
176.30676834
175.383274131
174.433864865
173.339814672
172.897185328
174.018830116
175.393945946
173.999899614
173.320826255
181.765339768
177.121776062
158.042826255
52.5508230769
175.140957529
174.845915058
173.397579151
177.081517375
176.925764479
177.10053668
173.839166023
174.516247104
173.90834749
177.41842471
173.466
172.429027027
171.133123552
174.95792278
174.508451737
171.432795367
174.284610039
177.786030888
177.530822394
52.7479538462
175.930467181
174.152872587
176.156749035
177.40234749
176.665733591
176.623749035
175.917444015
175.4233861
175.348359073
173.316571429
175.379447876
175.457285714
177.261416988
174.794617761
175.644656371
173.301706564
175.850455598
172.897571429
174.358571429
52.3322576923
175.619123552
173.594200772
175.304664093
175.231988417
175.192366795
174.045679537
174.46115444
175.712934363
176.457764479
174.955957529
172.450505792
173.91196139
176.277088803
175.027405405
175.239301158
175.215189189
172.089501931
173.268810811
175.853779923
51.4299846154
173.991305019
174.951702703
171.533501931
175.170401544
174.026714286
171.524351351
172.497621622
174.784378378
177.15027027
174.209382239
175.432220077
175.247749035
172.268741313
174.26003861
176.721162162
174.495586873
172.80257529
170.907772201
173.267826255
51.37565
173.699204633
175.894339768
174.773200772
173.826980695
172.768640927
172.757023166
174.024328185
172.943525097
173.699876448
174.967378378
176.531667954
173.00876834
173.587586873
173.136733591
174.236525097
177.257949807
176.452918919
175.975250965
158.716100386
52.1717192308
173.23811583
173.705081081
173.724837838
173.598660232
173.096841699
171.165092664
172.920023166
175.373926641
176.01692278
175.298239382
172.372305019
172.221861004
173.435888031
175.226467181
174.636841699
175.542803089
174.129776062
173.314432432
170.667895753
51.5567692308
176.652586873
175.740683398
176.536003861
174.144378378
172.996227799
173.236111969
173.810073359
175.826285714
173.161772201
172.27380695
172.870644788
173.595440154
172.82334749
160.15034749
173.221301158
173.456583012
175.539880309
175.122146718
171.557490347
51.6065923077
174.382683398
172.855173745
173.307544402
173.985447876
175.365189189
175.844571429
174.005888031
173.976702703
177.552868726
178.06272973
173.070667954
172.36276834
174.749081081
174.377949807
172.525413127
172.927123552
174.761671815
174.944918919
172.282521236
51.5241807692
176.616162162
175.203930502
174.715799228
176.821733591
175.270667954
174.603749035
173.011150579
175.628401544
176.854343629
175.512675676
174.867312741
175.93484556
172.765482625
173.191818533
176.172220077
174.384440154
174.696571429
173.012482625
158.937343629
51.5300115385
174.875092664
173.199853282
172.532868726
172.523223938
177.088416988
177.021096525
175.698084942
175.455505792
173.784934363
174.342980695
173.274119691
175.016841699
172.886409266
171.868478764
173.513548263
174.924567568
177.146057915
173.547227799
171.486436293
50.9382307692
175.89188417
173.752799228
174.499984556
173.578888031
174.675281853
178.410687259
170.571737452
173.372088803
172.886571429
173.611216216
173.112841699
174.19407722
174.321023166
175.044393822
160.783915058
173.589119691
173.247899614
175.044679537
161.236791506
51.2500730769
173.358166023
173.484590734
176.694996139
177.615969112
175.654200772
176.273447876
175.226667954
174.542293436
172.844528958
175.853204633
176.927864865
173.942706564
174.493266409
176.24946332
174.374853282
175.367440154
176.14130888
174.079239382
173.393930502
51.1976038462
175.100455598
174.961355212
169.374034749
175.491301158
172.669293436
173.605544402
175.148911197
178.707254826
178.838266409
174.69353668
172.6193861
174.10142471
175.011733591
174.467324324
174.47027027
173.686297297
172.503683398
172.638810811
158.981339768
51.1847769231
174.737772201
173.20384556
174.100965251
171.691660232
175.858069498
175.084706564
175.729787645
177.156436293
175.861718147
176.421382239
174.888011583
173.709996139
173.128664093
175.896196911
175.060814672
174.333814672
172.520281853
173.624555985
172.947019305
52.4975769231
174.496262548
173.284258687
171.041490347
173.540173745
175.65830888
176.031648649
172.545111969
172.824389961
174.153675676
175.079389961
175.215548263
174.883718147
172.804413127
172.174532819
174.253100386
173.325629344
173.744135135
172.976783784
158.9163861
51.1797461538
177.031166023
175.250019305
174.07269112
174.79488417
177.066362934
174.485617761
176.400362934
173.054930502
175.506517375
175.47134749
173.904015444
176.536374517
173.794416988
173.734679537
171.745108108
174.93127027
174.488266409
174.052930502
173.775764479
51.0846692308
174.431467181
176.786158301
175.30807722
174.761868726
175.009486486
174.067598456
174.221915058
172.513459459
175.701787645
175.790088803
163.125833977
172.573444015
174.602722008
173.609297297
172.108737452
171.285173745
174.782810811
175.37903861
158.699694981
50.1828269231
174.902490347
175.151258687
173.104745174
175.471749035
173.655108108
176.420772201
174.414355212
174.210980695
174.503339768
172.629629344
174.094216216
174.549930502
173.826737452
174.058671815
176.664764479
173.265830116
175.246671815
175.605015444
172.902019305
53.24595
179.648455598
164.832
176.924749035
173.256100386
176.71388417
174.477903475
170.502737452
174.877810811
174.416285714
176.469081081
174.338250965
172.56227027
170.706683398
172.124675676
173.047065637
172.35403861
172.116397683
174.881733591
174.430320463
50.0834961538
175.100965251
172.221992278
173.609382239
174.518598456
175.089393822
174.932648649
173.853513514
174.207370656
172.666667954
171.487100386
174.673501931
173.045509653
173.227250965
175.787436293
177.581335907
176.161096525
172.491401544
171.595328185
171.731490347
50.4959961538
176.03176834
175.611953668
170.575694981
175.623915058
174.416679537
173.638235521
176.309610039
172.798972973
174.428945946
174.105200772
174.335162162
175.692664093
173.035285714
172.744830116
176.958297297
175.950389961
174.762081081
174.938733591
171.939880309
54.3976692308
178.310710425
178.251250965
177.48265251
177.908528958
177.232011583
174.660911197
177.344332046
173.627023166
172.720185328
173.119776062
177.186938224
175.802903475
176.585247104
175.33003861
172.869949807
174.526223938
172.956142857
173.017250965
172.659830116
51.3567538462
175.360864865
174.273158301
172.973220077
173.627830116
173.4873861
172.934517375
175.227911197
174.873181467
173.385857143
173.131405405
173.812096525
176.677324324
176.264177606
173.432293436
175.090625483
175.741100386
174.223073359
175.624872587
172.492166023
52.1677230769
175.892243243
172.615505792
176.069339768
173.447857143
175.040888031
175.48642471
173.963
176.014444015
175.70184556
173.634007722
177.780247104
174.152992278
175.345146718
174.605266409
175.482073359
173.494030888
173.059312741
175.702517375
173.52803861
51.44155
176.054451737
172.999301158
174.217204633
174.19230888
178.66319305
178.316498069
173.996065637
174.945250965
176.014393822
174.027899614
176.13807722
174.955803089
172.905127413
173.672297297
176.138108108
174.956586873
171.687849421
172.230073359
203.216316602
51.2566653846
174.496247104
173.767378378
176.76192278
173.822223938
173.345092664
173.483050193
173.921903475
175.808015444
173.870864865
174.71957529
177.831915058
178.231471042
177.13296139
174.589733591
173.604447876
174.471745174
173.824092664
176.994119691
174.116042471
51.0497384615
174.751671815
173.01596139
174.653907336
174.976822394
174.013687259
175.469644788
174.340714286
175.636513514
173.522772201
174.378127413
171.394416988
177.665687259
178.719945946
174.204262548
173.697694981
171.150722008
177.7703861
177.614162162
171.118694981
51.9886423077
175.345474903
173.818471042
173.678656371
174.274733591
173.110837838
174.181795367
176.004285714
175.6746139
172.171111969
173.605216216
172.008247104
171.370332046
175.016084942
172.869945946
173.858459459
173.672644788
174.365451737
173.775953668
159.948733591
54.5916807692
174.234027027
175.165779923
174.936617761
175.284714286
175.72776834
176.16811583
171.46327027
172.060559846
176.409023166
175.148779923
174.191594595
172.466602317
173.420667954
171.892131274
175.58457529
174.730108108
174.478903475
173.409382239
172.492722008
51.3531846154
177.138660232
177.901725869
175.302888031
175.826702703
175.393586873
175.231918919
174.841297297
174.523899614
173.060285714
176.643706564
175.396247104
176.649247104
173.294930502
172.244598456
175.15215444
175.806177606
173.161420849
174.903525097
162.623088803
52.8972923077
172.799849421
174.578084942
172.258162162
176.275849421
174.463042471
173.320223938
172.691667954
175.125837838
174.535351351
175.30703861
177.083065637
176.64284556
172.89611583
171.61896139
174.747494208
174.804247104
173.751528958
174.161710425
171.519397683
51.6676461538
172.625042471
175.051108108
175.859169884
174.319305019
173.561100386
173.539416988
173.258849421
175.010571429
172.868957529
177.584687259
175.602177606
174.190436293
173.236918919
175.683857143
178.619872587
178.271015444
172.575250965
174.546297297
175.344544402
51.1997192308
175.704416988
174.811046332
174.727042471
175.670065637
173.523428571
159.609509653
174.130328185
173.611679537
174.460312741
174.66011583
171.149733591
173.246714286
173.240328185
174.473648649
175.207640927
172.134942085
162.00757529
175.125351351
175.658980695
51.7026884615
178.482752896
175.781277992
172.309266409
174.097822394
173.828490347
174.467586873
175.276590734
174.349501931
173.624907336
175.641610039
174.680455598
173.829366795
173.499903475
174.302305019
176.554876448
175.877718147
175.121162162
172.85992278
169.925277992
52.1654115385
176.613772201
174.776065637
173.553799228
175.454521236
176.309706564
174.600239382
176.90203861
177.148173745
178.318745174
176.978498069
176.249293436
176.295019305
173.995953668
174.913559846
175.276733591
174.776451737
177.171559846
176.099474903
172.546548263
51.2567730769
174.433494208
173.64892278
173.368405405
176.754606178
177.217976834
175.680783784
174.931440154
175.819235521
173.520942085
173.244119691
173.660328185
177.702509653
177.104513514
175.600872587
175.768023166
175.718749035
176.115200772
176.05953668
172.152810811
51.2506884615
175.003868726
173.002343629
175.06688417
174.653718147
174.337857143
173.891972973
173.947297297
175.099660232
176.195378378
176.576359073
176.84307722
177.163880309
173.518965251
174.348389961
171.099169884
176.692281853
176.704849421
175.083633205
175.000849421
50.2814115385
176.840393822
174.600088803
175.132335907
174.647498069
175.175972973
172.736822394
174.368204633
174.105702703
178.064034749
178.277756757
174.492092664
174.289818533
174.793250965
176.219517375
175.870741313
174.555447876
175.825397683
175.348111969
171.038552124
50.8761307692
178.497872587
173.447671815
176.011957529
174.424374517
175.978146718
174.658895753
174.072749035
175.127837838
177.09411583
177.412
160.0586139
173.362335907
174.836142857
174.936976834
174.249019305
176.30972973
174.688042471
172.795706564
171.314428571
50.8196346154
178.857416988
174.360509653
174.267428571
175.989316602
175.090818533
175.414648649
174.867752896
175.191814672
175.121861004
174.184181467
175.691976834
174.232934363
176.000633205
172.77111583
175.873227799
176.456220077
172.614034749
172.221733591
171.355138996
51.0309115385
174.273027027
173.462849421
175.445100386
176.290389961
175.670567568
175.235718147
174.220868726
177.412872587
174.912957529
173.812679537
176.618849421
172.92280695
174.778111969
176.550498069
174.645455598
176.763498069
175.919826255
176.335355212
158.403799228
52.0382384615
177.095984556
174.377142857
174.633930502
174.83634749
176.239366795
174.014532819
175.303980695
175.933899614
172.695849421
174.570594595
175.326621622
174.266223938
172.617
172.915250965
175.553320463
174.805293436
175.606945946
175.548250965
159.185752896
50.8988307692
175.36234749
166.863698842
167.10665251
173.127015444
173.150517375
173.919791506
175.617826255
174.709992278
174.531610039
174.629285714
173.078861004
174.558092664
174.45011583
161.498088803
171.776938224
176.616664093
174.655019305
174.361648649
159.759903475
50.6600307692
174.925579151
175.700783784
176.094513514
175.83796139
176.415324324
174.082494208
178.175664093
175.552181467
171.585146718
174.11972973
173.832559846
174.064872587
176.335637066
177.197324324
171.491567568
174.045289575
158.957830116
162.048
159.056185328
51.1010923077
174.548996139
173.545050193
174.298
174.641965251
173.419332046
174.349791506
175.324073359
175.633633205
176.001976834
176.092764479
177.438826255
176.914212355
174.237370656
174.17634749
176.010972973
175.39380695
173.846972973
172.303984556
173.002509653
50.9896615385
174.757030888
176.282637066
174.196250965
174.154486486
175.639069498
177.692586873
175.42180695
174.087517375
173.887220077
172.815849421
175.799791506
175.655416988
175.225135135
176.158119691
175.682625483
177.067135135
179.211706564
179.441972973
172.556447876
51.3065576923
175.442440154
176.165895753
177.086258687
174.762200772
175.227297297
173.573949807
175.703525097
172.584177606
175.113181467
174.887555985
174.448185328
174.877783784
175.53853668
173.524389961
172.923455598
173.396196911
180.875486486
174.988243243
173.37472973
51.2360269231
175.353455598
173.804803089
174.411351351
174.670795367
176.764223938
177.167254826
176.239965251
177.183142857
173.971965251
175.581073359
173.403
175.139540541
174.087478764
175.962841699
172.117328185
172.545397683
175.773772201
177.066447876
171.128992278
50.8694653846
174.481984556
173.846069498
172.934382239
175.952687259
174.423042471
175.410610039
174.113888031
173.802552124
173.193320463
173.79911583
172.885073359
172.673984556
175.817397683
177.013343629
174.852034749
175.056401544
173.352953668
174.105532819
173.911239382
51.0945
176.899027027
176.648092664
174.727772201
175.70357529
174.959945946
176.166019305
175.941899614
175.123262548
174.707092664
173.829911197
182.342498069
173.696092664
171.804749035
172.747737452
172.124725869
175.192926641
175.126888031
174.242289575
176.075416988
50.9716730769
177.422297297
174.546725869
175.006405405
173.730984556
174.576718147
174.90796139
177.161420849
177.591366795
175.782984556
176.064003861
177.584567568
175.800586873
174.609934363
175.442779923
174.985301158
173.430818533
176.401382239
174.507911197
171.081277992
50.9597692308
177.453888031
174.307042471
176.033019305
174.427204633
176.936799228
177.840490347
174.62776834
175.915779923
174.75715444
174.388436293
177.14472973
176.479166023
172.561656371
163.257799228
174.32653668
176.744042471
172.100378378
172.601451737
173.8226139
51.1839692308
174.383756757
173.80323166
170.63896139
173.984096525
175.731741313
176.915054054
177.271972973
174.089779923
176.906498069
173.947722008
173.730158301
173.885980695
172.242401544
173.778787645
172.915258687
175.892779923
176.376783784
175.595135135
171.413544402
51.45835
177.001081081
175.132208494
176.20484556
174.11803861
175.021864865
177.660764479
176.120876448
175.467687259
174.393297297
175.99153668
175.834054054
176.457482625
169.354111969
175.675050193
177.327621622
172.536281853
176.188706564
174.988177606
170.726297297
52.4465461538
176.937444015
175.327833977
175.717664093
175.770949807
177.279656371
172.965810811
176.859293436
176.049783784
173.41415444
172.866864865
176.966957529
176.775316602
175.180513514
173.888722008
174.293220077
171.844930502
175.114382239
175.800945946
158.449023166
53.0121846154
163.590459459
172.750146718
174.182374517
175.883046332
175.528200772
173.935405405
175.181023166
173.428586873
172.75772973
173.063169884
176.853745174
176.23311583
175.193370656
173.422393822
175.58515444
173.920752896
176.016382239
175.052428571
172.062301158
52.0991230769
173.125065637
174.124555985
172.948849421
175.300138996
172.29957529
172.826351351
173.669428571
175.883745174
175.241324324
175.195142857
175.108741313
172.783092664
175.679621622
174.072436293
175.022741313
173.424444015
174.87084556
175.308509653
171.93511583
53.5575884615
172.352328185
176.773243243
174.294837838
174.684718147
177.129370656
173.078915058
173.179459459
174.683861004
174.664250965
171.957714286
176.128567568
177.834525097
172.410741313
173.20557529
172.263833977
172.507810811
174.879706564
176.314849421
171.227370656
52.3342230769
172.514756757
170.888146718
175.32423166
176.351776062
173.125397683
173.154436293
173.563853282
175.422818533
176.414444015
175.313637066
173.573482625
174.50392278
175.214888031
173.81311583
172.782011583
176.087656371
171.643142857
172.534567568
158.544996139
51.6158307692
177.210073359
175.608795367
173.840583012
175.679911197
177.251042471
176.63007722
174.256571429
173.704633205
174.353853282
173.040969112
158.431374517
174.076725869
171.597590734
173.63811583
172.084177606
175.71246332
175.546220077
174.700648649
174.123007722
51.3069038462
175.068949807
174.662436293
174.146432432
173.009305019
184.082378378
173.908057915
174.577204633
174.048776062
176.963266409
176.820629344
175.102374517
174.247482625
174.297787645
175.14827027
172.653146718
173.543764479
173.81127027
176.236868726
170.523405405
51.3601769231
176.034374517
173.731683398
176.425795367
176.008409266
175.609409266
175.45372973
174.170432432
175.725084942
176.863459459
175.963065637
174.971320463
173.569393822
172.642092664
176.097181467
172.261594595
172.093606178
173.58696139
174.474826255
158.145355212
51.5386153846
176.421073359
177.498146718
174.401849421
178.020173745
173.404478764
175.036274131
177.0563861
176.664123552
175.928710425
175.679640927
178.036710425
177.242355212
177.756343629
176.622579151
173.538664093
173.524528958
173.304027027
171.835057915
170.784637066
52.6501769231
175.644382239
175.463702703
172.686509653
172.349969112
174.413127413
174.425494208
176.622162162
173.842440154
174.204698842
175.668490347
175.72284556
176.323938224
174.354196911
175.368335907
175.390474903
174.284301158
173.435818533
175.885764479
170.959891892
52.6016576923
173.710243243
173.891362934
171.398015444
171.690436293
175.646254826
174.122675676
175.337880309
173.03923166
173.902011583
174.406100386
177.314196911
176.716602317
176.777891892
174.130416988
172.734185328
173.388243243
175.108899614
173.212714286
171.769505792
50.8540153846
178.904749035
173.597042471
171.376810811
176.755926641
176.954737452
173.782880309
172.841552124
173.041984556
173.490872587
173.084254826
175.393548263
175.258108108
172.479903475
176.549857143
174.125135135
174.556146718
174.018127413
175.633212355
173.912509653
51.7446076923
176.961648649
173.63342471
175.445046332
176.07657529
173.766683398
173.01957529
176.098872587
176.347841699
177.363096525
173.956706564
175.289706564
173.298216216
172.316073359
171.547706564
176.507451737
173.292687259
173.593019305
176.714355212
172.973015444
53.8503846154
176.500223938
174.211216216
177.94430888
177.738281853
173.327741313
173.921760618
176.693100386
178.731227799
176.167563707
174.231830116
172.602397683
171.964343629
172.783752896
174.285088803
174.241741313
174.893173745
176.314108108
173.344501931
170.362687259
52.5264153846
175.498486486
175.023532819
172.334745174
176.546586873
175.691555985
177.857405405
173.805011583
175.279289575
173.344725869
174.351810811
173.709305019
174.280992278
172.403413127
173.249965251
174.911571429
174.158254826
173.655204633
173.82176834
169.997486486
50.5275923077
173.429660232
173.192216216
175.971494208
173.893289575
174.721324324
173.7036139
173.689876448
174.786915058
173.124320463
174.817938224
172.405471042
175.441957529
175.605617761
174.902760618
176.346254826
172.901826255
173.83146332
175.303617761
158.478583012
50.9649538462
175.51296139
173.3483861
175.778787645
175.790426357
180.00023166
174.632
174.872301158
176.545455598
173.990861004
173.095953668
171.386606178
171.400857143
174.935444015
175.056015444
174.721521236
173.523305019
171.290339768
171.676366795
170.723061776
50.0462307692
173.513247104
173.174046332
172.928227799
172.759177606
179.041718147
179.654764479
177.054980695
176.923737452
173.831223938
174.147567568
172.704046332
172.586934363
177.494250965
177.419266409
175.697945946
176.870915058
172.912540541
172.814694981
158.841779923
51.1174384615
175.245254826
174.010003861
174.101104247
174.77476834
177.472281853
176.836590734
173.444660232
174.084988417
174.257440154
175.846895753
173.878868726
173.796181467
174.407837838
174.362034749
175.512810811
177.321818533
176.182965251
174.914312741
172.662173745
50.8448961538
174.723915058
176.317482625
175.243023166
174.171710425
174.023725869
173.648606178
173.382640927
173.287332046
174.790247104
176.882416988
171.6496139
173.035015444
173.368903475
175.782648649
176.084150579
174.781324324
173.764783784
174.671833977
174.128397683
54.5975961538
176.051675676
174.846482625
174.316895753
177.048633205
176.359135135
173.564247104
175.46034749
175.355370656
175.365675676
175.035447876
176.378996139
173.73203861
177.430297297
175.803243243
175.527397683
175.237590734
175.34988417
173.284069498
159.749505792
52.3949423077
176.647223938
177.249266409
172.064498069
174.337776062
174.654258687
175.781969112
176.414498069
181.94111583
171.837787645
175.163378378
172.576996139
173.884687259
171.774891892
175.32234749
177.887359073
176.250861004
173.586563707
172.840926641
163.564799228
50.9157923077
175.081891892
175.817316602
172.869872587
176.720926641
173.879621622
176.081880309
175.692945946
177.008799228
175.639015444
174.655698842
175.799189189
173.233003861
175.746235521
175.326822394
173.649517375
173.463297297
173.968177606
173.197764479
170.724571429
53.6329076923
178.275984556
173.547548263
178.100532819
177.528911197
173.188675676
173.721737452
176.49311583
175.335509653
174.298100386
173.267119691
173.50203861
176.774942085
176.440918919
172.974235521
173.879741313
176.593196911
176.563714286
176.516416988
172.637351351
51.4326346154
177.161239382
174.262749035
173.949965251
174.539976834
174.252459459
176.034277992
173.599841699
176.014698842
172.761247104
175.167258687
172.93634749
176.338370656
177.440579151
173.786826255
176.251027027
177.364760618
177.129478764
173.664088803
171.249664093
51.4563423077
176.332019305
176.418050193
176.857444015
173.676355212
177.291687259
176.012119691
175.123220077
173.369737452
176.315980695
178.502787645
176.093683398
173.067942085
174.147254826
173.055281853
173.685822394
173.708100386
176.921868726
175.652440154
172.106019305
51.6248538462
175.130420849
176.066204633
175.76388417
173.483660232
176.116664093
175.216177606
174.218594595
172.905478764
173.50365251
172.694138996
174.228447876
173.629138996
174.944359073
174.38965251
176.676833977
174.168671815
175.065606178
172.976266409
160.736490347
51.2994961538
174.178007722
172.675540541
174.943084942
172.455640927
173.593598456
173.973200772
175.253818533
173.751945946
176.361305019
175.904034749
171.442528958
174.037606178
176.491563707
172.074583012
172.893942085
172.670517375
177.522397683
174.348227799
158.36023166
51.0417615385
175.823158301
173.394830116
176.625420849
174.641749035
176.29157529
175.880138996
174.558092664
176.23053668
176.463416988
175.614660232
172.020057915
173.117138996
174.177359073
173.821362934
174.252864865
176.600250965
175.211034749
176.580297297
174.547776062
52.79
176.18876834
173.863162162
175.445567568
175.214100386
173.304895753
175.437714286
175.078567568
175.226332046
173.114602317
174.958694981
176.197223938
175.986343629
174.095486486
174.148254826
176.383590734
173.863243243
173.448818533
173.844444015
172.424555985
52.8600384615
176.90211583
173.537957529
173.752204633
173.299312741
174.502822394
176.211648649
178.220173745
177.752915058
176.915776062
175.923660232
177.87180695
177.136752896
174.626382239
173.896675676
176.023594595
174.777166023
176.337208494
177.354648649
172.53130888
51.7357961538
176.307401544
174.086864865
176.866791506
173.344544402
176.474301158
174.162861004
171.522289575
173.164447876
174.875138996
173.855853282
173.360687259
173.696436293
171.007088803
173.84823166
174.25592278
170.476138996
174.998899614
176.095034749
157.892934363
53.4597
175.794332046
172.891594595
173.500111969
175.240980695
176.436467181
172.7876139
175.473471042
171.507320463
173.701559846
176.653436293
175.330640927
174.976177606
174.679162162
174.618227799
176.653903475
173.874559846
172.377590734
175.961837838
170.591409266
50.9400730769
173.485088803
174.511644788
173.218799228
173.103096525
174.226328185
175.045644788
175.148189189
174.705706564
175.632926641
173.77207722
177.242034749
175.87742471
171.056772201
171.17576834
171.231490347
172.259621622
159.312370656
173.690926641
159.560050193
53.7133230769
164.068274131
174.292660232
174.876378378
173.018274131
178.618447876
178.49919305
178.944996139
174.69088417
176.838069498
177.541015444
175.805880309
176.703220077
173.139779923
172.887150579
174.165938224
173.789915058
176.348891892
175.097413127
160.474096525
52.2726230769
174.875374517
176.474671815
173.21003861
171.633640927
173.231841699
172.083841699
172.304011583
172.483065637
175.037833977
174.546764479
175.578274131
174.542791506
174.979030888
174.660312741
173.874559846
175.182501931
175.349559846
176.954667954
170.992822394
51.0615423077
174.698617761
176.020258687
173.667610039
175.683451737
174.35484556
175.717366795
175.146494208
174.37780695
173.694034749
174.807111969
173.777957529
174.322362934
175.985088803
175.625644788
177.014254826
173.811003861
178.069177606
177.358397683
160.409949807
50.6994423077
173.546895753
176.9283861
173.931111969
176.892563707
174.341092664
175.830949807
176.061293436
175.046648649
176.861640927
176.160104247
174.063687259
173.210204633
175.610602317
174.227467181
174.712849421
172.713324324
172.158779923
173.33453668
162.436054054
51.6001961538
174.758776062
174.726196911
175.709131274
175.503289575
177.937888031
177.415212355
172.351644788
174.470644788
176.359247104
175.923667954
176.619509653
176.217393822
174.660633205
172.515992278
174.640316602
175.234525097
174.138416988
172.696254826
159.436996139
49.9670038462
177.086312741
174.07776834
175.281567568
175.464787645
175.823972973
173.883930502
175.103378378
177.708694981
175.144378378
175.456185328
175.319675676
173.902042471
173.264586873
174.646034749
176.800826255
176.038903475
174.888405405
173.92588417
174.541644788
50.2273346154
176.269073359
177.417532819
172.94080695
174.390779923
173.183532819
173.380675676
175.138779923
175.33988417
175.056397683
175.120119691
173.545335907
172.814011583
175.160725869
173.618467181
174.51027027
175.501625483
177.329084942
173.893185328
171.492957529
50.1886615385
176.218374517
176.901393822
177.16103861
176.163949807
172.965872587
173.715776062
176.120420849
176.101776062
173.867250965
174.286722008
176.073853282
173.901501931
174.336243243
174.95484556
176.013841699
174.98846332
174.901737452
174.765745174
173.320826255
52.2207115385
174.309737452
175.676158301
174.432637066
173.300393822
173.562980695
173.75896139
172.367355212
173.643146718
173.816803089
177.147011583
175.952795367
177.3976139
171.702131274
175.55942471
175.084370656
174.758907336
174.394671815
175.131876448
176.598505792
51.6020846154
175.052370656
172.800467181
173.959023256
173.969305019
174.517104247
175.123760618
173.319926641
174.974227799
175.046996139
174.941980695
174.345830116
173.074918919
173.2263861
174.688625483
174.560934363
174.518953668
173.836525097
173.324791506
159.165239382
51.1705615385
178.195969112
175.226166023
173.406173745
174.308343629
174.105741313
177.34223166
174.162069498
173.966223938
175.529996139
175.955949807
174.008023166
173.347208494
173.090579151
158.282783784
173.76588417
174.943416988
175.657061776
173.213841699
170.723702703
51.74735
174.656108108
173.560671815
173.66053668
173.334432432
177.321957529
174.734131274
174.717779923
174.763220077
175.625857143
175.131420849
160.537528958
175.392498069
173.153710425
172.899258687
173.070351351
176.154822394
176.135957529
177.293181467
174.187297297
51.9262653846
176.86346332
176.194918919
172.752675676
173.529258687
174.955374517
175.417756757
173.668949807
174.438586873
171.838050193
175.949285714
173.099027027
173.327366795
174.592741313
176.504243243
175.280752896
173.381374517
177.138301158
177.381598456
171.161617761
52.0174538462
175.16123166
174.086436293
170.953181467
171.53042471
176.01211583
177.502409266
174.782084942
174.350467181
173.685517375
174.056725869
173.799042471
175.211525097
173.121413127
173.88634749
177.097675676
178.911903475
174.876474903
173.183490347
173.343664093
50.8009615385
