32.1906171972
29.5268967032
28.6245701292
28.888361785
27.8193222642
28.9215666267
29.1265211615
29.4979470999
29.5745286496
29.5675165524
30.02625535
31.2851002265
31.1862297704
31.0456501187
31.6908349549
30.2607847885
30.162973089
30.4265337211
30.2987026956
17.7860008774
28.9381341979
28.6910820579
29.8776926724
28.9851647511
28.4330198615
29.5448660014
28.4686845198
30.3848080929
30.0940868586
29.5292241399
28.8823692136
29.4866570879
29.2672903231
28.9289043659
28.8126479531
28.6230377957
30.2172998398
30.5680441446
28.761661038
17.0817746284
29.5395810385
30.0063208712
30.5792299663
30.9663011892
30.0202607534
30.2961119587
30.3391570111
30.0137315785
30.323738259
29.773373475
30.203215049
29.7633607252
30.4934889022
29.6346397829
28.9513899508
29.5169961488
30.6338818008
31.395888541
30.6534456556
17.7561001894
30.0995214523
30.6530864529
30.6307873897
31.5357766824
30.7785982098
29.2927740983
29.9733143111
30.7321686649
30.1237247501
30.7624928436
30.0678154253
30.3455082169
30.3548304156
30.2382415298
29.7505095147
30.1368046212
29.1549081897
29.7541236602
30.7785606638
17.6399909819
30.1872410052
30.2412296162
28.7503273948
28.0753676363
29.8573350797
30.8148160426
29.6854445186
29.6041422699
30.1521886323
29.9349862073
29.632448317
29.4320878984
30.1651723239
30.1203482674
29.475056435
29.4687472112
29.4096231152
29.0716332641
28.1479768
16.3944598148
31.0584120592
31.6773380387
29.5377090071
30.029583968
30.1826206998
30.806444143
30.9589285185
30.1280116761
30.5130136985
31.4711758315
30.3506157605
30.2028018632
30.0615104166
30.7668280055
29.824463065
30.1635908067
30.2416895951
30.2498367535
30.5243881574
17.6975116915
30.7465139765
29.2544113828
30.5080556138
30.8614758166
30.3866539235
30.2827616029
29.0111593847
30.7018262131
29.9785883015
30.537328674
30.1573768279
30.2386227233
29.2382366019
28.7519570717
29.7131116366
29.6033772721
29.857811211
30.4932626179
29.7208366129
16.8192900646
29.854253081
30.405662069
30.4351800935
30.6961747604
29.73133746
30.8944295014
30.2838113841
30.2234552883
31.6140761085
30.8129846552
30.5730243106
30.0672988168
31.0592366042
30.4299314495
29.8290745035
30.6554320203
29.8471065067
28.8149436118
29.5980739795
19.1795640706
28.6142568117
29.5737507796
30.1076459819
30.9655028683
29.7696731184
29.5475574901
30.4019087079
29.9882560524
28.887295078
29.419564136
29.382539034
29.9091017966
29.4341747888
29.5576954271
30.0354831748
30.020937281
29.93516365
29.5845582098
29.08721514
16.5264118645
29.9956812557
30.6472703381
30.3861718204
30.2751631416
31.1440437213
29.7701949549
30.166964091
29.2717530376
28.6429481853
29.7886659886
30.4566990429
29.9389155251
29.6670667291
29.0119335439
29.2044295411
29.7709205439
31.2987129407
30.6798916254
28.7568966907
16.9153695901
28.7986175994
29.9961227044
30.034714012
29.6865477495
30.8304496821
30.3564633179
30.6795648805
30.5950403746
30.3584670789
31.1482470041
29.8599133975
30.1915343459
29.8856886864
30.1505655286
29.4551358843
30.5614378158
30.9337419031
29.5107263482
30.8463076331
17.5041287453
30.5471642111
29.6348713898
29.6626007726
30.0028140614
30.3757870176
30.3504087268
29.9788742592
30.3084619189
30.7866371639
29.0299191179
29.7385485781
29.3415720103
29.1492207047
29.9203090759
31.3243156132
30.919959781
29.2732322529
30.3906609675
30.2342123941
17.4952745467
28.2705863647
30.1454604326
29.1511228669
29.5994128811
29.292572831
29.2473743998
28.8376110566
27.9821683909
31.0123423462
28.9558747279
29.9983080174
30.7357000675
30.2428870124
29.134452747
30.6709280743
29.7258326678
29.9685100567
29.8581581434
29.1722085996
16.0371581671
29.6589240579
30.20493758
28.7435099039
28.7567226907
29.5324589797
30.1208122918
30.0796232054
29.1783513716
29.1529807782
29.0680084639
30.5201236389
30.6393944654
29.0112576408
29.4077832061
28.5105016886
28.653790938
30.3347230106
29.1977648996
30.1415091908
17.0993900325
29.6288441405
29.9546437189
30.8681322136
30.8311037912
29.5828840233
29.8280728897
30.5382415534
30.3749023523
29.3148522249
30.1776799631
30.3944714723
30.3514669721
30.5088856305
30.9717544714
30.5504356264
30.6064324137
30.8106439474
30.8019692943
28.9531616457
17.2535502333
30.5768003706
29.941068702
30.8476465119
30.7363191434
30.8061577823
29.5804880874
29.2879762839
28.8097451877
28.9730713058
30.2527124309
30.4631832487
29.1769081916
29.9058224636
30.5985692116
30.3831078278
30.8317998517
30.0039102277
29.4954417828
29.8683484124
17.0731410247
29.274951611
29.3642373296
29.8187899829
30.038027452
30.3118124364
30.0348341682
29.9441149678
30.4513131196
30.1609965284
30.2786874375
31.4864082676
31.8396192168
30.6902948895
30.6781100659
30.755627366
30.0600674846
30.7848821104
30.4052665236
31.1961199102
18.0996746187
30.3364691914
30.8064577739
29.6038301085
29.4810308262
30.5539112582
29.8058732542
30.3748145948
31.4587536184
30.3921543406
29.8316202245
29.7895789509
29.3139738777
30.568722221
30.6823592806
29.7431762144
29.6743303041
29.9650819172
30.6300156311
29.6012332599
17.5683349309
29.2148356774
30.4258139631
30.7784125486
30.2887749293
30.3359881368
30.1516816507
29.1004047223
29.725200011
29.8691625785
30.369583437
30.5103260109
29.5851868403
30.1958965677
30.924134049
30.4332930305
29.6911397131
31.374403825
30.6169008494
30.3135249147
17.1012358095
30.1155252111
30.2969049011
31.0493292661
31.4518932004
30.2316351918
30.7598192023
30.3133230006
30.5368782685
31.0263735192
29.8232742343
30.3852629644
30.5177745755
30.3964836284
30.643798076
30.0686389103
30.3126861573
30.8688998368
30.1680209617
29.6455134345
17.3774118542
30.3650027336
30.2304103848
30.3104336686
30.5195086424
30.2504928399
30.0427744636
30.611000506
31.6101978666
29.8412961727
30.6581399437
29.7602652991
30.45140606
30.6946513731
31.3440767041
30.4254863
30.6263486178
30.7233557059
30.6774395367
29.9827357222
17.2877757424
28.1314692491
29.1565444708
29.3395561277
29.1693567909
29.3033149783
29.4792823361
28.0058330368
29.9014460478
29.8673583664
29.0266839744
30.1251785598
29.4047431802
29.6747791653
29.0636110633
28.8118311787
29.1041747926
29.3019537465
28.7457038911
29.0383845438
15.9403417355
30.0000457683
29.6245380787
30.4728298809
30.39347643
29.8315468802
29.0629343661
28.495345053
29.5876789479
29.6252263821
30.4133577845
29.8784901109
29.7141098988
30.3461001291
30.3002990567
29.950977522
31.2037594165
31.140015261
30.705311279
29.5380488424
17.0455428866
30.0812832176
31.1842644576
30.1354804626
30.4329143391
29.927725863
30.3374657206
29.0705955012
31.2448137948
30.1989910967
30.3243599033
29.6543877089
29.1692569406
30.8620969023
30.694024675
30.3463146665
30.7409557372
30.2986985366
30.0082891057
29.6740082828
17.6842723963
29.9974530571
29.9609526061
30.2453146773
30.3679851992
29.8837571758
29.6645010388
30.4299239705
30.9936541972
29.2954408679
29.5192197452
30.3087026894
30.8084591725
29.9367925473
30.5081657831
30.3164529099
29.9754530911
29.6004592298
31.8085782674
30.5676823278
16.0120563542
28.7654667542
28.7206468188
29.3996818629
29.318152792
30.4837484149
30.3761233918
29.6271438249
30.0848090845
29.7986514511
30.277256091
29.2705208929
28.9773464352
29.3663946961
29.6295425409
29.4554152812
29.7606902809
29.1452182081
29.4578314241
28.2766649387
17.2189273874
29.5572225908
29.582815847
29.9697810454
30.290327109
30.3444200608
29.7585142366
30.0843685019
31.284001265
30.6417978186
29.868423801
30.0863387098
30.3109658645
29.7874989506
30.6119923477
29.953394798
30.5370726615
29.5628542665
29.1964442042
29.3607695768
18.1462369241
30.1108533105
29.4399431503
29.6262967938
30.2382265179
30.5882983975
31.3589299602
29.9151999018
30.2794088828
29.4755027816
29.8399591212
30.4290440265
31.5429708451
29.5973845118
29.7615242707
30.2482465432
29.9062197514
31.0613623282
29.9809452582
29.5627348503
18.3519213396
29.3103099288
28.7579482545
29.7276328733
29.4512921588
30.8331012634
31.0448197474
28.6379450366
29.3248006357
29.7795366811
29.5749811516
29.7900710024
29.0789890945
30.0790626639
29.4967720834
29.4462840167
30.5019355329
30.0483225783
29.7445526003
30.7409309612
18.5052744034
30.0919238605
30.3361931628
30.2358429698
30.7062748708
31.0085543827
30.5265837339
30.7335339333
30.0815519394
30.0760282217
30.9505517079
30.6395574433
30.197289723
29.845769625
30.1228908507
30.6075269689
30.4394207154
30.7204708353
30.9001372545
30.6203671201
18.5464833826
28.1406263076
28.6407257803
29.8090850775
28.7541990779
29.0367956119
29.4829500403
29.8040818685
30.549684097
29.7549781099
28.7729233492
29.100065618
30.7090616977
28.8604102106
28.7900858364
29.8915423693
29.4065773179
28.9014433892
29.4281026505
29.2352408145
17.5771541814
29.4765399732
29.7777479737
29.4493114536
29.4064053007
29.5474376454
30.1400372943
30.456787703
29.679001029
29.8242816875
30.3495576895
30.5088983612
30.2658876605
30.7478792789
30.9796041181
30.4978201347
30.0709079626
30.3732705849
30.9634352727
29.8015474536
18.9085410245
29.5433403342
29.0470235464
29.2988120279
30.6347233565
30.3432093491
30.009255157
30.0390746374
29.3766129312
30.5208754661
30.7756061882
30.3931328628
30.3306643698
30.5583642536
29.5770818891
30.7293922117
29.9343532822
30.6113440326
29.9998516353
29.3525026261
18.6942322431
30.2947505709
30.4720537976
29.7798611284
29.5593950207
30.2871640357
29.7789093019
30.1589515705
30.2989573037
30.1150832975
30.2943767169
30.7361308777
30.2153669435
29.6839582419
29.4388750333
30.3605917045
31.3255606806
30.1250015991
29.8375139185
30.0128983417
18.4592115725
28.2882480216
29.9248392589
28.9334680416
28.7090485274
29.2953398823
28.7030630453
28.5303234054
28.3800536392
29.0138923818
28.9356185077
30.3292776145
29.906372789
29.5113709987
29.3961015959
29.0543397569
28.0162075395
29.2827555353
28.4152087392
28.5453727038
15.9738211777
30.2394107491
30.5441254015
30.3964807707
30.2176396079
29.7658604764
30.0310132749
30.3659720072
30.1486669251
30.538945506
29.8872142672
29.3761721323
29.3808602705
30.8672021647
30.8605329608
30.9111261334
30.2941011265
31.5818092672
29.9529481846
31.3373206971
19.7070416245
30.0872951876
29.7404849059
29.465594421
29.254358324
29.0941212949
29.7176727626
28.0697224511
29.2027262463
29.1153660036
28.8053528364
29.185027356
28.6654795291
28.8287070511
28.3504315504
29.6638961456
28.0865671687
28.9250441887
29.51462092
29.2239149168
16.706228309
30.3333260731
29.5101614763
30.504787549
30.3398985736
30.2533434696
29.6117620662
29.8902539611
30.449171555
29.7982865763
29.2016268503
29.4603807248
29.7393789992
30.8312206664
30.4362954014
30.1873660989
31.224030275
30.1818498948
30.1652905228
30.169128823
17.9163419212
29.9216754146
31.3871941592
29.1977521614
30.5332127891
30.5528734969
30.1194308561
31.098236419
29.2630242675
29.2797886592
29.1277756614
30.6172685109
30.6780232601
30.0651842537
29.9565450204
30.3638754341
30.8418906146
30.2661388314
30.078716112
30.0131523042
16.2465134804
31.1223885553
31.1812741339
30.6658963755
30.3172713629
30.5528457136
30.8285043994
30.7031016714
29.8733821479
29.5952064035
29.9802907434
31.2413820432
30.5504712711
31.2507338352
31.139134156
29.9682046876
29.5282631236
30.4675223611
30.1342416869
30.2057112951
17.6546700537
30.8054064799
30.6875927155
29.8251272037
30.5853067577
30.3180237306
29.8499369509
29.3967832043
28.95993804
30.2952227042
28.8679705935
30.2775282763
30.4985911252
30.4609861766
30.4263870454
30.3523001328
30.9411287389
31.3044648596
31.4646569359
31.7289502675
16.7828437751
29.1994727836
29.0261989567
30.8557355994
30.3621787504
30.0813597648
31.22531504
30.2531287753
30.4661600334
31.0721824888
30.8154446284
31.2537583905
30.8303748749
31.1334218016
31.0498666995
30.9665617022
30.1084080983
30.7883298505
30.6139002583
30.0635542038
16.7068984689
30.0846822647
28.9626083537
31.3423301482
30.6875175014
31.0827306532
30.7217623557
30.3877858426
31.5874983407
30.617051291
30.2436243045
30.4464282769
30.9559215871
30.3804233938
30.0669917928
30.5629782133
30.8131430041
30.3752425428
30.0922232131
30.7882086792
16.963558412
29.3173131543
29.7864733785
30.6333838613
30.7469691469
30.6395889217
29.9459866513
30.019766646
30.9188497515
28.6441756142
29.9441719014
30.8455744815
30.7840163086
30.2566858753
31.1333445418
30.5874167782
31.0950816025
30.5270296567
30.8110886154
31.3752972198
16.6122692184
29.6792009758
30.1970685995
29.5316567407
30.7840274503
30.5651546786
30.7572628104
30.6036499043
30.198536897
29.5541496803
30.0688223448
29.568438545
29.4413779649
30.1389677929
30.6137649469
30.4117988141
30.4313445742
30.3886843125
30.7025224192
29.9181001616
17.5486798478
29.6183323189
30.5000664432
29.9285484825
30.8583636623
30.2676236889
30.3800021986
30.3011728469
29.939920905
29.7977946639
29.09739013
29.8623505078
29.6304880999
31.5551190783
29.8126740395
29.6646271717
29.7164692318
30.26465423
30.3694776519
31.0542045039
17.4356651166
28.4571267456
29.66586866
29.7525282033
29.6344713367
28.4583134469
28.907232194
28.4471286399
29.0480518241
28.4504607389
29.316020676
29.5785000854
28.8375887485
29.9518278095
28.822639365
29.1440956073
29.4313851714
29.0480727887
28.9706383159
28.3140475288
14.6822069831
30.5313691523
30.5037544906
30.920585473
30.6940271296
30.3921243708
29.7986380141
30.5830159844
30.5424739735
30.3073722059
29.7519391511
30.5249572667
30.316565902
29.6327645184
29.6848677548
30.7011713895
30.6443053395
29.9154149642
30.6588370633
31.080110277
17.3374630469
28.4959472724
29.5378616983
29.1602707819
28.7862245798
28.9133251038
29.0259352761
28.912551637
28.5669698555
29.4036682918
29.810077616
29.8155168651
30.4049631589
29.0349284521
28.6530852074
30.461437168
29.6226830471
29.1424987555
29.508396606
28.3817263025
15.4769984822
28.9065297677
29.3242345467
28.1021492854
28.3540511493
28.9128111657
28.5644044259
28.6647711864
28.5075519538
28.7644035549
29.7268723311
28.8920059119
29.1929759906
28.7716661109
29.7455686238
30.2637049909
30.4991540251
28.3789673601
28.362610348
29.2637042041
16.5000560307
29.9024259204
29.5708599478
30.1958610208
29.659385672
30.1626448084
28.5230109032
30.5683364587
29.4086859664
29.538952398
28.8997059936
29.0482816965
29.9916666492
29.6366460894
29.1871579994
30.0291922228
29.2858794531
30.067379442
29.6262728612
30.6875834615
17.8152632284
29.7598773341
30.7070352789
29.8261695498
29.3169809969
29.3320821825
29.6172211025
30.887060905
30.8259781256
30.0633848248
29.9487557388
29.8323362256
30.2394733796
30.1482392473
30.6108924953
30.8038044905
29.4020156181
30.0826115634
29.312947581
29.357862998
17.860242799
30.8251008907
28.8610024314
30.1379929736
30.8913810849
31.0505433865
29.4520116218
30.8015515539
31.2030817681
30.9305195849
31.6671297053
30.4981992305
31.5674074169
30.3562700784
30.368052721
30.9330076813
30.3842492966
30.4241737441
30.8450071435
30.5936828136
17.4898469817
29.9124771624
30.4559991186
29.8194468602
30.2764732707
30.1446097608
30.1756179261
30.8559915609
31.1164109668
30.4574239186
30.4045785868
29.6850981725
31.3239351417
30.8047029784
30.2876402846
30.915533072
30.3493742353
30.279339925
30.9382517833
29.2888936722
17.474536384
28.0894632529
28.6242540463
29.3815057333
29.29926967
29.0178241446
29.2072336305
29.2649351493
29.0244122876
29.5926401742
28.9329694265
29.1334272958
29.9977148576
29.53274237
29.2419580789
28.4419616413
28.8990456754
29.0564758747
29.7681815394
29.8398245962
16.4354003494
29.4429972892
30.7824512201
30.5547547347
30.3283828993
30.179867294
29.2303713029
30.1057274315
29.4834256061
30.7033090747
30.1315669905
29.5186328854
30.0879789873
30.4818294607
29.2437289631
29.8087308167
30.0504406444
30.7469681784
30.6947089382
30.0875969186
17.5889629513
29.9595014328
29.3053148958
31.1841937514
29.9911408182
31.232183526
30.8103102109
30.17141096
30.3212113648
30.062620196
30.7314173314
29.3492281068
30.3025656236
30.7990956666
30.7900818546
29.7369661628
31.0216907018
30.6622836057
29.8185375159
29.2063794297
17.0930829256
29.4040703979
29.3658062745
30.2408528254
30.4273749805
30.515025328
29.3316789252
29.9498990217
30.3116075643
28.9712975408
30.1486775174
30.2023001002
30.2007789816
30.5211067777
30.2365042228
29.9214340328
29.9300882348
30.0868127679
29.5379304453
29.9690295735
17.5094847896
30.187492782
30.1458284024
31.6148468288
31.2186388826
30.4957347848
29.746007994
30.1358012909
30.9191350616
30.9836639992
30.5194715641
31.0878201435
29.8958569268
30.3887920659
30.4839292399
30.9279540418
30.6033515336
30.6732238506
29.6684653461
29.588543639
18.3399132995
29.4214766963
30.0041925131
30.851294853
30.4976600051
30.4989834754
30.6904209929
30.2293903246
30.4229180238
30.0296344801
29.6109002486
30.6463976595
28.79301754
29.6773589719
29.6840165446
30.3223472294
30.0729109863
31.5250541428
30.532075431
29.6088692244
18.0367435654
27.7122278088
28.8658898028
29.3548415301
29.3314002029
28.9138733249
29.2076576206
29.6143846958
28.959122832
29.5802184199
29.0384327546
29.4511568979
29.4879818714
29.2601327787
29.3695113375
28.1683494928
27.9660363443
28.3396227314
28.8788070873
28.971389193
15.4782173941
28.4979175592
29.7867907092
30.2646936507
30.4124842634
29.5116956277
29.8004995168
31.2122094344
30.7001875659
29.1263584986
30.7818933323
29.9476191286
29.9372435825
30.7458833654
29.9339968109
29.3454192381
29.663109687
28.3520518903
29.1050878523
29.2284393249
16.7067735879
30.1663514044
30.3901517523
30.1086842377
29.8906003267
29.7987642785
29.162428121
30.5070730801
30.8809647424
30.5196701361
30.659722202
30.6386151431
31.5739187881
30.0019242188
29.8779427896
30.2555909594
30.7111174679
29.6741684026
30.048197408
29.6285650867
17.5549340567
28.6743283904
29.6126048678
28.7243890645
29.5817483381
30.1436152572
29.9214050332
29.0167641574
27.7038053934
28.2067065702
29.4656353999
30.1285024697
29.2164151063
29.0838166591
29.6935444898
30.5029875865
30.0066789369
30.2359224522
30.6535341458
28.3603925685
16.260129976
29.4093670837
30.0208674752
29.5784888025
30.3631549048
30.9340719146
30.0426661009
30.2468332691
29.6484310232
29.4889832545
30.9219067656
30.1064912903
30.448911234
31.3557320445
29.9963615715
29.6468706793
29.3986535021
30.8725497288
30.2055981066
29.8055928065
18.1998232676
29.8490161842
30.3478949175
29.7332947324
30.0321665295
31.1476044108
30.3816422628
30.6169436277
30.0389382228
30.4910434156
31.4483611617
29.8242228066
30.8592426729
30.296324467
30.2142593915
29.3878267213
29.7733994539
30.6816178683
30.6398094117
30.136894843
17.5857969186
29.7544707323
29.6567453934
29.765610728
30.1992052587
29.9050421761
30.3861308624
29.3344374044
29.2315520538
30.7405695336
29.6890088512
29.9084054486
29.7796178344
30.6424629589
30.6281190503
30.1692069491
30.0329889448
29.4686555531
29.9752320056
30.2124817594
17.7008917553
30.3640196104
31.1024500994
29.8871685632
30.1275908039
30.6763508591
30.9723762271
29.940583759
30.6867516206
30.0986191765
29.9324711881
29.2420873969
30.1315088037
29.4519313758
29.5204257498
31.0780421528
30.7738624019
30.5579026508
30.6526172778
30.4413544371
17.8406223376
28.5151834966
29.033438558
29.0798967328
30.2451787947
30.4213575968
29.9752279013
29.6759156105
30.4224699948
30.5751586
29.8520593686
30.4436091588
30.8699539986
29.2941817405
29.4792107973
29.7260305455
30.3166550385
30.3599295828
30.4296006044
29.3542672871
15.9262253488
29.6214165613
29.2235643194
29.2247953237
28.412838944
29.6427006805
30.1387870246
29.5089568086
28.858659316
30.4848411126
30.1793751523
29.6251725947
29.7322189993
28.8677262385
29.1421896104
29.2574835459
30.5227269832
27.3644331964
28.2225427164
29.2179759202
16.584631993
29.7860907746
30.0262090459
29.8830155934
30.0950073284
30.4826809562
30.3355787772
30.0254574426
30.6737417941
30.5782192256
29.5765313075
30.4567368978
30.8832471296
29.7987362446
29.071135347
29.7454097034
30.8689458213
30.2110907219
29.1610544071
29.8325374886
17.4775277637
29.4788094631
29.7315336949
30.5257647919
31.2410532651
30.7974794599
30.8620872224
31.2948356036
31.2469198555
29.8870797404
31.0140585078
30.53421954
31.392641137
29.1242848163
30.7571805944
30.5773913991
30.0560221303
30.6138544733
30.4083467712
29.8094402417
17.6763305508
30.1159872824
30.0507582865
31.0158333236
30.6112767653
30.2187814074
29.5043333929
30.7514684185
30.813616271
29.9088927224
29.5290610203
31.0044555255
30.8245269217
30.5910242364
30.6712151455
29.6372779116
30.8980060655
29.7750470564
30.759917634
29.4181851432
17.168474188
30.6012618422
30.1253674578
30.4444797198
30.8951690959
30.1942016109
29.9350383942
30.5146198622
29.6534367517
30.088822215
29.7917653025
30.8570261389
30.5165127764
30.2354817969
30.5183998324
30.2106593749
30.2536543745
30.3531301903
30.805168622
31.0159441856
17.2541107938
28.9791471844
29.6289459738
29.6944073071
30.9542900851
29.2542910156
29.1995288662
29.9172654415
30.3366432301
30.8487818077
30.0075802503
29.7357866992
29.9768218497
29.7991481457
30.2869560194
29.9250585226
29.8588088107
31.0053434517
30.1764141304
31.0693454618
17.4730040851
29.0251528444
30.4195998784
30.3951758218
30.609511228
30.5441416143
30.0288481701
29.3149244971
30.266497274
30.8236552415
29.8958393829
31.2347661302
31.4735820234
29.6057231608
29.7882180001
29.5017853211
29.0710095125
30.723423694
30.2381362219
29.6805163649
16.621617062
27.1851262869
27.6251874825
28.737308549
29.0735886707
28.6438704099
28.2165717005
28.6051244853
29.3009391572
29.0281808486
29.7634690495
29.15133171
29.8064590879
29.2326082554
28.9099049038
28.7411305144
29.137883299
29.0717150916
27.9632521545
28.6325418263
14.4535780184
30.2370188133
29.8119344535
29.9532567342
30.5601080292
30.3741905069
30.2257383638
31.2121675249
30.6767337527
30.5250232313
30.0296013926
29.7039067634
29.4632412522
29.5816481495
29.3844503898
31.0737884506
30.493611811
30.4457921227
30.3669890123
30.1872668002
17.3089541206
29.0766574485
29.8159028474
30.7333416033
29.916205346
28.81260584
30.3845951212
30.1704417276
30.5230317098
31.0224638145
29.9838203443
30.5888988848
30.7853366927
30.6647203862
30.8663086178
30.1742798404
30.6821580486
30.2863993483
30.9309085009
29.9985481048
16.6256803662
30.5662251417
28.9867264544
30.9972321861
30.8221624739
30.4104623192
30.2477016119
29.8999113617
29.3742786073
30.1973068711
30.5966410276
30.6795507731
29.9682933246
30.0862178579
30.7999915891
30.5100871035
30.210243721
30.6892472895
30.7531293343
29.0774582497
17.4467563664
30.1900547179
30.7576100011
30.3298564268
30.6773692994
30.6354993193
31.273023268
30.3188601365
30.4824162811
31.0575797796
31.4163746602
30.2243014971
30.6065821352
30.7411971879
30.2788945835
29.6083963046
30.0022205097
29.5611833369
29.2331946439
29.4040719839
16.95971186
30.428093694
30.1367227963
29.3929319673
29.7542841407
30.5637378824
30.3391584023
30.8213539731
30.0188576999
30.2886337216
30.5180861144
30.8062353932
29.781681686
31.1255588053
31.6682934639
30.3219932236
29.3438478182
29.5685772697
30.8119824559
30.3100109281
17.0161554355
29.3050185887
29.5426184877
30.5190151143
29.9660384017
30.7440509986
30.175701788
30.6815186137
29.9240875919
30.5617856883
31.012753962
30.5376863595
29.9100733426
31.080572164
30.723025064
29.6166401335
30.1482714116
30.9390854468
30.0597210717
30.3821322524
18.5913817532
29.9574292906
29.856748282
30.613582082
31.4598945229
30.7128337216
30.3436942878
30.1487100352
30.5782277688
29.0590005296
29.6709249551
30.5659707136
30.5344395443
29.6939454623
31.3408872951
30.9303560868
29.8233047838
29.5059510154
31.2636662243
30.6391458262
19.1240134715
30.4644725704
29.216413247
30.0701145085
30.0234883228
30.3254364235
29.575589252
30.740350695
29.7089405434
30.7697065595
30.2178949722
31.1218039042
29.9758957078
29.3215473516
29.771731753
30.7217963683
30.3789714756
30.7800690929
31.1932008454
30.7489354322
19.4822064043
30.7014098271
30.6868878156
30.9702594717
31.012047604
29.596069438
29.6304397679
30.5481482741
30.449881385
30.038375113
30.3044262096
29.8004467487
29.0430331791
30.3775891061
30.297497256
30.5893486957
30.6159703819
30.6259359231
30.082773735
29.8524484614
18.2940004186
30.038623949
30.9416184863
31.2512757102
30.223563914
30.2651037977
31.2621490038
30.9768169213
30.8470421811
30.028112424
29.2871693773
30.6417643803
31.1050580949
29.4890211566
29.6151013607
29.7828029258
29.3093634929
30.1246373786
30.865965086
30.2985349066
18.9670643497
29.7835182096
30.06155562
30.4087221535
30.3145694323
29.9575450492
30.0220052826
29.8467482479
30.1710193798
30.2819275468
30.4017293962
29.6632386783
30.8330278536
30.3087986161
30.1008726689
30.1095264411
29.6878485685
30.0197958843
31.1395330841
29.2597382475
18.2652661697
28.6795725102
29.7071332776
30.0700972217
29.3432379632
29.3328978632
29.3045592978
29.7912593584
29.2396148883
30.0298823777
29.472470927
28.644192076
28.1369926249
29.5455321866
29.7957169082
29.5868903386
29.0386928952
27.7806528415
29.3969704275
28.7465989517
17.3766472925
27.7090343322
29.4806170044
29.2896646642
28.7665548447
31.0019648104
31.3869114485
30.8285673463
30.3137093466
30.8962534252
30.6650755354
29.9894062314
30.0050130212
30.1805257685
29.5952172627
30.3046874294
30.3023547878
30.2350994192
29.7360039552
29.5496285539
18.2913162327
29.7250285956
30.6428440508
30.801847085
30.6415947772
29.993268704
31.0657315031
30.2947859292
30.700679702
30.5993673314
30.9142450104
31.1112962071
31.0657004063
30.8955281695
31.4314966133
30.5802659402
30.3959364951
30.804422179
30.32319693
29.517084357
18.4368082408
29.9012036072
29.9698255733
29.7152172416
31.1003968551
30.7422523746
31.1101645523
29.5762034424
29.5601907089
31.1863441379
30.8173782373
30.1070880919
30.3888161961
29.8139352642
30.7472690747
31.2002129196
30.6848734066
29.9409085816
31.1114636007
30.3767390041
18.6301813517
30.0984041173
30.8393077179
30.0675897862
30.7303429368
29.9259648475
30.3201256649
30.1709933981
30.0706067614
30.7008566119
30.2166981417
30.4787277311
30.7220189058
30.8021433631
30.8085965793
31.2309934933
29.5744714573
31.0787387434
30.1478653003
29.8045359048
18.8483783909
29.3729179575
30.1761190487
28.9759691137
28.4314210543
29.5739146396
30.8035623611
29.6090004431
28.8215657829
28.4346513154
29.7893557369
29.9351685004
29.4192641071
29.0929078197
30.5626196759
30.9539808761
28.9147672825
29.5916911909
29.5521590678
29.9505530126
17.8839533049
30.089957719
31.6278800215
30.3175641374
30.9792397406
30.3912335945
30.9624267079
30.7294472839
30.9254616742
30.8870605199
30.3601258564
31.0021485411
29.8784712314
30.4216878704
30.0320317279
30.801621514
30.9331557352
29.5641125204
29.2745704545
30.1151114422
19.6242297683
30.7293713069
28.9166892869
30.3659313724
30.6751180628
30.0013661352
30.4387817017
30.275018796
29.7576333542
30.3094374428
29.4795480152
29.9994704172
30.5487445817
31.2536496576
29.9825233268
30.2816558674
30.38281271
30.5359259299
30.5943998131
29.8536490913
16.5635380512
29.1593050105
30.1436553792
30.0086834285
30.3281427575
30.0673114833
30.753749997
29.8754501235
30.9633661276
29.5593461062
29.6925044956
29.9753220686
31.1319791768
30.9292190404
30.0155704223
30.4475711306
30.1652195837
31.1276654647
31.025001055
30.0942418531
17.1266203311
30.4169629567
31.0720165701
30.0870751975
30.1227535555
29.9154439326
30.4829742947
30.5984272413
30.1095216095
31.1091466634
31.32686932
30.5676314697
30.3743115381
29.6063399162
30.1541182948
30.5573876658
30.4521375266
29.9981263426
30.5914031542
29.9744543645
17.4297787394
30.0210959362
30.4530812764
30.6031463932
30.2023768647
31.3744719316
30.5876440938
30.7700404399
29.7883651091
30.1299179081
29.1455349688
28.8720924219
30.6358301981
30.3116763703
30.7777734535
30.5254732138
30.7943420838
30.7209744815
30.6646131999
29.6633067384
16.9107417821
29.4928795484
29.1907836214
30.0715974987
28.9531227717
29.47730168
30.3815653952
29.1149025942
29.9370561515
30.0309957922
30.6843051924
29.6608181191
30.5381522702
30.3701247684
31.1640833679
30.4983171403
30.1447247434
30.5142204294
30.2505075555
29.5375237984
16.8997282488
29.9247710669
30.5229126578
31.0427082772
30.3216190592
30.4317855377
30.0652483091
30.3088554302
30.1907083702
29.9046386828
30.626132351
29.9758234146
30.6032607236
29.9091601387
30.6451642551
30.1692846628
31.3505728479
31.2233926972
30.5908665433
31.0868866446
16.9872204618
29.8203278912
30.1019897541
31.5294069806
29.8874269578
30.1298023319
31.7323282032
30.8773520871
29.8335575198
29.4251922184
30.2394622456
30.6240361076
30.5534680217
30.3578420283
30.5377450444
30.7280955126
30.2671609745
30.5354314808
30.9506803014
31.2617560624
16.9490390823
29.8024828799
30.1650487435
30.4656082133
29.532010611
29.5665320856
30.6383491134
30.469975161
30.3238757782
30.4541846754
30.0974467452
31.1731693423
30.7292189861
31.4165860328
29.4921148809
30.5407545048
30.9671231843
30.5265543458
31.2878442128
31.0822025143
17.2752650844
30.3249178679
28.6822575775
31.1248021819
30.4417617217
30.0587173853
30.0449161366
30.5631287928
29.7859671693
30.974423977
29.5366190621
29.6927140919
30.5949764407
29.9822651411
29.0012448869
29.6591907498
29.6842641039
30.60242591
30.25787541
29.3102185647
17.1286858233
30.8590633797
28.9672990916
29.435232974
30.9634934535
30.4282449006
29.7843519601
29.8132074311
30.4621766497
30.2924291349
30.9342710472
31.089059044
31.3194771723
30.4109306425
30.0943048715
30.6493612583
29.7310679607
29.4957552007
29.9446643508
29.4037208731
16.8418905696
29.2498614843
29.290610274
29.690104634
28.6595982017
29.6226986509
29.4347891267
29.7982968299
29.2349719613
29.0075341606
29.2607728719
30.5414816941
30.9595261028
29.6699308428
28.7890794439
28.7533144874
28.7664680004
28.8312606253
30.3658367264
29.672372372
15.7492327016
30.4141842333
30.5739187682
30.5006535145
30.0123376799
30.1893012381
30.3707566829
31.5220019569
31.5815308965
30.096198362
30.3100611863
30.8791302268
30.3009386737
30.7910687271
30.3437895885
30.6304638467
30.0097330376
30.1586544222
30.7039922575
29.2459700373
16.8136727863
29.5704639939
30.339006542
30.3838249037
29.3456663166
29.768361713
29.0130018094
29.8484265806
29.8094117177
30.9546392975
30.0315387519
30.9674948117
30.0478998932
31.0971542184
31.1260505955
30.2561337358
30.6920378098
30.943045919
30.4859499704
30.5684676331
16.2457770577
29.6955481128
30.6861732711
30.1915227912
31.1226595849
30.1468850449
31.3844678165
30.4099867937
30.2489393199
30.1235298336
30.3084680875
30.1915583101
28.8139941185
30.0876626931
31.3107599442
31.082858306
30.4158255384
31.1270133177
30.657224862
31.3772467069
16.5404441364
29.919493951
30.4251477665
29.7968460829
30.2350334574
30.214653117
31.2006435617
31.6030627206
30.2888191299
29.8927855506
30.6817229764
31.0458697822
30.4884640433
30.2490057581
30.5206171205
30.2021553074
29.4809736552
29.3072737521
29.2598389937
30.2247940753
16.7284502793
29.4594605362
29.5769172012
28.7188099563
28.8961783557
30.485538763
30.2916405719
28.5440758229
29.2975204677
28.8716884046
28.334895801
29.3961002437
28.8873186179
28.9246413372
28.7839727357
29.5508936987
29.8445342623
29.7512890089
29.0199600758
29.3356247765
14.7724233813
30.4720369819
30.2772309631
30.1979385018
30.2118855152
30.3189510752
30.5427301586
30.8474213485
31.2317417693
30.6439208442
31.0231020676
30.8622057961
30.1278710144
30.3135786791
29.6511704593
29.830675812
31.4771343823
30.7872419617
30.497977947
31.0527208951
16.5552167205
29.4578281196
30.1068961633
29.5664335612
29.6232754161
30.0776832077
29.6743322034
29.914930639
29.8444155126
29.6426886391
29.9075110695
30.6189111563
27.7587332135
29.108004581
29.5943396044
29.1218478336
28.6663712136
31.2636909185
30.2414158733
29.243841584
15.7188260148
29.4956173822
30.6116845798
30.1857806215
31.1851252074
29.780503138
30.4635729642
30.1945765613
30.298291788
30.7154340275
30.5390681206
31.5449481369
31.0894598153
30.661149441
30.1705504267
29.7908404012
29.3651028409
30.5034595699
30.3497063186
31.9858985008
17.1421015925
29.6263347658
30.4393361092
29.4622901126
29.7376274833
29.6766945839
30.1401394871
30.459196271
29.1613950124
29.2842063641
30.0687116898
31.1164204147
30.7106511212
29.7182930255
30.4299812016
30.2942393173
29.6789726835
29.7420371011
30.2816455833
30.7456793404
16.7163183849
30.2687303464
29.4741602003
30.3449080225
30.4576836046
29.9776335437
30.4826516505
30.4269473632
30.562514987
29.3936502273
30.227405232
30.2563431558
29.9592801646
30.4815344859
30.7563948744
30.5381678532
30.0086706997
30.4222856191
29.9616260133
29.4604105456
16.1866526582
30.1804770655
28.4951530393
29.5251922182
29.7976847444
29.5413834479
30.8050824821
30.1284031661
30.4465970291
30.1023641822
30.6087981417
29.9775654957
29.9680693909
30.6635526401
28.8999896344
30.0729201886
30.5683496155
30.6994883008
30.579928462
29.9682157868
16.4947120576
29.497252433
29.488172608
30.0740652921
29.7557370049
30.8651331899
30.234899253
29.9293185564
29.7630840229
30.3380629971
30.2975481034
29.428374876
29.9994966955
29.4914679386
29.2774418664
29.6056129935
30.054833316
30.9603562862
31.0348077171
29.5785679641
17.0319860922
30.4909628846
30.9028790537
28.7589844204
28.708076263
29.565871136
29.8188154696
29.5172017773
29.9697432297
28.5924159157
30.0287114049
29.1391183311
29.6486061425
30.5102347961
30.2028363193
30.6249958645
29.5041761681
29.9570446147
30.0070664946
29.1366705158
15.7053891991
30.540032206
30.7838934345
30.3214294264
29.9931967081
30.8773667212
31.0392771291
30.0572896019
29.8834829874
30.3490248079
31.0984375049
30.1326427649
31.1640565661
30.1322001935
30.863122519
30.7263501141
31.0529475014
30.1770525916
30.1522464855
30.7534389334
16.7117217308
