43516.1608392
43185.3262411
41779.2727273
42458.4755245
38932.4125874
43791.6879433
42589.5460993
43090.1748252
44823.972028
43449.2167832
43412.8881119
45420.4965035
45863.8531469
45985.3776224
47821.4195804
44532.1888112
43671.9507042
44388.7887324
44780.7042254
38515.5429687
43793.4929577
43904.2112676
44255.2517483
43126.2937063
41639.8239437
45420.6993007
42238.5454545
44904.7272727
45572.4895105
45418.965035
43282.6923077
43145.7832168
41708.5524476
44266.2867133
43194.5244755
42802.4577465
45743.7202797
46799.979021
44528.1971831
38336.7782101
41978.5244755
44043.7342657
45187.8181818
46129.1818182
43334.3239437
44034.972028
44715.2587413
44710.7062937
43668.4647887
43831.6153846
45191.5034965
43564.9160839
45922.1118881
43666.6853147
42827.1830986
43122.8671329
44360.9160839
46691.6503497
45927.1398601
37888.5719844
44330.6293706
45526.8309859
44770.6293706
47007.0769231
45648.3846154
41976.3566434
43145.013986
46208.4195804
43556.006993
44360.5174825
44318.3356643
45189.084507
44036.4615385
43721.3706294
43749.7692308
43927.986014
43334.958042
44072.8881119
44966.5104895
37288.5859375
45072.7253521
45409.3356643
42482.4265734
42584.3916084
44915.1338028
46414.3169014
44390.6433566
44298.6293706
45419.8601399
44874.6853147
44605.6293706
44627.4335664
45243.528169
45878.7062937
44518.0492958
44894.6153846
45113.1538462
44482.1818182
41650.2112676
38144.0622568
45901.7342657
47003.6713287
42256.1678322
44312.0915493
43256.3986014
45652.5734266
44938.8181818
44543.5804196
45329.7412587
45798.7957746
43673.8521127
45027.4405594
44979.3916084
44192.1048951
43237.5524476
44644.0140845
42984.7132867
44387.8391608
44612.1398601
37581.2412451
44452.9230769
43264.0211268
44889.5774648
44376.8041958
44544.4825175
45907.993007
42349.1197183
46462.5804196
44276.7972028
44752.9300699
44241.5422535
44370.7972028
42893.6223776
41144.8661972
43199.1126761
42765.1678322
43642.5734266
45869.5314685
43593.7816901
38607.5930233
43672.8309859
45153.5524476
44490.6643357
45495.9020979
43092.2937063
45395.971831
43707.0492958
43588.3846154
44907.1538462
44655.3169014
44677.3450704
43756.2447552
46210.1538462
44255.3846154
43717.965035
45385.9014085
44471.0774648
41888.7253521
43648.7062937
38269.7976654
43353.1408451
44705.986014
45338.3986014
47043.5454545
45941.1258741
44392.5524476
44635.1398601
44197.9230769
41941.971831
43368.4265734
44471.141844
46015.3450704
44594.056338
43479.7183099
44580.1901408
44485.7605634
45498.8098592
44338.0769231
43908.5886525
37270.5351563
45196.6083916
44910.1538462
45769.8461538
45674.5244755
45704.8098592
44899.7535211
44976.1328671
42766.1197183
41991.6293706
44482.4475524
45127.8461538
44918.6690141
44498.4755245
43201.0979021
44334.9160839
44099.951049
47392.0422535
46067.056338
42525.0785714
36296.0310078
41431.4751773
45043.0352113
43596.8251748
43798.2447552
45205.2323944
43442.1048951
44809.0070423
45947.5524476
44142.6993007
45287.1985816
43998.1678322
45173.8741259
43793.9647887
43531.7132867
42722.7253521
45076.3732394
44483.9858156
42306.1188811
46232.4255319
35842.8372093
45116.0769231
42963.2167832
42407.5804196
44351.1126761
44366.9230769
43087.2816901
43724.2027972
45816.1619718
45595.0140845
42829.3356643
43710.4929577
43795.958042
43071.3916084
44584.5704225
45508.1888112
45690.971831
42757.9230769
45801.8591549
45194.8169014
36841.2762646
42108.3776224
43930.1888112
44382.2657343
43483.6363636
43905.2097902
44041.3706294
43831.6083916
41442.1188811
46976.020979
43282.0839161
45213.6853147
46237.6690141
44881.8741259
44100.6083916
47538.6153846
45009.9370629
45203.9225352
45042.6643357
44041.9432624
37968.2674419
45654.415493
45731.3636364
43864.3776224
44118.3006993
45600.4195804
45983.2657343
45486.0909091
44521.1760563
44376.1678322
43809.4405594
46268.965035
46194.3916084
43549.7482517
45024.7482517
41569.3943662
43487.2167832
46647.3591549
44965.1048951
45325.0559441
38559.9453125
42141.2657343
44305.5454545
45415.7342657
44429.4965035
43793.2517483
44328.4475524
44882.013986
44302.1048951
43426.1888112
43946.5352113
43423.3546099
44743.8881119
44235.4895105
45547.5594406
45105.6363636
45095.8450704
45429.8098592
44234.2097902
42407.3714286
37722.7170543
43460.9370629
43753.3636364
44828.4825175
45067.3986014
45572.4265734
43606.1538462
43296.4615385
41855.6993007
41670.006993
43801.4545455
45885.034965
42621.3286713
43510.6363636
45718.2517483
44488.9370629
44797.6433566
44504.8943662
43604.2867133
44078.1205674
39303.7470817
41550.0699301
42382.2957746
43988.7816901
43256.0699301
43543.9859155
44580.6223776
42493.3356643
44858.4405594
42837.5734266
43646.0629371
46730.006993
45303.041958
45445.528169
44150.7342657
45733.1048951
44050.4965035
44965.4788732
44172.8391608
46514.0774648
37837.09375
44963.7605634
45593.2535211
43607.6643357
43034.3239437
46680.3732394
44208.2517483
44210.7692308
46155.7062937
45002.4929577
44084.3496503
43000.9090909
43805.2727273
44067.3986014
46223.986014
43347.5174825
44893.6363636
43831.5384615
45393.4965035
44012.9078014
38929.770428
43638.415493
45116.2237762
44768.4647887
45379.8671329
43701.6223776
44369.2867133
43079.0985915
42813.8732394
42847.6713287
45407.7832168
46006.2937063
42877.4195804
43987.4615385
45275.8591549
44348.3846154
43282.6338028
46761.056338
44810.1398601
45525.958042
39446.5852713
43768.2657343
43719.048951
46143.443662
46759.7902098
44137.8181818
45395.5804196
44639.7622378
45233.7552448
45207.041958
43874.5664336
43867.4265734
44832.3566434
44593.7762238
44352.9440559
43003.7902098
43397.8251748
45370.9020979
43610.1538462
43349.4366197
39806.4824903
44978.9300699
43711.4545455
44814.9230769
44187.1748252
43615.3496503
44042.7676056
45013.6223776
46427.6223776
44379.2167832
45440.5524476
43202.7622378
44930.7552448
45364.9440559
46299.4609929
45467.0
45343.3776224
45772.6293706
43866.1619718
43847.9440559
38410.4765625
41499.5524476
44749.4125874
44599.4685315
43632.1056338
44870.0769231
43910.5985915
41830.4545455
44334.8531469
45727.6853147
43928.1678322
45627.006993
44349.3916084
44034.1690141
44790.5944056
44067.979021
44002.4084507
43291.6901408
43822.7253521
42678.5804196
37725.0852713
43495.5524476
44248.8251748
45136.5734266
44292.0979021
42626.4475524
42785.048951
40712.2517483
43577.471831
43521.4195804
44542.4929577
44565.8741259
43112.5
46727.5704225
45724.2307692
43669.5633803
46928.1398601
46465.4405594
45971.8811189
43368.1843972
38970.8992248
44277.7412587
46366.2937063
44496.993007
43906.6901408
43208.8661972
44183.034965
41575.7605634
46219.048951
44117.7202797
44306.4405594
43522.3732394
42878.0704225
44627.6433566
44931.3846154
44123.8601399
45285.5314685
44121.9300699
43439.0
42872.5774648
37201.34375
43997.0140845
44968.6573427
45090.3450704
44269.9577465
44789.1468531
43501.6223776
42868.9300699
45119.1258741
43656.5734266
43333.965035
44106.2816901
43945.4366197
44580.5774648
44646.8368794
46190.6363636
44333.7132867
42530.6853147
45353.3706294
45390.7972028
38144.0465116
42767.4055944
43135.3661972
44095.2746479
44385.3076923
46218.2937063
45882.4055944
45077.3006993
44979.8041958
44587.0629371
45185.7902098
42703.7272727
44013.7202797
44954.8741259
45576.9090909
44537.6223776
45050.5211268
43688.4014085
44626.5244755
43239.5815603
37514.5664062
44053.972028
43652.0629371
44295.2657343
44167.4755245
45380.1398601
43067.7253521
43124.6478873
47033.3916084
45175.1118881
43553.1468531
43266.7762238
45257.006993
43470.9440559
44680.4225352
43162.9230769
44290.8251748
42680.013986
42119.3986014
43965.0
37387.2325581
42549.0
43746.5034965
44198.5070423
44247.965035
44997.6433566
45925.1468531
43071.979021
44341.0915493
42887.5454545
44539.7692308
44016.9160839
46671.1398601
42886.7762238
43444.1971831
44963.9230769
42243.6153846
46352.048951
43992.7692308
43355.5211268
37099.2451362
42621.6643357
41723.965035
44053.5422535
43497.443662
45525.0915493
46917.979021
43488.4405594
42899.0699301
45041.6083916
44573.4195804
44768.5915493
43396.6153846
45364.4335664
43774.7482517
43406.893617
46996.7375887
46982.9225352
44102.3356643
45669.035461
35692.6914062
43239.5244755
45159.8111888
44529.034965
45233.8461538
45305.6013986
44036.2746479
45181.5594406
43823.958042
43712.6573427
46203.3846154
44914.7272727
43350.3426573
43489.965035
44106.5140845
44526.3006993
44841.3943662
45340.6126761
45026.1048951
44980.0140845
36809.6705426
41120.4265734
42919.9090909
44028.2957746
43255.6338028
42002.1267606
45025.0211268
43584.6083916
46321.2447552
45131.9440559
42802.3566434
43778.1538462
46133.972028
43143.6223776
42483.7202797
44417.3636364
43253.5140845
43143.5874126
44979.034965
44396.893617
36759.4474708
43884.3661972
42892.034965
42263.4965035
42319.5244755
42991.5454545
44768.5524476
44693.1678322
43263.4895105
43442.2797203
44539.6503497
45230.4475524
44224.5944056
45191.1538462
46529.8881119
44408.5744681
43226.8601399
44261.1760563
44720.3426573
42304.0699301
35575.5503876
43540.2746479
42935.8811189
42150.6267606
46248.5384615
43971.6573427
43575.1538462
44023.1408451
43826.4685315
44113.5944056
45252.8873239
43974.6013986
43820.5314685
45471.4295775
43120.3286713
45582.3916084
44995.6433566
45854.528169
44727.8873239
43535.2198582
35963.4224806
43817.5314685
45093.2937063
43698.4405594
42639.0629371
44258.1468531
42593.8181818
44919.6293706
43869.7394366
44217.9020979
44219.3169014
44245.7253521
44240.1056338
43999.0704225
43659.9230769
44423.3076923
45872.2307692
43882.986014
44311.6267606
44325.5211268
34932.7596899
42397.1478873
44411.1748252
43032.2676056
43156.2727273
43532.3636364
42817.1760563
42750.5524476
42872.8802817
44561.6901408
43122.1690141
43464.1631206
45093.8461538
43981.2657343
44390.3426573
42773.1328671
42080.8251748
43312.2307692
41824.7816901
42664.5957447
34779.9533074
44189.6433566
44684.6923077
43253.7832168
44369.6760563
42861.6853147
43515.7132867
44657.0
43296.020979
44987.7832168
42831.3661972
42689.9230769
41020.6901408
45931.1188811
44798.7902098
44998.4405594
42797.9440559
46470.7092199
44010.3076923
46960.084507
35422.3463035
45095.4647887
45722.8714286
43951.0704225
43746.0492958
43369.9788732
45817.7832168
41648.8601399
43116.958042
43214.3169014
42481.4577465
42939.6643357
41329.7042254
43573.0
42877.7622378
45368.7762238
42349.1056338
43801.6643357
43642.0979021
44788.141844
35181.3346304
44519.2097902
43569.027972
44457.0422535
45058.6830986
44366.0
42663.5454545
43824.0979021
44713.5734266
44114.7622378
42976.041958
42658.4647887
42892.6830986
44670.7272727
45856.0915493
44200.1468531
46079.7323944
44769.1690141
44546.9859155
44239.9788732
35864.4980545
44353.7535211
46244.986014
42814.2112676
45190.1118881
45592.3636364
45119.8601399
44589.2097902
42912.8881119
42031.8391608
44042.972028
44683.7132867
46188.6083916
45189.8741259
43567.5874126
44256.4755245
44486.7972028
44882.6083916
44284.6993007
44886.5034965
42987.2101167
45188.1888112
47066.5034965
44699.7183099
43742.9370629
46153.5804196
45850.5140845
45452.006993
42645.2937063
43998.7482517
45664.4507042
46546.3146853
45111.0
46034.1818182
43771.528169
43454.5104895
43477.979021
44327.2253521
44245.3846154
44176.6783217
39040.890625
45382.5915493
45147.951049
42899.5070423
44139.6783217
45574.3802817
43732.4755245
42773.7972028
43279.1048951
44438.8041958
42923.4265734
44160.9090909
44834.3916084
45869.5034965
45905.1958042
45330.8671329
46053.6223776
44930.6083916
46369.9160839
46585.0769231
40123.8588235
41501.5594406
42341.9440559
45388.8943662
44419.3496503
43323.2307692
45901.7692308
44408.7412587
44354.9160839
45919.8732394
44121.2447552
47056.6433566
45067.0559441
46401.8732394
45319.0633803
45478.0909091
43777.8098592
45197.048951
45939.006993
43340.056338
39116.6132813
43067.6433566
42628.7412587
45345.6056338
43830.2816901
46032.006993
46160.8321678
43847.020979
47251.7253521
45412.0
44508.8802817
43720.2307692
45138.4125874
45502.3239437
43214.2237762
45371.4895105
45570.3636364
43772.0352113
45742.1408451
43985.8521127
39410.953125
42731.6783217
43700.3216783
45385.7972028
44584.8181818
43833.2797203
43135.6503497
44155.0
44864.9230769
41126.0915493
42321.7112676
46157.6573427
45588.5734266
44691.8111888
44536.5985915
44876.5734266
44734.2112676
43984.4195804
46026.5352113
46301.1188811
40039.1640625
43324.5174825
43892.4295775
42262.8881119
44647.993007
44763.0422535
44718.4545455
46302.5352113
44610.9788732
43557.6013986
43873.6197183
42577.8671329
43183.3146853
44552.2657343
43694.013986
44407.8531469
44114.8951049
44371.3006993
44385.9090909
43268.8111888
40178.7734375
43047.2377622
45146.2867133
43141.4895105
43836.2323944
44702.7605634
44073.1958042
45333.9366197
44206.6993007
42778.915493
42301.6713287
42562.5944056
44124.8802817
46363.1056338
42490.3873239
43918.7816901
43252.034965
44651.1048951
44484.3873239
45849.3049645
40824.4728682
42136.3216783
45910.7552448
45351.7622378
45454.986014
43309.028169
42762.986014
43425.7464789
43449.8671329
42098.0496454
44406.8181818
44659.5314685
42021.7762238
46100.1478873
42513.7412587
43396.3591549
44090.2027972
44368.9020979
43771.3286713
42493.943662
38575.2178988
44445.7676056
44742.1608392
46126.7342657
44792.4335664
44084.2447552
43398.1958042
44788.6503497
44086.6549296
44062.2377622
42933.3986014
44817.035461
45016.4405594
42560.3566434
42751.6126761
44437.8741259
44956.5314685
43516.2253521
45448.7323944
46106.141844
39649.9296875
42102.041958
45427.3356643
43779.041958
43464.4084507
42874.3286713
44235.028169
43534.2377622
42769.8380282
44628.5104895
44787.6083916
45916.6643357
44809.7972028
43332.4685315
43889.2676056
45994.9230769
45126.7902098
44132.4475524
45380.1538462
43951.9859155
37035.0389105
42612.965035
43384.2797203
41528.2517483
42092.2167832
43563.8671329
41921.3566434
44397.8811189
41947.7342657
42920.1549296
45257.9370629
43807.5874126
43889.2307692
42747.2867133
45363.5734266
45806.1608392
46816.7062937
43266.958042
41789.3636364
43464.951049
35981.0820312
44305.943662
43721.2027972
43696.5174825
44151.8111888
45109.3426573
43437.8439716
45328.2727273
43424.3802817
43538.2447552
43358.0839161
42701.5594406
45175.3496503
44190.6853147
43345.4965035
45333.2323944
43137.0774648
45289.3617021
44359.5594406
45790.5492958
36114.4806202
44412.4545455
46700.2377622
43131.6830986
43246.006993
42900.3426573
43494.027972
45173.6408451
44131.5944056
43016.7202797
42718.2027972
43941.5174825
43056.6713287
43900.3776224
44965.7762238
45414.8951049
42957.9300699
44705.8111888
42054.6083916
41685.7272727
38077.4552529
45182.7272727
41554.2867133
43328.0985915
46627.0769231
46113.5874126
43625.8531469
46156.2887324
46290.7062937
45362.6643357
46716.020979
45111.048951
47533.6433566
44157.5174825
44522.972028
44875.3986014
45130.5454545
44757.6363636
45675.3706294
46054.7342657
37664.8871595
43575.1468531
44506.4615385
42602.4055944
44137.3916084
43894.7342657
45387.4195804
45445.4825175
46236.3356643
44693.5874126
44680.3309859
43076.7412587
46634.6056338
45309.0
43580.9859155
45651.965035
45126.0979021
44572.5244755
45393.1619718
42207.0428571
37202.1712062
42907.3006993
43131.6619718
44521.4335664
44804.3076923
44473.4405594
43958.028169
43735.5174825
43427.979021
43874.3521127
44251.013986
44734.3846154
45486.5804196
44396.2377622
44326.3286713
43024.4475524
43493.7342657
44188.027972
44566.2797203
45523.3636364
35683.1634241
42403.4685315
46123.2605634
46589.7132867
44781.2867133
44572.6993007
42240.2676056
45639.3076923
43130.9440559
44655.4895105
44959.6083916
42864.0629371
45080.4195804
43604.8041958
43534.7482517
44965.0211268
44021.9370629
45650.9014085
45087.5524476
43808.8811189
36380.8365759
44295.3776224
42760.6619718
46303.3566434
43198.027972
46646.5664336
44319.7062937
43655.4545455
45232.2957746
43910.3636364
44614.5244755
44133.1914894
44033.9160839
44601.1678322
45515.8951049
42607.4859155
44343.1188811
45838.1188811
42462.8951049
42236.7552448
36154.5
42278.0352113
44082.1818182
44932.7183099
44424.8041958
45648.3986014
42390.7412587
43597.4755245
44132.3776224
42926.1678322
45676.0
44393.6153846
43985.7062937
45087.7622378
43652.5664336
43564.8321678
43914.6267606
43350.8741259
44016.4055944
43954.0070423
37138.0310078
44446.048951
45609.5944056
46982.4084507
45785.1619718
45003.3986014
43468.5944056
44748.5633803
46615.1678322
44773.7202797
44077.7622378
45325.0
43193.0699301
44608.4859155
45143.5140845
45212.0839161
44634.6643357
45151.9295775
42588.5244755
44435.1702128
37883.8365759
42725.4965035
42851.3006993
45144.3706294
44634.1398601
45084.8391608
44893.5177305
44728.8951049
44147.0979021
44338.443662
42853.5524476
44271.1818182
42866.7342657
44456.0839161
43775.9577465
45429.7412587
44283.4055944
46559.6293706
45768.3636364
44113.0496454
36898.3463035
40638.0839161
44707.2377622
43848.9090909
42988.8391608
43057.7342657
43662.5874126
43853.8741259
43065.9230769
44499.1197183
43556.1258741
43491.0699301
45232.5944056
43146.8671329
44708.4785714
41918.5454545
41986.3146853
42206.6099291
43192.7535211
43752.3617021
36226.1356589
43321.8671329
43044.8461538
45907.9859155
44338.8881119
44675.5734266
43710.041958
46541.9440559
45880.3286713
42644.2867133
46612.6223776
45252.8028169
44578.971831
45841.3916084
43776.6153846
42624.2411348
43539.2657343
40976.5744681
42927.7163121
44251.4071429
36136.7713178
43886.5524476
43304.7972028
43672.1258741
44139.4545455
43648.7412587
42625.993007
45526.1188811
44806.4685315
44948.5174825
44474.2937063
44815.106383
45846.1258741
43325.9225352
43373.7972028
44264.1538462
44043.9503546
43826.4788732
44370.471831
42905.248227
37090.1439689
43475.1958042
45461.5454545
43315.8531469
43495.2097902
45449.4195804
45164.972028
44265.1468531
42595.3309859
42627.3006993
45284.041958
46211.1118881
43727.3146853
43551.1468531
43172.0699301
46967.993007
45235.5244755
45710.4965035
47198.8181818
43710.9440559
37304.3696498
42756.9020979
42514.4405594
43084.1048951
43952.6223776
45753.3636364
43062.6056338
43911.0633803
42879.034965
43166.5314685
45686.3356643
43537.5140845
45283.9440559
46514.8461538
43870.4545455
44579.1619718
42878.6293706
46686.951049
44980.2797203
42596.8028169
36884.0930233
43248.5704225
44678.5
43598.5384615
44230.1888112
46745.9225352
44273.6573427
45178.5174825
43069.4755245
44599.8531469
47211.0629371
43691.972028
46117.6853147
44435.1188811
44099.2464789
43343.3006993
43712.3802817
44838.6643357
45128.8951049
43863.1702128
36983.9027237
43683.7762238
44288.4965035
42847.1188811
43732.0839161
43645.1619718
44754.006993
43472.1048951
43219.2587413
46198.2307692
42424.1971831
44080.2605634
44286.7464789
43239.6363636
45113.6433566
45608.4895105
44112.0985915
42105.4366197
43559.4055944
44372.4895105
36430.536965
45788.4265734
46825.034965
44492.8661972
44583.2727273
43944.1468531
46432.5633803
44937.8111888
44573.8098592
44633.3916084
43079.8811189
42112.6153846
44019.2887324
42628.2676056
43385.2447552
45079.1538462
44443.2394366
44953.3706294
44531.4965035
44161.0422535
36187.3735409
41362.006993
42881.1971831
42978.1118881
45656.4397163
44282.4647887
44179.5804196
44150.5594406
45661.5244755
44723.2167832
44361.5664336
45716.8181818
46157.7342657
43253.3286713
43106.5384615
45248.2307692
45770.5874126
44267.9859155
45288.5804196
43668.3661972
36458.2248062
45255.5454545
43647.1538462
44179.2937063
41757.8251748
44384.9370629
45893.4615385
44703.9859155
43487.2605634
46794.8881119
45431.8321678
43420.5594406
43632.4685315
43204.3356643
43770.8085106
43893.8741259
46207.8741259
39503.8881119
42167.7202797
44681.8041958
35723.3424125
43530.5352113
44504.1748252
42902.8951049
42648.1056338
44727.1398601
44502.6408451
43021.3706294
44585.5211268
44657.9014085
43178.5454545
44744.5
45628.2307692
44784.3617021
42828.0839161
42853.4084507
43985.3450704
44214.6549296
42110.5524476
42931.4335664
37077.0542636
42658.5804196
43746.5804196
45301.3846154
46507.1538462
44270.8391608
45903.8111888
47186.3426573
46125.951049
44153.7342657
46471.6433566
45446.7412587
47065.0979021
42479.9020979
45763.5174825
44878.4405594
43953.2587413
46210.3986014
44861.5594406
44815.1760563
38347.2906977
43455.3286713
44222.4685315
45549.2517483
44075.6153846
44688.1818182
41777.8671329
44530.2097902
44156.6153846
43865.1888112
43255.9440559
45942.2027972
45480.6433566
44407.6573427
44634.4225352
43234.3986014
44591.3776224
43033.5352113
45372.3286713
43721.3049645
39283.2906977
45247.5319149
43523.6923077
43589.034965
45680.0979021
45004.5804196
44325.6503497
43453.7202797
41936.5244755
44815.0070423
44952.3356643
45735.5492958
44697.6923077
43854.8321678
44475.4615385
44041.5944056
44048.965035
44968.1748252
45412.4055944
45353.3496503
38807.9610895
42415.1258741
43479.1478873
43178.8881119
46114.4545455
43248.8111888
41430.6408451
44465.6056338
45141.9020979
45481.993007
42945.9440559
43655.2695035
44028.6713287
43845.8041958
44992.2517483
43376.0915493
43828.8601399
46620.7202797
43879.2816901
45663.9507042
40451.4824903
42054.9859155
45323.0979021
44711.958042
43877.5804196
44799.2937063
45229.8450704
42695.0211268
45704.1678322
45939.9014085
44071.5352113
45564.2377622
46468.4475524
43861.8732394
44581.8461538
43763.3309859
42239.951049
46508.3006993
44717.4895105
43494.3846154
39984.9844358
40337.7832168
41680.8169014
43347.4615385
43293.9020979
42779.4366197
41839.6783217
42213.5734266
43848.013986
43522.0909091
43205.9014085
43547.7202797
45296.7972028
44192.5384615
43484.1338028
42637.2887324
43892.1398601
43209.7902098
43471.3450704
43326.7571429
39779.7906977
43964.3286713
44831.8111888
44452.9020979
45545.2816901
44408.6573427
44484.6853147
45417.1958042
44243.2867133
44111.056338
43358.1958042
43078.6666667
43875.8951049
42989.3591549
43253.1888112
45355.2307692
44762.6503497
43995.013986
44427.013986
44363.6478873
38437.5117187
43034.7816901
43367.8098592
44116.1328671
42830.6993007
42253.020979
45472.8251748
44238.3006993
44446.0
45235.1888112
44328.2253521
44328.6619718
44405.2097902
45202.2727273
46496.034965
44055.0839161
45595.1830986
44157.8321678
46031.951049
43983.9020979
39906.503876
44796.5774648
41752.9366197
45892.8741259
45813.7062937
44130.8601399
45019.5804196
45102.6153846
43394.3098592
44052.3496503
45077.1468531
44238.6083916
43278.2937063
44213.6783217
45217.4685315
45389.041958
44696.8661972
43933.048951
44854.0839161
43663.3049645
39350.40625
45251.3098592
45489.2797203
43643.1888112
44942.1958042
45212.5594406
46652.4685315
44579.2377622
44465.7132867
46887.972028
45520.1619718
44705.993007
46649.5174825
46564.3006993
44277.1468531
44766.1338028
44245.4545455
43021.5174825
42525.4084507
43601.1985816
39766.6731518
44548.7042254
44123.4545455
43698.5633803
44277.3286713
44311.7202797
43929.2797203
45022.9929577
42694.3496503
43442.3426573
44966.5985915
45901.5034965
43944.0979021
45595.0769231
46194.2797203
44915.6690141
41307.7692308
42476.0979021
44924.4475524
44377.2816901
41736.6445313
42292.034965
43460.3943662
45268.7112676
42939.4265734
45524.8951049
43708.2517483
45719.5594406
43668.1468531
44632.5734266
44969.2307692
43853.2937063
44284.3239437
46574.4405594
45093.7132867
43827.8601399
44690.3146853
45901.4577465
43491.5454545
44162.9859155
37880.6210938
42665.2097902
42447.0559441
43953.8391608
46264.3496503
43699.2797203
44928.1748252
43787.0559441
45559.2587413
41766.7605634
44236.4405594
44455.2587413
44882.9090909
43980.6223776
45587.1267606
43417.1888112
43376.3566434
42507.1538462
45631.8041958
44489.1188811
36266.9649805
43428.7253521
42384.5070423
44307.4405594
44136.8041958
43795.2464789
42434.7202797
44776.1818182
43580.5314685
44922.7972028
44068.2727273
44895.6853147
43139.8111888
43886.4507042
44450.1197183
45635.6713287
43740.993007
43831.5594406
44928.2237762
45454.2112676
37548.248062
46085.1971831
44260.8041958
45060.9440559
45004.0
43886.6923077
43297.3706294
44227.2867133
44671.8251748
43745.1608392
43677.6503497
43490.9300699
42235.8111888
43610.6783217
44682.6293706
44108.971831
44889.5454545
45723.4825175
43772.1538462
43359.5985915
35634.1589147
43666.2027972
45423.3076923
45961.951049
43769.6690141
43828.4755245
47080.5174825
45517.3846154
45166.2027972
42870.1608392
42705.013986
44493.6197183
45867.0211268
43911.8943662
42955.8461538
43172.3776224
42015.006993
44215.1748252
44750.5384615
43854.5633803
35272.077821
43400.6433566
45646.6083916
44016.7972028
43190.4685315
44174.1549296
42872.084507
42119.443662
43947.8181818
44118.2797203
44700.048951
44106.4335664
45811.7112676
44443.8601399
43502.6901408
44408.958042
43640.8943662
43126.1748252
47504.6853147
43439.5106383
37209.618677
42937.7412587
45056.5944056
44117.1188811
44326.8794326
42270.2167832
43223.7482517
44919.993007
43948.041958
46498.9020979
44084.2937063
42441.1118881
43401.1188811
44509.8041958
44779.2464789
45050.1538462
44314.0629371
42863.0070922
43506.6713287
43115.9300699
36099.8515625
38906.3146853
42713.3028169
42557.3566434
42208.8251748
45811.8181818
45697.2394366
45083.5704225
44823.0909091
44837.9370629
45006.9370629
45043.034965
43979.9366197
43813.3426573
42925.9160839
43110.1478873
43999.986014
45733.8951049
43992.3146853
44207.1985816
36351.9883721
43409.9300699
45366.9440559
44558.6153846
45132.3636364
43895.5454545
45159.5244755
43351.6433566
44285.8531469
44022.1958042
44731.2097902
45146.7202797
45435.8391608
45781.6083916
45555.6433566
45982.7816901
44810.7342657
45835.027972
45300.3566434
42268.7412587
36405.3515625
43153.5384615
43734.6503497
42613.7535211
46411.2587413
45657.1538462
45646.2112676
43212.3566434
42519.8380282
45246.8321678
44697.2517483
43860.1118881
44320.5524476
45358.4825175
45273.6153846
44496.972028
44009.006993
43297.7692308
45075.8028169
43830.8461538
34662.4609375
43526.4577465
43922.3006993
44102.3006993
44461.4615385
43956.6433566
43479.2867133
43694.6153846
43947.8671329
44626.7342657
44561.9440559
44630.006993
44088.6363636
44179.7342657
44296.7902098
45901.6643357
43188.2237762
45985.7676056
43234.584507
43934.9858156
36512.4728682
44163.8881119
46392.1048951
42968.5874126
42524.5244755
44886.4755245
46556.2112676
44518.9370629
42583.0
42568.584507
43612.7202797
44313.0909091
43031.4965035
42985.4335664
45888.9014085
46379.8732394
42754.1538462
44543.3146853
43919.3566434
45755.1560284
36136.381323
44787.7482517
46437.9230769
43517.986014
45522.6433566
44690.5985915
45330.7832168
44805.6923077
46075.0979021
44903.4475524
44400.3496503
45800.6433566
43653.3846154
44124.6923077
42757.4965035
44641.951049
45721.8391608
44217.056338
42326.9300699
43367.3120567
40562.6108949
44806.6197183
42099.6223776
45466.5454545
45867.986014
43163.5384615
43952.3216783
44185.0
44549.8251748
44105.5454545
43001.6013986
43728.4405594
45239.528169
45546.9160839
44023.1468531
44138.8741259
44748.979021
45683.1118881
45453.1478873
42873.2307692
38910.5214008
42476.6153846
43878.3450704
43527.1760563
44583.7552448
43856.8951049
44070.6293706
44085.972028
45241.1830986
42424.2042254
43792.2867133
42629.4055944
42932.0352113
45702.7552448
43777.3496503
44719.9370629
43791.027972
46955.1328671
44759.8671329
43115.5422535
36463.5291829
44064.6923077
46427.9020979
44192.7832168
43213.4405594
43611.0985915
45334.048951
44345.048951
43066.4965035
46912.4685315
46261.6643357
45150.1678322
43320.048951
43790.5070423
44473.020979
44884.4265734
44716.1468531
44284.0492958
44883.2167832
43306.8439716
38314.5232558
43589.5034965
44419.6126761
44614.4405594
43789.8811189
47713.415493
44521.013986
45900.7272727
44479.6760563
45032.0
43254.4366197
42694.4545455
45062.5454545
44072.951049
46051.6853147
44388.6853147
44369.3706294
45767.1901408
44433.4475524
43454.3
38371.233463
42790.7535211
43306.8881119
45082.2937063
42184.1538462
43103.8181818
45472.8591549
43821.4755245
44884.471831
44002.5734266
46308.1258741
42504.4335664
44626.971831
45467.2307692
45660.9090909
44734.7957746
44755.2587413
46109.4195804
44827.2097902
44661.5785714
37699.7568627
43241.0422535
45921.7552448
45132.020979
44019.7957746
44938.034965
43950.1818182
44119.6853147
44981.4755245
44143.8181818
45694.7394366
44451.9507042
46169.5734266
43715.1126761
44579.1830986
42678.4825175
45880.6363636
46935.7042254
44714.9230769
46478.1538462
39041.9922179
42933.8951049
45466.1608392
45753.0915493
43618.3239437
43355.1538462
44933.2517483
44638.7342657
43081.4822695
42403.9230769
43748.7552448
45202.5384615
44510.0629371
43792.4125874
44161.8671329
44528.6503497
43875.7762238
44988.5384615
45060.979021
45811.2394366
39426.5193798
42805.4788732
43967.1818182
44452.8741259
43659.5314685
42136.8251748
45834.8041958
44744.8601399
44763.5244755
45516.1048951
43410.5314685
46347.6923077
45191.7622378
47416.8811189
42656.2394366
44739.5664336
44880.4055944
44139.8671329
46890.7552448
45376.0070423
37548.4224806
44083.6503497
41080.2464789
46888.8111888
43345.8951049
44129.4195804
43839.8111888
43791.3661972
42422.1818182
45042.443662
42363.8321678
44228.2237762
45824.7622378
44234.6433566
42417.6223776
43696.4539007
43926.6643357
44493.0699301
44522.6573427
43608.9
39926.4941634
45213.3216783
42718.5664336
43683.7412587
44887.1958042
44423.5314685
43809.6993007
42830.5594406
43608.2797203
43945.4895105
45173.7132867
46377.9300699
46521.0
44797.5633803
44007.0559441
43984.0839161
42834.2447552
43718.4125874
45095.8321678
43319.822695
36289.9186047
43542.8531469
42727.0979021
44799.3802817
42264.0633803
45077.1760563
43180.7552448
44745.4014085
43073.993007
42405.3521127
43386.0559441
45623.1408451
46224.2027972
43859.2887324
43096.5633803
42338.6783217
44014.0839161
43271.6241135
46103.443662
45034.4255319
40797.2209302
46142.3049645
45129.6573427
45212.0
43112.993007
43711.0629371
43149.9090909
47387.2027972
46473.8041958
43812.9300699
44124.979021
45629.6783217
43833.443662
44624.6293706
43677.3286713
45273.5874126
44108.1958042
43784.3846154
45064.1748252
41337.8510638
38483.7054264
43560.6760563
45209.7552448
46166.3846154
43214.3636364
43745.6083916
42944.2167832
43631.3496503
44368.8811189
45478.971831
43875.4965035
46845.7676056
44287.0699301
45491.8111888
45881.7605634
44884.9370629
45688.4965035
44472.013986
44519.8671329
45011.8873239
37170.2674419
44073.6573427
45322.972028
44088.9440559
47102.6713287
43909.5524476
46637.6573427
45132.5244755
44135.2517483
43455.2323944
44057.6783217
45062.020979
41831.7832168
43571.3566434
45927.1971831
46053.7972028
44342.5
46536.1608392
45760.958042
45828.5460993
37047.8054475
43738.965035
44014.965035
43311.8239437
44979.4685315
45067.2867133
45711.9577465
46596.1608392
43728.027972
43865.7972028
44528.034965
45802.3636364
44578.041958
43976.6573427
44361.9090909
44643.6783217
43806.8951049
42524.8591549
42872.6853147
43389.822695
36886.0426357
44029.1398601
45115.6223776
42834.9440559
44150.8601399
45967.9440559
45773.7762238
42067.048951
43359.8521127
43745.7412587
42029.8251748
43855.5244755
43487.1398601
43279.6783217
42201.2377622
44716.3566434
45635.5774648
43925.6783217
43529.1048951
44667.7163121
35960.744186
45299.2027972
43416.4685315
43285.4055944
43686.7762238
44248.6549296
44817.3426573
45154.8251748
45865.5104895
44579.8181818
45192.2464789
46606.2323944
44938.0559441
44113.3404255
44546.7972028
43977.1398601
46120.4859155
45480.6643357
43736.4042553
45525.7801418
36149.4140625
43744.6853147
44240.8741259
44529.027972
44381.1608392
44949.4265734
43920.5174825
44142.0909091
43309.006993
43706.2867133
43622.972028
45553.5734266
41165.6760563
43758.0422535
43779.4965035
44431.5664336
42612.9366197
46773.8391608
45038.7412587
44546.6690141
36597.1400778
42543.9300699
44484.0629371
44530.4825175
46170.4615385
44566.8531469
45043.4685315
43326.2307692
44372.7253521
44465.6433566
45217.556338
46628.5352113
44908.0629371
44716.2887324
44064.8591549
44515.041958
43279.7676056
44371.5804196
44969.6083916
47980.4647887
39456.463035
43059.8169014
44684.3636364
43277.4335664
44253.3006993
44113.1267606
45206.2097902
44533.006993
43485.7972028
43303.3496503
44594.9370629
46562.027972
46001.5174825
43458.034965
45808.3239437
45044.7482517
43506.056338
44889.958042
44942.5454545
45168.915493
37770.8565891
43896.7692308
43378.6783217
45225.070922
44493.7202797
43689.1888112
44756.4507042
44143.4825175
45996.6197183
42806.4265734
45012.3356643
44547.4755245
43529.8461538
44603.4615385
45433.9788732
43516.6223776
43975.4545455
45249.7762238
43681.5244755
43439.6312057
37373.7976654
42932.7887324
41494.979021
43234.1328671
44014.0633803
41568.1608392
45175.3216783
44635.7202797
44646.3286713
44538.3846154
44809.2937063
43368.2307692
44083.1549296
46257.1328671
41556.141844
43724.3006993
44674.3028169
44894.2937063
43912.2657343
43387.2394366
38129.9883268
43071.1478873
42620.7272727
45305.5664336
44320.1267606
45682.7062937
44599.1048951
43710.3617021
43237.6478873
43747.2676056
44007.1398601
44057.0070922
44336.8251748
44016.5422535
41437.1048951
42462.0
43904.0422535
45593.4615385
46344.1830986
43317.5633803
38418.8875969
44311.9788732
46258.3986014
42741.1678322
43199.3521127
44083.7042254
44479.3591549
45446.7482517
44489.951049
41443.5454545
43602.013986
43805.3521127
44202.4405594
46350.1619718
45350.0915493
46257.3496503
44291.9370629
45158.8111888
43680.7342657
44236.248227
37690.3604651
44131.1818182
44832.4647887
44782.5602837
42930.1197183
44970.6993007
46083.5034965
44120.4014085
42859.5244755
43937.7183099
45366.3846154
44064.027972
46488.3776224
44101.4755245
45587.2447552
45621.8041958
45520.8111888
44972.7062937
44921.3028169
45946.8239437
36927.8988327
