26493.8890096
24689.7052764
24607.4448262
24452.0746448
25518.877385
23430.5662553
24713.8593319
24901.6357855
23407.3802978
23129.9056063
24417.6880632
25396.6452986
23965.5157619
24096.5317301
23664.4915481
23962.3033569
24842.1630405
24262.6464408
24110.8675764
17846.2669204
20611.4306886
20215.982474
22733.7808312
22100.6828283
22152.0436293
20533.4594579
21406.0534458
23640.6299489
21816.4116257
20803.3691906
21490.1589961
23291.6857378
24289.4004558
20625.3110289
21327.2695158
21439.9759317
21579.0171128
21246.6751919
20589.9744251
17373.6240501
24599.5978193
23819.6350473
23654.5686963
23847.4944627
24191.9042905
24178.3434742
23914.690766
22924.935741
24427.6987111
23441.3460283
22273.5588949
23468.0749781
23030.3106384
23457.8284018
22677.0874118
23294.5408533
24470.8093285
23815.0130691
23305.3513862
18057.7683853
23380.7961426
23351.4841927
24327.5312846
23472.6187423
23392.2667226
23432.667807
24511.9229393
23168.4974211
24384.5971288
24631.6993275
23385.833915
23058.3324007
24062.6175375
24339.4109823
23826.7041705
23332.3558689
22307.117283
23098.454731
23861.1552853
17887.0270556
21672.965196
22016.6475467
21620.789238
20686.9216823
21397.0935815
22668.2345749
22513.2663392
21808.4184323
21403.1681341
21879.1216381
20529.8157328
21071.6867964
22549.5830808
21981.6904795
21730.8998708
20891.1856229
21002.9642996
20663.3838964
21802.4533592
16585.7554853
23617.5043263
23267.3381077
24276.9583721
23416.691852
23953.2839606
23501.3927608
24396.0100131
23092.1422924
23114.0009877
23782.3479421
23745.646833
22781.0994256
23352.3646907
24370.340703
23604.3074616
23751.1094508
24181.8763717
23540.8842342
24320.2986035
18013.6473439
24382.1331971
23322.9506401
24056.835426
24473.1286299
23753.1434468
22634.4641363
23139.9814577
23056.3095084
23579.4578981
24194.5317797
24196.8308562
23612.1609428
23541.3242019
24285.0690989
24202.748272
24206.4672836
24182.8295079
23259.5026202
23777.0951844
17096.2897482
23487.6611183
23095.803685
24094.4352596
24027.8062268
23813.2446443
23881.5460771
24297.2197733
24125.6629616
24045.7885063
23775.948967
23638.7196129
23658.3244535
23571.8033453
24828.7859763
23893.8439639
24061.998366
23162.2665481
23000.5661214
23480.810878
19389.0436454
21224.0235828
21642.6477569
21992.9135927
21652.9480209
20932.4509708
21593.5878487
23551.4112575
22794.530886
22976.2575118
22520.5171377
21188.6702103
20934.7984659
21177.3965882
22594.7068509
21864.569291
22020.5295702
19995.7938463
22022.016363
21548.937894
16666.1779214
21844.818204
24455.7982532
22669.352188
22541.4589008
23824.7446564
21897.1857087
23107.9559683
23279.093325
22765.0071381
23319.9247516
22924.3377604
22320.9607777
22511.9444427
22490.1815495
21101.2682128
22845.1443355
23102.4271673
22853.9115595
22602.4648004
17233.3240514
24018.6550598
22729.4929594
24084.8786944
23031.3646777
23603.0796845
24599.7798658
24293.6470482
23448.365314
24080.6179147
24624.8339194
23287.9983211
22837.5436846
23204.5234446
24142.0861604
24056.783746
23477.1756298
24859.475863
24567.8889881
23793.7118666
18283.7691351
23770.219549
24143.9974152
23768.515109
23204.1233958
23732.1163625
25155.7165009
23902.2668798
23097.6815967
24126.7589891
22920.7540166
23087.7176179
22601.6401645
22392.4465012
23139.3203828
25043.0638231
24190.6675484
22564.8342204
22564.8216773
23715.4107166
18126.4170663
21611.0162915
23866.6084897
20855.1718603
22517.5720177
21274.2478601
21398.8929524
21291.0241407
21552.9306786
22919.2988805
21966.7825923
21462.4687767
22963.9640441
22346.9825565
20826.0418125
20712.9805874
21510.0685714
21825.1740458
21794.2866353
22209.0872726
16622.7629946
20430.5492073
21493.6881939
20745.3190498
19967.6216887
21449.387335
21348.3386387
21792.8030083
20722.18553
21169.0904693
22000.1555512
21614.1251143
21821.3233891
20906.283279
20636.7600114
22304.7228952
20671.1784281
21145.6412954
20539.6048821
22329.4462887
17070.9830762
24305.9272166
23092.0962677
24243.6367391
24596.5654873
22910.2979528
23059.9429692
23479.7607673
24110.1528415
23026.9231871
24432.10774
24659.0142994
23755.5192455
24745.8755917
23348.0635608
23509.8967996
23021.759507
24260.2035441
24858.5951383
23692.723812
17806.9708637
24348.9597933
22652.9416398
23634.3486521
24313.5897689
23549.1690731
23437.7512123
23008.655087
22819.9800595
23764.409782
24305.3628536
23187.9040703
23545.5523254
24084.4139682
23391.8039051
23820.8548309
24412.0029097
23411.9467248
23317.4003496
23692.0278941
17130.4244459
24721.934358
23932.2678744
23561.2846373
24459.7949419
24471.1242114
23350.5850383
24590.0051925
23478.0700603
25087.5495905
23888.9857301
23263.4014163
24173.9064017
24529.4382014
24351.3904985
22725.4238798
22609.5317609
24016.73812
23908.8512314
24030.6845692
18319.3770317
23835.6959684
24375.3109764
22886.6800406
23426.5810943
22441.6178383
22571.0488797
24311.3148962
24612.6742313
23692.2861336
23075.5902866
23747.4394083
22883.8669342
24627.2562785
23086.1626881
23608.9071917
22546.4350205
23495.6045175
23749.8910488
23601.5869297
17860.976672
22032.3123079
23890.5521766
23886.5526624
22454.5933139
23892.8839208
22998.8377504
22582.8072118
23314.9557364
24168.6458587
22954.4368334
23078.6471077
23929.8190353
24541.6857204
23171.7002237
24261.0383757
23377.2625082
23335.2618368
23569.293463
22503.1589588
17151.3785062
24023.1833377
24546.6632592
23106.6545466
23412.6669913
23133.7597925
23783.4669725
23580.5386644
23678.2325277
24175.1718079
23717.09921
24445.8908839
23669.436689
23875.167878
24523.209311
24688.5838697
24811.8498301
24274.8790607
24571.3614951
23952.8663292
17215.8599483
23488.185738
24532.3336375
23668.3443735
24293.3409221
24155.2076496
23553.6421368
23575.2025116
23173.8525063
22684.2108289
23891.3643476
23936.9357164
23828.1243646
23476.0162632
24039.3817966
23473.8530572
23872.3875865
23763.7212766
25325.6948526
23586.5415199
17189.8922083
20841.1791439
20419.3214049
20888.0011958
21724.3471215
21149.2427098
22812.2845278
21320.3319487
22807.7173404
21310.0886583
21700.116069
21530.5560595
21550.9312223
22408.1308945
20468.986721
20532.8765914
20804.9357793
22691.8908571
21352.0926206
22486.5668286
16226.8182069
24134.4023303
23086.7430767
23578.1421363
24598.502074
24354.0015663
22965.2791688
23178.120004
23306.3469217
23004.7849883
24270.521154
22798.973872
23907.3655744
22055.1160181
22986.3377698
23547.6523666
21865.8216732
23755.155178
23355.364802
23744.1020212
17002.2696692
23829.0887347
23264.0605531
23531.3744972
24197.16065
24531.0386741
24097.2210298
24215.6533853
22846.7589427
24224.2558128
24433.0753317
23121.5853673
23151.1284815
24944.252937
24415.4161398
24045.6327186
23598.163515
24009.7808886
24356.1334089
24131.7450346
17914.2619776
23366.1887814
22572.0218459
22662.1212872
24598.0269485
22964.4647475
23337.5150221
26172.3999394
24582.5677537
22521.4113768
23772.9234437
24213.5034696
24350.3605613
23320.4118951
24860.7300237
22330.8572407
23652.0654149
23580.9251092
24304.988216
24052.5325446
16231.7671074
21500.5676844
21012.7644633
21498.3216654
21420.8852555
21868.6990181
21538.2263028
20712.6402806
22194.7975211
21842.1530552
22173.5253719
23087.1697633
21078.0684914
20458.7417253
20528.5111735
21313.8762483
21489.2131712
21085.5733787
21091.4559244
19543.6893666
16558.0597422
22684.1289178
23582.000012
23237.8506827
24358.0797946
22777.0966888
24296.9131992
24515.8952597
23474.4728423
23598.9409461
24206.7497632
24746.7996899
22740.856349
24126.7951789
24289.8847713
24044.277031
24533.280165
24207.6382559
23792.2166963
22817.1063196
17701.6323352
25157.2263253
22900.6322943
22734.4870466
23550.1329375
23543.8393609
23340.4624922
23852.8010649
24274.9650229
23813.1782354
23275.1028045
24464.2014572
24100.2708464
23527.0636755
23623.7034267
24107.5092626
25450.2225118
23751.8998862
23544.5353056
23596.8512059
18013.2946827
23476.796805
22812.3128772
22573.4605763
21908.4680884
23281.3780812
22223.724417
21198.6116266
23272.726293
22106.8526869
22130.6499874
22461.521233
21806.8974193
22167.0960071
22673.4058363
23105.7330937
21882.198863
20471.5070437
22062.8234887
23082.1807878
18540.0907586
24550.9402037
23381.2710756
23656.3241601
24044.17154
24205.4265989
24398.2400339
23297.6691628
24295.9351616
24400.9133378
22293.8602575
23784.4328928
24470.8098961
23720.4841353
23778.0142935
24532.1870987
23963.2908883
24115.0981163
24327.0073424
24103.0107801
18115.2962402
21650.9551494
21428.5520443
23359.0068467
21086.3239557
23215.3057905
21456.6847665
23513.729615
21197.3924394
21107.8920431
21858.7492063
21219.8161819
22830.6684524
21710.8011948
22144.1812935
22070.0175145
21965.1080547
21639.9079521
21431.1475459
21645.8398665
17294.7594108
22857.1339605
24489.6484232
23928.1186293
23653.2745906
23860.1485639
23297.9084961
23745.0918614
23572.6551373
24026.1092603
23860.3933905
23786.6181546
23668.4675751
24808.4925941
23398.6428212
24195.9548766
23840.3852057
24439.3134151
24428.1943785
24869.39418
18699.9229547
23056.8541992
22399.7934835
24326.135407
23293.3915502
24497.5121612
24045.901201
24003.6825285
22930.9945798
24771.3601901
23888.3961347
24412.6395484
24285.1077275
23430.7601371
23648.298351
23265.2383206
22152.7661896
23687.9734314
23302.5571981
23318.5770768
18687.7746674
24310.8850297
23506.2572949
23761.9665546
24213.7347342
23737.9564224
24252.0187092
23114.9301314
24618.5550906
23770.7743041
23522.7575591
24017.1895159
23596.0023663
23395.6546292
22744.4819793
24416.6929776
23958.9393537
24608.0929213
23597.314118
23398.2503828
18834.5330752
20373.7124029
22366.171693
20326.4756892
20872.3270942
22014.8923256
20623.9028934
21216.020806
20618.5567351
20211.1050944
20793.5035132
20805.2051837
21563.6699963
20840.0088988
20976.9187106
22162.7626981
20632.1031863
21617.4162775
21165.146666
20562.8607369
15967.7140913
23925.5698295
23686.8858574
24999.4705243
23642.4074525
24346.5882989
23960.1892518
23772.783165
25058.898122
24047.0351785
24803.5255837
23938.4894108
23390.15293
23934.0129036
23981.333053
23481.5618772
25116.2057963
24056.1596025
23725.5574601
23143.1163019
19757.272178
19723.1281004
20225.4273551
20644.7270594
21661.8932924
20788.168068
20445.9973348
20896.2572245
20855.9228436
21384.1052748
21606.3591692
21840.075845
21560.7016524
20983.7736352
20308.6174091
20938.3859779
20301.9838183
20515.7530878
21089.9134684
19840.4411909
16390.5511663
23604.9202674
23057.0894856
24618.0067764
23412.8063167
23892.5587102
24318.2931178
23888.0537989
23927.3760462
23239.6751413
23366.7607568
24014.7474154
24262.2214653
24942.1805704
22592.4544163
22693.7555877
23594.4766478
22841.1198695
23961.7050388
24078.2137987
18275.2884844
23013.6765699
24680.8666536
23214.1956187
23414.7816624
23145.2539325
23031.2040938
22202.3394503
22601.8565273
23634.4030134
21719.0744917
23733.9270982
23362.5033758
22235.7944593
23873.3399144
23867.3960176
23070.8484302
23325.4464402
23768.8880736
23002.2611436
15305.7800602
24732.6539081
23370.8881996
23865.0122399
23989.3971888
22669.5083955
24229.9973398
23764.3898546
24218.6788153
23113.1100897
22086.9692409
23837.0586652
24374.3817311
23115.5242934
25034.7856909
24353.9896685
23766.8334457
23614.4405368
23498.7082003
24213.7529788
17566.6925545
23869.6226615
23953.0879486
23567.0992858
23222.0906122
22678.9361161
23401.6622134
23439.6128497
22243.8895134
23822.4190734
22478.3869141
23913.3608069
24000.1546233
22284.6069774
23250.8804653
22674.770528
22090.349255
25266.9465029
23909.1255737
24307.6158181
16028.3370983
23994.3785913
23330.5819916
23971.6762273
23932.1683918
24789.8815875
23838.5523691
23999.1766504
24274.8784788
24286.2062934
25491.937851
23443.8013551
24621.411101
23846.3566594
24884.8253919
23710.2088593
24496.96008
24338.675135
23253.4216142
24378.4657154
16382.1686118
24734.6568699
22782.1371315
25356.0548806
25122.4896509
23660.87622
23205.0056514
24300.3288317
23529.272196
23575.2446336
23836.5335158
24321.883543
23859.9215485
23686.6967626
24590.8968063
23810.3014982
24117.1818179
24786.2781386
22421.5778753
24605.7963796
16606.8794816
23639.1139817
23594.2299522
23393.5826398
24914.844937
24132.2868602
24732.2128602
23608.6826147
24010.2966085
22845.9604381
24091.3820004
23129.263435
23231.3055324
23318.1969962
25145.8793308
24184.7658442
25032.3057185
24279.3221561
23169.8502904
24590.7830591
15984.2070701
23819.7799196
24052.3381
23956.456317
23218.8314061
23808.5861897
24135.7254185
22801.8681363
23449.7194801
23459.1896556
24113.3592715
24211.5328189
23044.2731297
23125.3557259
24962.2440644
24553.7090035
25162.7064784
23926.9759103
24310.1140428
24487.4196269
17065.2317963
23789.5902468
23989.6127624
24416.4828398
24842.8396901
23777.1220974
24003.1466562
23011.4200348
23004.2232044
23465.1229007
23399.5418722
24383.7232524
23394.9953572
23948.2089159
24634.6424931
23224.5857089
23246.6684335
23493.4699503
24390.291241
24198.7793609
17399.3283551
21088.7159643
20001.3968432
20819.1001632
20908.5190926
19741.2224502
21935.5890121
20137.2815456
21626.9755594
20895.5837382
20785.7651167
21363.868605
22205.3948585
20875.8733293
21801.9649802
21632.6780695
21238.8156053
20169.7330969
20809.6033636
20870.7450861
14670.9041356
23729.6343239
23566.027334
23091.9755168
23561.4251914
23367.5157618
23576.0288176
24147.7869526
24255.6896956
24051.6736031
23555.9264401
24077.5535965
23181.9628602
24268.3507528
23756.1005226
23817.2228014
23576.1487898
23471.9010333
23604.3610173
23516.7753461
16724.0297708
21837.4959125
20477.2167707
21512.6732897
20785.8027496
21449.7075153
19497.0086009
21439.9250146
21386.464702
21585.3822361
22088.6028983
20544.262071
22148.3744244
21971.6410132
20862.6828079
20972.950133
20395.0446898
21104.3985909
20621.0346356
19768.0886792
15846.4809653
22091.3594859
21336.222364
21452.690731
21428.775676
20937.7559068
21398.625552
20598.3574682
21737.4159202
21253.0308324
21068.2815366
19961.6969149
20642.8184247
22045.3135116
20921.4607657
21636.7913308
21774.2210322
20645.6689838
21260.3607039
21888.5871182
17236.2616232
22119.0844285
22290.0658374
23987.8423067
22213.8243763
21848.3051452
20951.2470397
22464.6955905
22476.4312637
23244.4186844
21308.3955594
22699.020325
22847.7435966
22233.5926061
22446.1277776
21873.3563989
22967.1230713
22704.8555179
22341.1244325
23012.8944748
18679.4481807
22392.1000483
22390.3454093
24054.2702101
23579.4092438
23423.7723959
23089.0519306
24101.0785472
24967.3217396
24842.1174452
24901.6767159
23192.273285
24379.7087262
24217.2328163
23609.5358392
24067.9846616
23607.5501171
23550.4509029
24133.5561822
24956.6105401
18251.8502405
24059.3968343
23095.2558971
24052.9219078
22602.2141434
23159.2055592
22878.1484409
22618.8391233
23558.6359032
23746.9671472
24000.6412357
24019.1639774
23810.0710203
24587.6905799
23936.9853791
25001.3697997
23714.25137
23516.6509932
23688.428904
23252.3097172
17764.5111454
23800.0400991
24294.0335847
24622.5260687
23683.7495625
24000.7456254
22657.7358671
24052.9706999
23803.6013253
23865.3899519
24101.2661016
24042.9266878
24183.5492884
24230.2004723
25178.7522252
23824.8519338
23095.1084945
24144.8745049
23956.0773612
23683.6032452
17925.5719729
19835.8228995
20984.6269759
21032.0895711
21196.1996342
20569.1127937
21348.545991
21536.1215642
21228.4237646
22027.6281768
20032.2892534
20459.9891833
20329.9841265
21278.0318966
20699.8388542
20969.43352
21304.7395517
20788.817073
21921.2483868
21204.781463
17113.1906863
23628.6771991
23217.2151783
22598.4025706
24045.7085807
23267.2619394
23338.826441
22814.8668719
22964.1982046
24149.2522961
23180.2516088
24069.8434392
22878.4228654
23838.7236266
22758.6611241
21825.7955112
23248.3413587
23529.8214834
24181.6584077
24440.8622213
18278.927468
22663.5728862
22469.0593982
24036.0147808
24203.5961328
23751.66796
24993.6035946
24025.6655181
23342.8120264
23311.7755632
24048.904432
22620.4020231
23904.5884226
24302.0322372
23669.0050933
24191.9014445
24084.8827014
22988.2595187
24153.0889337
24104.2470547
17862.1472509
23742.8777231
22475.9809921
23626.248169
23718.5884485
23186.7909908
23872.2432222
23799.7120325
24090.9013936
23085.9378172
22870.4357506
23829.2834404
24280.6946123
23771.2179625
24399.4920126
23733.3666098
23882.7310963
24071.0272494
23065.8049637
24026.7910775
17835.0396279
24043.4970762
22968.3518252
24472.426895
24186.9251241
23395.4899527
23780.8068971
23632.5198719
23536.8297113
24855.8223381
24883.9829827
24451.8827378
24349.4149363
23971.0495164
24032.9094689
24220.6788909
23915.2619739
24043.7085455
24458.8782362
23294.5256429
18527.483824
23401.0821162
24649.3640109
23888.9720505
22957.1996659
23405.734535
24225.4772763
23248.5854235
24189.5258069
24019.15265
24007.6695875
24388.3912952
22236.9008578
22881.976964
23566.8336689
23184.7775912
23787.8347733
24048.6318157
23049.6823618
23579.5354544
18645.965035
21183.0879113
20807.6759509
22090.5113385
22480.5485475
21076.3744022
21470.4944908
21639.9053127
20609.3103123
20637.9264976
20321.4529046
22479.4807937
20866.8253807
22083.7842817
21006.1350348
20899.5167087
20685.6712605
20803.4141528
20915.4030306
21797.9026849
16077.4386177
20438.7441654
23522.5385045
22189.6648813
23524.7958798
21589.763114
23278.1386395
23540.4220219
23131.5041377
23187.5197942
22996.0803791
21506.9125725
22776.9043971
23019.2048149
23094.6075509
23395.0880134
22733.8585802
23209.1952582
22097.944166
21835.1424984
17300.4382535
24126.4382272
24946.5851646
23943.6327494
23711.1372238
23131.6470041
23464.7687268
23685.5619412
24645.6657492
24212.1990917
24755.6758292
23714.4145341
23900.7902801
23835.7106285
23782.2979103
24023.0955967
24495.940283
22771.9928242
24059.249065
23828.9050025
18094.5578723
20487.0943146
20666.4477786
20497.5728566
22604.7244594
21347.8765575
21830.1303797
21004.0518338
20141.3545851
21031.6482755
21059.6796817
20517.1675941
21115.6126136
21437.0169941
21515.6190213
21450.8361689
22145.0699651
21357.2040957
21285.1459836
20716.4320388
16735.3573227
23643.3828811
24448.1587445
23713.4633776
23944.5799177
24200.4407382
24697.2864111
24227.9851526
24052.9272686
23438.4430123
24212.4560706
24308.0970282
23577.409471
23823.8652749
24185.0945802
22872.5502932
24017.7716683
22444.5218924
23715.9466534
24455.9305048
18769.867158
23904.3685376
24366.8446139
23552.0850938
23864.4635619
23305.4593352
23843.1544102
24046.0177596
24719.1109237
24158.4835853
23609.8136481
23720.7876172
23897.9040434
24096.2696597
23856.7683886
23140.7773738
23362.6905152
23854.1354961
24099.5973293
24611.3281644
17919.5634818
23304.2590484
22999.2461857
24572.5401693
24292.7277603
24275.1746819
23836.3337252
22944.8906224
23059.7204733
23643.1416878
24253.6475763
23291.8296349
23076.0367206
24913.4939152
23814.9011127
22668.981524
23940.1718511
23825.6234454
24283.2648521
24181.696018
18304.1661036
22438.3215179
23022.1333618
23550.827609
23538.6719282
25480.7302242
23586.4432037
22814.3698091
25134.216773
23280.5704416
24399.4595725
23239.3304057
24156.6356966
23665.0978765
22877.9682323
24231.5766347
24340.409476
24026.3676062
24425.1303792
23936.9828229
18657.8369493
22363.3288489
23037.6915785
22154.6156359
22592.9476491
24132.8250467
21853.4838904
22042.6791554
22853.4449192
23724.5689974
22525.96077
23011.0916004
23483.2955449
22678.9984998
22474.1971264
21763.7965683
22579.0494168
23638.397548
22907.9257585
22697.8089037
16531.9078044
21518.9110855
22204.384595
21263.0350559
22322.377207
22086.7504825
21871.9342839
21538.0275917
20967.9247882
21249.1528176
22072.7512497
22131.4370073
21937.5322385
21992.1861421
21222.3648655
21712.6976483
22675.5700551
21434.0737793
21203.2876873
20566.2958024
17501.5642153
23271.5822263
23598.9717284
24268.1879602
24445.5441512
23915.930294
23732.1509784
24737.2241354
24526.3792497
24467.5791852
23933.111963
24214.9252321
23989.1366966
22764.5621405
22978.5808374
24362.7115073
24249.4275142
24366.3372619
23781.650969
24415.8454673
18060.8286299
23725.4169139
23040.5965636
23337.0671694
24481.5562369
24924.2199549
23508.7744491
22779.7892925
23080.7452428
23571.8577217
23384.1267194
23462.7486907
23498.8112029
23742.5443649
23403.1408395
23265.1630409
24298.9553058
22244.1802524
23097.1154258
22861.1145699
18244.4677671
23548.6847585
23433.953297
23497.5474628
24278.626329
23812.1405107
24580.8935561
23996.5137696
24532.7295935
23805.341862
23289.4147471
23749.8810789
24287.3358501
24492.3963286
24736.2820931
23572.8608912
25036.4021118
24103.9515323
23176.6444732
22791.0402906
17205.0768368
24381.1998449
24923.3166867
24731.2976936
23757.8430603
23175.0684851
23640.1127462
23467.8224637
24680.2263403
23405.0956159
22778.7643512
23787.6351713
23253.7689864
24229.2658931
24611.8562242
24057.2463664
24274.3845406
23809.4283249
23913.4227026
25095.695714
17326.3056305
23492.301159
23478.5664501
23831.2359594
23634.1999035
23284.2266313
23772.8557495
23723.2681951
23371.5415808
24441.4875454
24543.7506001
23399.8342936
23875.3483897
23827.6411229
23775.7938205
23663.4043269
23500.9761723
22968.3601898
24554.6462176
24988.3489867
17291.7314369
23427.3798437
22624.2586315
23798.802827
24817.8937285
23834.0807171
22293.6523635
21882.3462625
22403.6879519
23649.8908439
23681.0425933
23917.6664066
22530.7406759
23205.1251614
22404.1261159
22661.5727552
23514.5710815
23026.4980513
23277.5240068
23704.5099497
16410.8716445
21024.5310313
20620.8766176
20748.4353243
21415.9385131
20707.639471
21333.8445129
21664.7062502
22161.0463658
21064.2972121
21669.1266448
21749.7231934
21673.8174996
21166.7176581
21168.8289874
21700.3105372
20795.5966779
21040.1508365
19404.177018
21182.6623831
14139.6608032
24306.8974312
22473.0137244
23357.0420748
23348.3370989
24127.1410265
23562.8345414
24239.8648863
24989.9446419
24622.9150707
24605.2955809
24856.5692063
22892.9609754
23867.3863869
23356.1812393
24850.4799995
24191.6675677
24411.0745778
24006.867017
24067.7311642
17324.4175829
22371.1831539
23649.3305325
23759.3471801
25165.8971587
22980.460638
23349.1467936
23979.8143922
24725.8515606
24243.4953634
23692.4179593
24270.3266676
24532.1043684
23917.6708633
23458.7828
24145.1994139
23638.6960725
24265.2412484
23622.7190109
24026.6094949
16539.7993223
23608.9528488
23907.4810326
23656.7665486
23150.4017824
24697.3896832
24075.0824603
22603.8828557
22203.1772259
23660.4045598
23378.5587262
24479.2720612
24016.0532015
24035.5054948
24050.0785439
22879.3770857
23556.2466981
25120.0217229
24385.7185151
22845.5814637
17256.8073556
22753.7662427
22890.2965506
24514.9942217
24267.1914881
24313.6313082
23597.4077049
23332.0729173
24260.9428371
22627.9333739
24878.5144011
22923.8784918
21818.8126508
22596.0307474
23224.8938641
21178.5217257
22654.3909678
23609.3923372
23640.9751746
23109.2971211
16596.5153876
23798.7371373
23898.2707099
22948.6238224
23193.4912111
24863.0102223
24535.1364561
24400.6624324
24760.0544435
24681.4205834
23725.7625776
23533.381109
23337.5575135
24143.1874096
24612.5265697
23098.3670295
24806.7711698
24389.1744535
24021.1574382
24701.213227
16255.8510519
23729.7283599
23411.3427501
24451.3738135
24583.8050627
23647.7238811
24474.0104418
23683.7395353
23987.5664319
24715.12533
24507.4896272
25168.2577183
23433.7556994
23313.7284121
24239.1158867
23271.125474
23739.0472795
24120.8164854
24574.9382851
24842.3379948
17991.2865413
24249.5972317
24088.5620315
25078.5150622
24091.3899634
25348.2602738
23480.4924905
24249.8949377
23157.3537867
23382.5371689
22974.3011359
24492.2612321
24451.5775605
23622.4940323
25166.5894482
25150.0491873
24206.1113961
24273.7761721
24402.1012058
24405.559791
19173.289922
23968.0063871
24084.2430007
23475.0889178
23966.5948577
24512.8102246
24188.6568199
24069.0545812
23344.4453458
24406.7408885
23672.939615
24429.0453621
24547.0356892
22720.8535128
22992.0632052
23782.2297805
25150.786812
25354.7805678
24669.8555085
23518.7879237
19471.7187595
23392.4113221
24787.9736462
23941.1935836
23064.1688959
23411.5009432
23405.97732
24445.192763
23506.5486669
23901.2151331
24729.0864101
24042.8943313
23163.8307174
24987.2928986
24001.6959605
24600.7766653
24163.0839464
22950.2914888
23816.0748289
24101.9783206
18195.5629581
23290.0135897
24243.9947866
24680.4964163
24360.4154053
24258.0513171
23634.8838664
24227.2492399
24008.1258575
24676.5490595
23443.2096079
24390.0003492
23419.9283273
23245.3034697
23781.768782
23830.1115306
24251.0086419
23879.3256901
25046.5221664
24964.957899
19164.2697732
23796.3713074
22721.6194635
24442.2675784
25018.7248526
23801.958007
24818.5894392
25048.1594277
24016.0079726
24636.2838468
23250.8785929
23297.4970688
23429.0783501
24017.7726916
24362.5599932
23553.0378705
23648.8634824
24980.3098849
23033.2006789
23411.1126808
18215.0169298
20879.7759704
21689.2788337
23311.11598
21915.0302006
22991.9770181
22542.75241
22118.059579
21595.0847322
21290.683653
21877.4900847
22241.9240036
20016.9135851
21202.2025401
21673.6689564
21107.463978
21012.0314824
19494.25141
22618.4687019
21829.0077228
17114.8326268
23387.6658653
24113.5282501
23882.5060716
23008.6960423
23605.9660601
23737.1836646
24218.281049
23270.603973
25127.1387229
24117.1584971
23099.010553
23753.2713925
24208.4505593
24018.3069171
24674.221077
24286.2757563
22831.020626
23128.9885503
22985.7028058
18777.0700895
23848.3817845
23980.1995448
25225.2486047
24021.4487365
23781.9186052
24604.2441214
24723.3196101
25208.5145584
24934.2756496
24902.113902
24796.5015929
24503.4990958
24563.0620645
25054.0858992
23137.1908628
23632.3631247
23554.5585699
23553.1898104
24708.188982
18252.751718
24391.7865652
24059.7263394
24113.7645093
24000.9197968
23609.7612543
24785.4646742
23875.4263658
23995.8814125
24724.2977129
24772.1474123
24618.6337684
23644.6587357
22264.9312764
23262.7170567
24267.3982382
24506.7453685
24026.7640207
23874.3343708
24476.275751
19243.7334395
24168.4830129
24795.0586405
23760.2281916
24006.7603615
23033.5763961
24734.220416
24360.4137878
23635.6843217
24163.8419428
23461.6865296
23556.470465
24742.5562448
24951.0395391
23559.7023917
23729.5057304
23305.4225348
23583.4311773
24535.5662798
23557.2268572
18801.6867194
20797.4736647
20615.8142586
22019.315351
21880.5800007
21294.8613909
22311.7606357
22164.8088569
21639.547784
21655.8032513
23356.846299
22597.4294241
22719.593119
22797.980295
22439.886945
22100.3857551
21377.3574038
22196.218058
22238.9780592
21586.2224305
17911.1410365
22851.8989091
24114.7600678
24198.8233037
23343.4223013
23979.7319128
24183.9029642
24014.0702662
23367.843841
24170.2058994
23588.5943295
23676.6615329
23830.9176473
24191.2545708
24494.9710216
24734.7897537
23540.7694379
22414.3939783
23418.2758181
24722.5018325
19069.0039723
23782.7848952
22964.8311999
23012.5876117
23345.6747377
24632.5710334
23695.4154416
24168.8088782
22762.3760169
23798.7579617
23425.6649002
23826.1739955
23492.4685637
24267.7626807
23950.9330578
24236.3642906
23813.0537791
23169.8761111
23288.991191
24585.8452007
16588.5492392
22846.9700795
23922.2154596
24092.9370644
23745.5920818
23875.9483893
24415.7488365
23432.2578847
23899.1751526
24492.417113
23568.2135664
24140.8406231
23829.6241773
24003.6788862
23956.1192545
23301.9117517
24092.3550661
23096.6808118
24696.241165
24911.9142591
17723.1924446
24505.5326295
23318.3408091
23102.5187012
24451.8158998
23112.6439021
23280.2841551
24124.4450002
25051.2173317
22987.5371681
23875.7638795
24129.1869752
25395.6258858
23289.9947038
23434.4272453
23906.8263368
24202.5716958
23742.0043226
23788.7453852
24652.8256741
17397.0607196
24247.9581182
24500.5502115
24143.0991349
24824.7324353
22952.019981
23870.544203
22787.7983975
22685.5580649
22961.1738658
22140.7942282
22403.442243
24085.7443776
24707.6464954
23068.6128744
24081.5419779
25007.2472796
22980.1822256
24764.0488986
23675.6249816
16854.8480215
23270.2521411
21827.2639482
22524.8969036
22709.0729056
21965.0678792
23293.2142618
21686.7519889
22404.1895565
23993.1269767
22784.1511906
23934.7420137
23708.0824543
22832.6033057
25018.1830095
22229.845651
23014.2301664
22229.4161333
23349.1962014
22081.6117048
16705.9871569
23584.1054472
22972.2752042
24172.4783104
24416.156835
23064.6019837
24034.8988623
24431.6291929
22767.404901
23339.1913813
23204.1927089
22815.7395173
22730.0199617
23106.521938
24785.492279
25019.6057525
23267.2266772
22868.8695472
23700.6550379
23374.8883719
16740.54256
23752.3882078
22970.1808612
23662.0729798
23988.7954707
24637.9046408
24297.552988
24436.4222494
24331.364014
24195.2937171
24883.0652496
23606.1448308
24286.4568932
24452.9299542
24141.5002437
24039.5688287
24486.0060478
24150.6627809
24358.6209829
25139.034738
17046.1210552
24089.5922036
23722.6780026
24287.4437054
23375.8498
24164.4693723
23485.342751
23377.6056975
23277.0546019
23025.134151
23988.4631282
23422.7614462
23551.3964437
23205.1438951
24131.8975023
23670.7143021
25162.6564943
24068.1431855
23302.9794233
24680.9089248
17988.2809569
23231.6938483
23930.3274375
23218.1135608
24847.9909349
23916.1659442
24515.4759583
24555.0728856
24527.6623949
23503.1830883
24117.3782779
22977.0550597
23516.8937021
23810.0065594
23039.1987185
23681.4762681
23773.9447689
24886.7654802
23515.481938
23259.9707338
17014.4229858
24038.9780898
22950.464535
23084.8069141
24797.3036103
24123.7516136
23461.9657228
23513.5063391
24880.447777
24196.6126528
23893.7910641
24314.2594367
23993.9788039
23502.2510539
23932.7630344
25006.6550358
24129.4856652
23301.3317108
22962.8203073
23631.3032617
17611.2002734
22676.3101328
23031.526345
21502.7461392
21740.9196417
21454.831952
22816.2209429
22257.2755392
22576.7281941
22224.3707995
22041.8053511
22680.3529847
23714.5799696
22957.0206896
22066.9240262
22482.0182646
21128.511333
22011.6742498
22001.1399384
22108.0610306
15514.5561748
22565.8381032
23829.7368325
23308.2519166
24757.1829661
24089.9529207
24975.9386917
23505.69457
24660.421573
23325.3866923
24218.3320917
23870.760047
24299.0199331
24298.44631
24691.2258273
23975.5028493
23812.9645918
24119.8817319
24241.4877139
24142.0303111
17267.01503
23207.7077993
23440.3582807
22895.6198677
23514.1729591
23505.2324493
23050.4671857
24118.9689711
22892.9705154
24486.9983912
24498.1288598
23417.6614663
23497.3470965
23448.630421
24012.3995247
23817.9221156
23428.4204994
24218.7686868
24461.9018252
24095.258969
16814.6650201
23257.6154231
23985.0388291
23883.6049573
23072.3267027
24559.8344327
23971.8103302
23784.2276655
24378.8912209
24284.8165569
23701.0582026
23682.7635064
23350.7700232
24012.8356939
25061.9723376
24025.226633
24362.8640372
23710.7028988
23671.7779332
24516.7902544
17045.4968071
23418.9653686
24471.8625748
24121.257158
22986.2550956
23264.5799372
23627.8809571
23049.8714728
24430.101627
23044.6879671
24057.7066623
23589.7873852
24367.5815447
23602.9561607
24445.4146211
23334.209769
23243.2398864
24092.9420128
23278.5871808
24851.0040502
17423.2449721
21444.0981144
20590.7196044
21131.4877687
20236.4640267
21915.0122332
21472.6312516
21965.1159073
21911.5608437
20460.1166511
21016.5886078
20982.851704
20829.2974264
20916.8482331
22033.0447807
22115.6546742
21088.2092209
22126.3109855
21498.7351451
21406.8602723
15302.429215
23286.7038895
24372.148289
24902.8354187
24280.7816794
24189.9427572
24133.8014222
24194.8578882
24180.0255402
24285.0614619
24168.2483149
22210.4294681
23365.538027
23759.8427246
22509.3660833
23719.5526555
23683.7118176
23813.553177
24555.0625187
24536.8470617
17083.937668
22450.35109
22583.4572887
22249.7850621
22171.9143203
22489.7351403
22979.8165363
23594.9006752
23743.2778993
23480.9921038
22318.8017754
23720.976422
21573.6537078
22126.1826632
22951.0668394
21338.6571434
21490.1250798
22193.5608237
23192.9042517
21912.0521142
16043.4543524
23221.9586355
23383.6846689
23293.0934123
23622.3261805
22793.4614043
23640.2182885
24579.9780111
24417.0943733
24985.5069859
23523.5398855
23311.4418142
24120.881115
24002.953546
23847.9786807
23166.9778497
23098.5103077
23695.3883626
23478.077989
23992.4495356
17029.9113623
24227.1021281
24325.9513131
23085.5867904
22321.5769983
23343.3286628
22812.5802913
24105.18141
22535.5961198
22899.0939584
23103.4046979
23071.9524195
22430.5167557
24130.1066838
22441.1040381
23050.4870183
23650.5386851
22253.497189
23120.2672029
23817.3154329
17135.3032913
23687.8610152
23434.2351707
23958.3450289
24301.234885
24110.9720722
23939.5226979
24542.0735237
23117.2651686
23860.6685872
22649.9922221
23644.785513
24224.9125039
24463.4298114
23789.921493
25090.8780963
23913.6629736
23001.8050068
23940.53343
23793.7876209
16699.5215432
24216.9975128
22993.6358343
23453.0556408
23631.8697781
24470.08939
23908.6942444
23642.3757015
24254.2254576
23405.836831
23675.2662519
24375.5630914
24015.6745408
23439.1326217
24360.9015818
24428.9583827
23990.5464789
24294.6224169
24781.2195237
24464.5882062
16748.1611496
23081.7193974
23725.1776268
23178.6123619
23530.3535921
23872.391456
23954.5711153
23912.8934347
24209.1023689
24366.9621623
24200.7610259
22707.9794479
23237.2916161
23038.5941967
23717.7784224
24341.7575468
23901.3677311
24149.0597361
23548.5007117
23375.707717
17359.8648439
24551.7490005
23154.4165635
22421.259037
21377.3423858
22641.9201012
22789.6516712
21073.8316785
22960.728387
22843.5451923
23886.1901023
21699.747887
22647.5654957
22169.374423
21873.0226431
22696.3947879
21720.949599
21833.9171632
21322.8702062
21473.9906369
16327.5815517
24650.9349303
24401.1715635
24603.2969714
25005.3983628
23710.4058267
24026.0232025
23580.939041
24485.0155214
24716.6835522
24116.589792
24089.4667423
24025.2465203
23932.0254838
23892.1919137
23202.9344521
24023.1092982
22866.4232424
23306.5725077
23271.0256048
17215.3041336
