364.56935478
31.06204947
31.3819049934
36.3400450729
36.7346146708
36.1240101635
33.1985695979
31.8121135159
23.2109320088
20.0800781457
24.7483741166
34.8564383562
35.3834502872
41.7666918656
42.6875627763
41.3003377542
37.8737830314
36.7947490057
27.4970388693
65.4521193634
22.8228264901
26.6202897527
38.0236456032
38.7304140521
46.0006293675
47.2527284387
46.0753622291
42.2197108753
40.8147241379
30.6381135159
25.2168047703
28.3714633392
41.3249155615
42.1868107869
50.5534026549
51.4425975232
50.416824414
46.241487395
44.4494166298
78.2254732182
33.6682395051
27.287709364
29.6075768551
43.4668015031
44.4622108753
53.0521659292
53.9327901726
52.644059292
47.4461556833
46.1260733864
34.0910128148
28.0071841873
29.0508701413
43.178347038
44.2654787798
52.7556256637
52.9225393805
53.0911610619
47.8406585582
92.4903805937
46.7886090226
34.4566840477
27.9396007067
27.1801475265
40.2982307692
41.3910424403
49.3947355153
50.4587010172
50.0454183989
45.1110362671
42.8865251989
32.4324091913
26.4061696113
23.7600467991
35.0267255855
36.1725678303
43.3326145004
43.9826954023
43.6276847922
86.3404428698
40.2941295314
37.6632218294
28.6761859541
23.3231554084
19.7292993377
28.9142513251
30.1670061837
35.9838692002
36.8797989395
36.1542735307
32.6500989399
31.0927698763
24.317590287
19.7783077263
15.2928252427
23.0606260486
23.9367748344
28.8665839223
29.4782716431
54.4932175066
29.3740362191
26.2491166078
25.1541833039
20.077615894
16.5432285966
25.3020728477
34.4169832081
35.5404639859
40.7540557029
41.8611215738
40.4527820513
37.261109589
35.6308316394
26.366870583
21.9110816777
28.35882553
38.875691118
39.9393725144
47.0424281291
80.4979415412
50.0301335692
48.534175586
44.2336657825
42.3620839965
31.0410958481
25.6109372792
31.5761634276
45.6173231653
45.6544586466
53.7673889381
55.2123486726
54.2173234513
49.5001565679
47.1220513047
34.7758382678
28.6016863958
33.4811520106
47.5993476338
49.0478845133
149.141547799
59.6299446658
59.027560425
58.7058030102
53.7106318584
50.0485033171
37.5654962439
30.8375485866
34.0394728237
48.6858257408
50.7632954445
61.6088888889
62.4734448871
61.3177171315
55.1309632743
52.6994597345
39.2285380195
31.2788205921
33.722841361
49.2718177797
185.478914439
51.3395453339
60.6713501549
60.8491195219
60.6964249668
55.2593283186
52.5332858407
39.4090132626
31.6251917808
31.0770689046
44.9177577365
46.8426510394
55.9859553097
57.4052784418
56.8416522124
51.3212277753
48.7225333923
36.6895439682
30.4484646643
27.3669138693
195.874863191
39.5024955791
40.8259261715
49.4072848297
50.0979907121
49.374521893
44.4226945181
42.5357679045
32.7775289439
26.2429121025
22.554984989
32.2065881573
33.7418444543
40.8559416446
41.7612992927
40.9546100796
37.2136924437
35.2674856385
27.3822504417
22.2771611479
155.940480872
18.182597351
26.7463873675
27.6301634276
33.3477905435
34.1757940787
35.0079544852
30.4164439046
28.7523242049
22.3737245033
18.5672113857
28.6443493816
38.34898365
39.474158267
46.120192835
46.8698850066
45.7137098629
42.4531958444
39.9779659593
29.8715993816
108.523512866
24.6856732892
31.5847579505
43.6308324492
44.6269005305
53.0850261062
53.8782225664
53.1941181416
48.1346026549
46.6818677576
34.7076173221
28.0201227915
34.1185209898
49.2881039363
50.2190327289
59.9261770695
61.6349867198
59.2907370518
54.491410177
52.6177561947
183.282306904
39.8530994695
31.971922669
36.9495046399
53.1197690265
54.6875057522
66.1544554719
67.0218117803
66.3017205492
60.3045489154
57.7507065073
42.7750282935
34.7673800265
38.3645598763
54.9990185923
57.6184537406
70.0864180691
70.7533305272
68.8880420726
62.2261575919
242.475672776
60.2160725985
44.4978090186
35.9240481662
38.0683424658
55.07055
57.2483247788
68.6461178034
69.3339118689
68.6858542958
62.5070110668
58.9891350155
44.1544177719
36.0623769333
34.8122280159
49.2079871738
51.890170354
63.9132249779
63.8574712135
64.3506527901
247.365016547
59.7013938053
54.1326393805
41.683862069
34.0526106938
31.0680128092
43.3657572944
45.1928045977
55.5509982293
56.5794831858
55.614320354
49.8124913755
46.7691432994
36.3834140521
29.3638440813
25.3700419611
35.8588709677
37.6994016792
45.7179907121
46.9874356479
206.55323149
46.9270601504
41.8607630416
39.7273656057
30.9002826855
24.9370472406
19.8859465784
29.4136682862
30.8620353357
37.2493605833
38.3877874503
36.9705086169
34.0148475475
31.3869178445
25.0002644592
20.4575748344
31.1537941696
41.9756436782
43.6301198055
51.7586876106
143.524913333
52.8590960177
51.1199442724
46.4963135781
43.981428382
32.9664816615
27.1056263251
34.9365333628
47.2820698806
49.5922176028
58.9777441346
60.253043382
58.4185794599
52.8810128319
51.0858610619
38.2647419355
31.3857959364
38.2030707026
53.0430495575
54.9476004425
170.044467053
67.6910527015
68.7089973428
66.6471142604
60.5596352368
58.1437264276
43.4413872679
35.3300605391
40.8245442087
58.3739884905
60.7475675077
74.3254683208
76.0678138298
72.7610718085
66.4218768822
63.6535677591
47.7261145511
38.4962201592
42.1226007958
61.6175754759
247.616896691
63.7050008853
77.0164175532
79.2348160461
75.6970367908
68.7822472308
66.3340726306
49.6467930119
39.8229544651
41.7493244916
61.4315325365
63.2960217006
77.2201600177
77.0155301418
76.3238914007
69.0084222419
64.6739472985
49.2821601061
39.7246335102
38.4935747126
287.116543049
56.4205030973
57.6281367862
71.8257678334
72.7422441294
71.4415068675
63.6796687334
61.2943622675
47.0781463954
37.6041011931
33.3175859479
47.8172246793
50.1826678461
61.1809946879
62.3416206286
61.11033112
54.8738442478
52.9888482301
41.0308041556
33.0549248785
276.609840716
28.1655746466
39.5416542882
41.0141352785
51.2398288368
52.3339800885
51.2420150376
45.6731773552
43.8921061008
34.0124476359
27.5425388693
21.2823474614
32.2897610424
32.8754701723
41.0316534041
42.3175083996
41.0638196286
37.1776438356
34.3595669465
27.8320905477
182.484902895
22.7805677704
33.19078038
45.3951295887
47.1633281734
55.9307199115
56.7575993803
56.0027486726
50.8376563467
48.4975749668
35.667719399
29.0885176678
37.5569924878
50.7316548673
54.1179225664
64.2323985828
65.4908489814
63.8652462356
57.0565825587
55.7557079646
180.930793764
42.4686167109
35.3100923553
41.1440207781
57.9677543161
60.4096339088
72.2444536996
74.8913495791
72.7967589721
66.1978534101
63.6223689105
47.3290411322
37.8427511052
43.7026189213
63.3783445527
65.326891054
81.0605649667
83.1276700665
79.6752429078
72.7049663121
280.738092659
68.9693179805
52.0011212389
42.3617254642
45.4432574082
67.3284539415
68.3995456156
85.2134430155
85.9525862528
82.5486727273
74.1789393
72.7109295525
54.2506619469
43.105566313
44.7367798408
66.2152201063
68.8634109832
84.7074124169
85.0034350333
83.5447303769
328.336029161
75.8541272163
72.0267620735
54.4796641593
42.6757462423
41.2130791335
60.2138663125
63.1709521912
78.3964171099
79.356527039
77.7947092199
69.620483385
66.9709025686
51.2402367257
40.2469469496
35.3837666814
51.8400460177
54.5227938053
67.4510845881
68.1292918512
325.761056925
68.9475146147
60.6262664896
57.8472749004
44.6864902741
35.4578174989
29.6436647527
43.2154960212
44.9928934571
55.9931517699
57.0919490925
55.757049115
49.9392087572
47.0506147722
37.0608514589
29.5099297703
22.7216057395
34.6907039328
36.1827737517
45.0645263158
229.294943354
47.0635201238
45.2610906678
40.7146976127
38.1334396818
30.3979726148
24.2109015453
35.3483866549
48.9327209199
51.0277607253
60.3291456397
60.7525741479
60.3594988933
53.9201840708
52.4857234513
38.3389801149
31.1606254417
40.1855738285
57.6885212389
57.6522589641
167.421664146
69.7817772365
70.3435285778
69.1789313552
61.3049760956
59.2305648517
45.2372547545
35.9120238621
43.8052029178
61.5626644533
65.275332448
79.021758422
79.5106648936
78.0239601064
70.3530633584
66.813785651
50.3422326404
40.3717740937
46.738233525
68.5951266608
293.670105993
71.417671245
87.7873291925
86.8035590062
85.2606842572
77.4660580674
74.6470868794
55.9398769912
44.5605152587
48.1953759398
72.0470252548
74.1823730616
91.2661543922
90.6853123336
90.2616725821
79.3431476064
77.9403488475
57.9365011067
45.2115471031
47.8662569659
414.010980683
72.7059751883
74.4980682322
90.2813269743
91.9219179237
90.3223970719
80.5137606383
77.1604955674
58.1402886233
45.4808372402
44.7179756745
64.6268131089
68.2543879539
84.762913082
85.5505782705
83.9318266075
74.725073549
71.3880851064
54.3707004425
43.589031402
438.366171236
38.6139558109
55.5137150442
58.9286569278
72.5993916704
73.6815945946
72.5699760744
65.0226040744
61.241622842
47.5054161875
38.2319924878
30.9375375442
45.6914949138
47.7872432552
59.9486423196
61.2809805137
59.7626480744
53.4228685841
51.1463146018
38.7023801945
382.221212013
32.5223237633
24.261599117
37.2051648983
38.556264251
48.5457739938
49.3025232198
48.3542923485
43.2096167109
41.0865565871
32.255619258
25.6880079505
37.9875802033
52.0880358407
53.177960177
62.8608078796
64.1948322266
63.8154338203
57.3139168142
54.2243526549
219.383264143
40.5743094607
31.9677976138
42.5252718833
58.3509260735
61.0724156707
73.1093819229
73.7290447497
72.9759627825
68.568105403
63.1382329495
46.730072092
37.7133810787
46.1118230871
66.4777426926
67.1664893711
82.3570594235
83.0136084257
82.3135250554
73.4635547187
314.849896382
71.8691657067
52.9010415929
41.965122458
49.1329195046
72.8146287107
73.7779384138
92.7850004437
91.6864957834
91.4266668146
82.2300186253
79.6994381375
58.7615989376
46.6775731977
50.4317076515
76.4283257979
78.0963240248
95.9708508655
95.2993006217
96.4944913449
472.310809524
85.030227051
82.1889636364
61.0278995131
47.4646411504
50.4650561698
74.1643947718
77.9221640071
96.3409414115
96.0420785619
94.7621819796
84.0984501109
81.1219915743
59.7761190792
47.2773038479
46.6153586908
69.3278086802
71.9080992468
89.6046422548
89.6198513753
484.205023831
89.6049361136
78.2513195922
75.5572224191
56.7301783186
45.0436439628
40.1623969938
59.2602368305
62.5356750775
76.7118373227
77.380821286
76.3877332743
68.0732369353
64.3117187777
49.7503843432
39.6007745358
32.2749094123
48.1115922158
50.5558062804
63.9639065545
439.405558546
64.7205351926
62.3291925631
56.2440446903
53.2933292035
40.907004863
32.9129832081
25.3221833039
38.7472378426
40.4219005305
51.3780588235
51.5278623894
49.3247408226
43.8208373121
42.6382387268
32.6134233319
25.9905923145
38.3597132125
54.2048128319
56.159227977
266.398451426
66.9574472985
66.0109375554
65.4999052259
58.8674909252
56.183429646
40.4544226348
32.3510927972
43.2071852343
61.3431434263
64.1333131089
76.6737672872
77.7387192905
75.5738754984
68.1832139061
64.6852307352
48.0945550641
37.8159885057
47.4987355153
70.5003052725
294.406746768
72.1381010191
87.8069303769
88.9558979592
86.8632607539
76.087606383
73.455966327
54.5162924779
43.1361100796
51.3158292791
76.2626010638
78.686964539
99.6837936085
99.5623059503
94.6854766977
84.4396558758
79.4989113475
60.2554289509
47.327322866
54.7233176991
451.123571813
80.5951919326
80.6099711879
100.051309947
100.420192803
98.5807097204
86.5150173026
83.9318301552
62.347143869
48.132271119
52.6373619469
78.4971400709
80.8517844789
97.4469165557
99.0256736234
97.6770466045
84.3665760532
82.8690035477
61.5779061532
47.9339035825
538.086326126
48.8974017699
72.6652747009
75.4312786885
92.7314418811
91.4703580302
90.9245190772
80.4201099291
77.7690336879
58.1914333776
45.7107638213
41.1393740053
62.1999778663
65.0009875996
79.4957101064
81.158231383
79.1907881206
69.8438910058
66.6847201063
51.0689920354
530.933241224
40.4122683466
33.7777905435
50.7362857143
53.1834460177
66.4299650133
67.2964468556
65.1975332152
58.1220039841
54.4554362832
42.0033032714
33.6501825011
25.631434629
40.4158651636
42.3005720601
52.6386676991
52.8308411504
50.6513409996
45.7308350287
43.6452189297
349.157351363
34.1032081308
27.0206969965
38.4049809987
54.1531615044
55.4998977876
66.6779937998
66.0857223206
65.3063410097
58.8094431164
55.8385964602
40.6605676393
32.6238638975
43.3701923077
61.8629371403
63.7769907039
77.0812721631
77.7637703901
76.0205429965
68.5945651019
293.820914808
65.5777130204
48.5659579832
37.98616313
47.4226262716
69.8695538325
72.1068019495
87.431659867
87.9878620231
85.5043733925
77.3113204787
74.488099734
55.2768893805
42.8346202476
51.1504212389
76.5743874113
78.5118962766
96.1294966711
97.5478730581
95.3153936973
417.55267713
85.6560891353
80.0337136525
60.2520712705
47.1632627156
52.3154007077
79.2514091312
81.518578714
99.75868664
99.6237171403
98.1942698624
87.4387607634
84.7247068736
62.6982934927
47.9523701902
52.2970172566
79.2674361702
80.7057046563
99.3835044405
99.4420901421
520.621345029
99.4863568575
85.0575135255
83.5892430155
61.5643497123
48.2844772225
48.3899274657
73.2231103234
75.6731976074
93.7415290723
94.2939214381
91.7009822538
80.9289445922
76.3918639184
57.9010017707
45.4977226891
41.6533015031
62.4852841965
65.8545863596
80.5978004435
474.103136241
83.0380115248
79.7889259752
70.600630926
67.3522821081
50.8938045113
40.5819208665
33.6929292974
51.58482751
54.4441261062
65.5264109832
67.4424937998
64.2022320638
57.6897467906
55.3295929204
42.3472161804
33.240707468
25.4310013251
40.858811229
42.5390671972
380.254802596
52.4678681416
52.1116256637
51.6618765487
45.6674113224
43.9844809903
33.5032717631
26.3684174028
38.4282328767
54.7822858407
55.343379646
66.609840124
66.6942156776
65.6437125775
59.1137631695
56.5527146018
40.6793483643
32.3912501105
43.0217683466
62.310461266
264.317616585
64.1027387068
76.6826991582
77.5934314856
76.3071160833
68.5527692648
64.5274322409
48.2297314159
37.6845072912
47.575216276
70.1611976074
72.217221533
87.3727277162
88.4379214729
86.9670288248
76.9443364362
74.1622206469
55.3051721239
42.3850800177
51.2315654867
373.231127183
77.0022960993
76.9013320035
95.2674163338
95.0734212162
94.3316200621
82.8104576497
81.4692855876
60.8553784861
47.3326735958
52.5314380531
80.5776511525
81.9437906874
100.224723357
97.7788250444
98.5873960924
86.1755545697
84.2839986696
62.0500146082
47.8628823529
476.519690369
53.6806752212
79.7369441489
82.188945922
100.134750444
99.6261620782
98.2177447847
87.1472147294
83.5868079823
62.2161912351
47.8883498452
48.8193507298
73.6464926894
76.150704475
91.1393527063
93.8881109632
92.2153859805
81.4825818182
78.1121617908
58.7144077025
519.542706625
46.4622419284
41.9958381963
63.7586173605
66.2816815766
79.4943807624
81.2899521064
80.1697526596
71.0654656624
67.5272183348
51.384398054
40.1848748895
33.147992046
51.5990734188
54.4240566372
66.7605717449
67.3865553587
65.850973416
58.1869079239
55.8149097345
389.082678331
43.5714836428
33.4238369421
25.4415689046
41.0026609195
42.3918147657
53.3091566372
53.6233415929
51.8423274336
45.8600875332
44.4022488948
33.8313398144
26.5532084806
38.6707136544
53.6714225664
56.2719676991
66.7426705049
66.4377838795
65.6263529672
59.0127512174
246.550334819
57.1523851262
40.614071618
32.4971979673
43.480316092
62.0644307216
63.6537467906
76.8884326241
77.7294716312
75.1762260638
67.0959078831
65.1340376439
48.3981676249
38.2309770115
47.5372406015
69.2391289322
72.5021191848
87.2739135255
88.6866792369
86.1766013304
323.52322953
76.7016012406
74.2061293753
55.1015610619
43.0841498674
50.56731977
76.7230638298
78.8539033688
94.6193715047
96.7807146028
94.6088322237
84.3659534368
79.5900837766
60.404039398
46.7932534277
52.6568234513
80.2642375887
79.8133803191
97.8381927176
99.4618601243
424.58596
99.1041651865
85.2334004435
84.5348532151
62.259313413
47.6823409996
52.8158269912
78.496133422
80.961486918
99.8626141208
98.6649751222
98.6254660453
85.7328464951
83.8327849224
61.9754258521
48.3473927466
48.8626262716
74.4008763846
76.371197695
94.3556870839
442.544711391
94.2218926353
92.2278762201
81.1436638581
78.2396054965
58.1546401062
44.9802485626
41.8824376658
64.2350128432
65.6712387068
81.417839539
81.2278762201
79.8684787234
70.6497226407
66.3572184315
51.175325962
39.6273196286
33.9052337605
51.4727293233
53.9348349558
397.038917864
67.7864472985
66.1106740478
65.5977178919
58.5572722444
54.5982646018
42.1870309461
33.1734476359
25.4616285336
41.4600309461
42.7855791335
52.3434853982
54.4860053097
51.0868920831
45.3606784609
43.6917798408
33.4576407424
26.467665636
38.1838585948
54.192059292
278.134376229
55.9849725664
65.825003543
65.2848219663
64.6537595217
58.6822009739
55.7799039823
40.8194664014
32.7386460451
43.3034778957
61.4985692784
63.0651696191
76.1851768617
76.7004796099
76.1911161348
67.3340478299
64.3626687334
48.2905484299
37.4377842617
47.8242556391
256.552221429
69.6477896368
71.7737470093
86.0239445676
87.1019183673
85.7647019956
76.2167757092
72.9464373062
54.1020061947
42.7230172414
51.1716045997
75.6783262411
77.7725039894
94.2643901465
96.1216165113
94.3500275189
83.5576776053
78.4303687943
59.6484200974
46.7931233967
378.316892232
52.9246685841
79.4551746454
81.3813869681
97.7073109729
99.1840670515
99.5533754993
85.7550465632
84.0053527063
61.2149424524
47.6942264485
52.072439823
79.6436804078
81.4920762749
98.8088974245
99.2881527531
97.573370617
86.3424882483
83.0341751663
61.5748773794
478.754121731
48.5272224679
48.5929429456
73.7671262738
75.7629977837
91.4580989791
93.7406191744
91.4747040816
79.9270549645
78.2617969858
57.9801819389
45.4409739054
41.5089778957
64.1402723649
65.9493228521
80.6477406915
81.7360820399
79.9317739362
70.6501041205
67.8416922055
408.881681348
51.0921247236
39.9729911583
32.9954180292
51.8379384956
54.5127281983
66.0417081488
66.5818516386
65.9013932684
57.6078880035
55.4695438053
42.0559721485
32.8323893062
25.5289284452
40.852862069
41.8365738285
51.4222557522
52.4330663717
51.5999207965
44.8565210084
305.673706172
44.5898355438
33.9423800265
26.8556868375
38.9912704375
52.4223380531
54.208989823
64.6661677734
64.795738264
63.998656333
57.3588473451
55.0464716814
39.6404549072
32.1543300928
42.6590601238
59.8195064188
61.4477379371
75.1807501108
74.866382809
73.6466304829
226.940742424
67.0384472985
63.1122749004
46.3297098629
36.8097070261
46.3768089341
66.2865828167
69.9432720425
84.7107573203
85.4326953437
83.4377303769
74.531402039
72.5598298626
52.8372902655
41.7794104379
49.7718978328
73.9095764289
76.3811320922
93.8581460275
93.5079813582
365.335152018
93.4117324756
84.974454102
78.7670837766
58.4829274015
45.8886713843
51.6021451327
77.9614388298
79.2616895787
96.9497407901
96.8535923623
95.2302272526
84.2270350333
81.8600031042
60.7122771138
47.069017249
50.9053020787
77.4910390071
79.2965873227
96.1419489569
430.124355376
98.2302445628
95.4052507767
84.7688096717
81.936540133
59.9279530766
46.6980278638
47.6408359133
71.8447735933
74.6844678777
91.4720816327
91.779310559
89.5013793256
79.7019968972
74.9325447695
56.6400261062
44.4817117595
40.5627484527
61.5053864542
64.1418755536
410.173639388
81.9518621454
79.9803541667
76.9878054078
68.4058454384
65.00455093
50.2582503317
39.1359986737
33.1621321255
49.9883684211
52.0732150442
64.7310287865
64.557421612
64.264755093
56.4976986726
53.924930531
41.6883439434
32.6609319487
24.696629417
40.5087458002
304.828765548
42.5341003537
52.2932016807
52.2305448916
51.6015289695
44.7964398762
43.0169310345
33.436536456
26.2114734982
36.0162037119
49.7923281734
51.5713132743
61.0206848163
62.156914564
60.6496741921
55.8525964602
51.7115973451
38.5864524967
30.7397738516
40.7857320955
208.331261799
57.1444362832
58.2406175299
70.3389348981
71.8245223748
70.4710487373
62.8249955733
60.166761736
45.0791618037
35.9673300928
44.5141233422
63.466085031
66.2992825509
80.9409880319
81.4579050998
79.8095514184
71.6665090829
67.8497457927
51.2469354268
40.7767290009
297.990725727
48.1934175144
69.8508205583
70.7500544971
87.5348589175
89.7117599823
88.0030510204
78.846510195
73.7154590164
55.9465252212
44.5626626879
49.0904241486
73.6836371289
76.129933097
93.0177465601
93.1391340435
91.9015255215
79.1014725177
79.1035093085
58.4801522798
408.396886241
46.2718018576
48.4489986732
73.6216047851
75.6501860877
93.1236515757
93.4587767421
91.7808837622
81.4826283814
76.4824450355
57.6821487384
45.2969026979
45.2694542238
67.205639504
68.975785113
87.0756748004
85.6445445676
85.2939312639
76.1254640957
73.0327868852
422.271018002
55.3585115044
43.45377542
38.4747608311
57.2528367257
60.8745174856
75.0503704032
76.0202646277
74.4689237926
65.4918201949
62.9468384241
47.7293392304
38.2779580203
31.1477367491
47.1368854489
49.1084719151
61.4707127047
62.2071527224
60.9054236388
52.9451951327
335.12689377
52.3066572313
39.5528032714
31.8625930181
24.4652083885
37.7125293858
40.0014606543
49.7994011499
49.9848491818
48.6156342326
42.704265252
41.2749496021
31.8618815731
25.3738405477
33.2940945647
45.4209305617
48.6128651039
57.2923075221
58.1594515272
56.8293438053
191.258175345
52.4323210969
48.3180986289
36.2124467521
29.0809911661
37.4846924437
52.2087960177
53.6809022124
66.1609893711
66.2198064659
64.9856846767
58.4334457725
55.8553643205
41.3927966401
33.9222041538
41.3554199823
58.8110615317
61.3425790173
74.9387722641
75.4761147541
205.069673797
74.9802259637
66.290279008
63.4426846767
47.9282397169
38.1724429708
44.0441343943
64.9337772365
67.1451102746
82.5282536585
83.2580549889
80.8754758315
71.1526933983
70.0329765175
52.8536659292
41.9577471264
44.9989646174
68.1384743136
70.8353885689
86.7471272727
304.969689207
86.85134102
85.7190399113
76.5586852837
73.8644514843
54.634143869
42.2866388152
45.6058677576
68.4005214887
69.9716216216
86.7005210643
85.2239294587
85.3030891353
75.359714539
71.5513482499
54.3018716814
42.6698099027
41.9973916888
61.8376178034
64.6937759079
359.369484291
80.683537234
81.4466780488
78.6394375
70.2884328755
67.429343667
50.9942927908
40.7508934571
35.6446893504
52.9498243363
56.5451185841
69.4849791759
70.1592264067
68.4607657219
60.8946409916
58.1938689686
44.7082122016
35.3128192665
29.0841382509
43.836954023
296.669526622
46.8640933215
56.8835241257
58.5339238601
56.1605672566
49.8760013268
48.2730053074
37.8568077773
29.5114333039
22.3971611479
35.2996288113
36.933308882
45.8865294118
46.3455740823
45.1291091954
39.5951923077
37.7278276624
30.2872539753
23.7667328918
30.9284266784
219.146516273
42.3714067197
44.2771790451
52.4677946903
52.54645
51.7906492702
47.2156116762
44.4582453581
33.6617189571
27.1769889576
34.7599611136
47.8114803184
50.1048518355
60.5488370961
60.6493050022
59.6715467021
54.8458876106
50.0366793454
38.9366663721
30.5110954485
164.644051157
38.4331042863
54.1338389381
55.9546628319
68.32914969
69.1498901683
67.8141581045
60.1625909695
57.4727166888
43.5725632184
34.7921444985
40.7786626879
59.0142731297
61.1274546259
75.0237359327
76.1909716312
74.9073260966
66.5996628268
64.3171403897
48.4547315347
289.642224161
38.9793386384
42.6098584697
63.0294665781
64.4264295837
79.301893617
80.6679286348
78.5100562943
70.1036025698
67.2152581931
49.9473869969
39.6779805482
41.5299907162
62.6979229748
64.9646412755
78.4859849291
78.2983368794
78.001804078
68.1085212578
66.9603166519
329.550670557
50.5463582486
39.7607727675
38.697260389
56.6781761062
59.3282992475
73.2022476739
73.4579042977
72.4434581303
64.5154503986
60.5669575033
46.5205369306
36.5939425541
32.6585682722
48.5758832375
50.3348107032
63.0412084993
63.8200725985
62.3796246127
55.1216504425
271.289563758
53.8437380531
40.7815941645
32.5768952718
27.0921771201
40.327571618
42.2487161804
52.5564765487
53.6219349558
51.4476353982
44.8386704998
43.6313709107
34.3506712329
27.2744969081
20.9642278146
32.8768029165
34.0636230667
42.4111414677
42.8853028294
41.4880190097
204.384000891
37.6383420239
35.9505832965
28.0126943463
22.0615465784
27.5704443463
37.8137180734
39.7291445623
46.2354772225
47.6442118532
46.8200818222
42.4258505747
39.401285588
30.1063383392
24.4520260486
31.3823454064
42.8077683466
45.4459026979
54.3468884956
54.3741849558
148.198342222
53.2816146018
48.3797098629
44.5666302521
34.8832094565
27.8687385159
34.4557136544
48.355948253
50.1702865989
60.8951328609
62.0601558212
60.4988716246
54.4148096503
52.3497517699
39.4875415561
31.4995583039
37.0411330093
53.5386880531
55.3988557522
66.8359331267
211.901591618
69.7039043401
65.5204074402
59.3787666076
58.4725544248
43.2578320071
34.105451171
38.1648166151
57.7854685841
58.6243784861
70.8856194063
71.8154483828
69.9891838724
60.8971496237
60.0352647189
44.7976607696
35.2500433053
38.0486336721
56.0363207965
58.5124745463
288.793675313
71.8953269827
71.3837904298
69.9444993354
61.8618286853
59.6575382913
44.233495137
34.6622249227
34.8613225806
51.3896895179
52.9830265487
65.0286910137
65.3760668733
64.0593055802
56.9247628319
54.5325402655
41.6208457118
33.1553247901
30.3597080389
43.5950313882
277.632500224
46.874031402
56.9463982301
57.2255945108
56.3470734513
50.4717526549
46.8975325077
36.9972227132
28.8268944346
24.9353125828
36.6339049934
38.0942461335
46.6268456435
47.6652268908
46.5374851835
41.1626370469
38.7435240831
31.9580927562
24.337992936
19.6123977925
234.056013381
30.2868520318
31.570410517
38.8318086611
38.9243019452
38.1160265135
33.205028281
32.1972367491
25.1979545254
19.8860520971
24.7219933775
33.8980676094
35.0896288113
43.5051600354
42.1523020787
40.7400340407
37.7404949183
35.2502580645
26.3516913907
21.5262975717
152.886157638
28.6406082155
37.8690799823
39.8003209549
47.3540451128
47.5018403361
46.7207854931
41.5415437666
40.4068178603
30.7241130742
24.8995375442
30.8238078622
43.0926145004
44.7937642636
54.1468247788
53.5574862832
53.6572579646
47.7181026095
45.9805028748
34.9716226248
203.771983534
28.2234023852
33.1290729121
47.3299186201
49.0274758956
59.4871243913
59.3952408145
58.9485325365
51.7709893852
50.4986514816
38.2466367654
29.566690371
33.9995218736
49.7132750995
51.5702843874
61.6942886233
63.5151744135
60.9248047809
53.9322269912
52.7312596196
273.84576405
39.952227574
31.2507773852
34.4079991162
49.6635311809
51.5571937196
62.2443085436
61.5142682603
61.3312288623
54.6270119469
52.2406588496
39.3502847038
30.9179037102
31.2429779152
45.0261856764
47.105130031
56.9560026549
58.0218778761
56.621749004
50.7003623894
286.609136607
49.0449827434
37.0783526293
29.6843034452
27.2343418728
39.119464191
41.2597493369
50.3569716814
50.9221402034
48.428521893
43.5114398762
42.1828271441
32.5052165267
25.6171576159
22.3521589404
32.3283800265
34.0429681838
41.5211476569
41.5817365164
40.9927661362
236.614798128
36.5761201944
35.1019178082
27.5375242933
21.4463174393
16.7743534863
26.9964774735
28.2777800353
33.6756327883
34.9840804242
33.5604485197
29.5549421378
28.6852818021
22.3951818985
17.5520335393
18.310010596
29.9592071555
31.0911426678
36.6563429076
37.0763897481
140.282144188
36.4544887318
32.4853221388
30.8397089223
23.1544004415
18.8809686534
21.188207064
33.8673694211
35.4860927972
41.5586494253
42.3615022104
41.5518297966
37.9500720283
35.3506451613
27.2893100707
22.3385646799
25.1717986755
38.3682620415
40.0657824934
48.2372153914
131.635386525
48.4352817337
47.2995935427
42.6230353669
40.2445393457
30.860119258
24.6887430464
28.328770318
42.1933306808
43.0145994695
51.7289880584
53.5113998231
51.4864869527
46.4072795223
44.8038271441
33.6432010605
26.1425834806
29.6790521201
44.5521405836
45.9404502433
176.371166593
55.318129646
55.9742412572
55.1851367257
48.1016895179
48.0272848297
34.2282386213
27.3762654594
29.6462058304
43.646811229
46.3349478107
54.1202088496
55.5702876106
53.1747862832
47.8678606811
46.3168854489
34.5136579761
27.1136727032
24.1386886042
40.4326551724
218.63437839
43.0712033599
51.3874648386
51.4146594427
50.5541026095
45.2926803714
42.7435260831
32.2677875442
26.0738224382
20.6700785872
34.9447958462
36.3848877596
44.6106697613
47.3203337754
43.9961847922
39.3270578878
37.2918272205
29.1665534452
22.9180958057
16.6765048544
184.846761778
29.8030591873
30.6466921378
37.2539217852
37.6167264693
36.5635223155
32.8093321555
30.9917115724
24.3154392936
17.352782436
13.0904730803
19.3993483444
20.6033977925
24.8326768212
24.7677443709
24.2389240618
21.841783223
21.1837108168
16.7541120918
13.9534929391
128.261090869
