51.849135297
18.1941969525
18.6131914328
17.3780026184
15.6893139715
18.0740795723
13.7254951602
16.8801836768
12.9936725686
16.1827517256
15.5172949052
14.7196580988
13.5433510851
18.5982361135
18.3717230479
15.6575484534
13.940015425
19.5484062714
16.290240493
37.2821954605
14.5318720532
13.956337619
15.3362159876
13.373497122
14.502251577
15.4124752964
17.2760464376
15.7312404526
14.1694346107
17.9250976048
13.6156113375
13.0841690658
13.5833198008
15.7926563693
13.777577508
16.4600852675
13.2469274049
18.9870043678
17.6628322006
24.6860046443
15.3928478998
13.6802616284
12.1920346473
13.2175231078
14.4354211731
12.9296772545
18.5127468827
15.7641332709
15.0438316548
12.0793632083
14.2221465423
15.6260852387
12.2176632684
14.6823404179
12.3998213683
13.9648429953
15.6394389188
15.8392725081
13.400024053
31.3780290149
19.8820806413
16.12121092
15.40588053
14.7005995991
14.9456794057
14.3951280103
13.1785229802
16.6705753168
19.4513382359
13.2298986371
14.9342671908
11.9201184447
15.2595660705
15.1114648869
18.4862539959
15.3927243877
14.9703094206
14.7439291006
18.000376796
24.5014861472
16.7159282254
15.4659932355
17.5586762987
12.2839614205
16.1934274025
14.3361342026
16.891494214
13.2553500093
14.9578612486
15.9918146214
15.3144838279
13.2314458682
17.2762385729
13.3065805796
14.4166962797
13.7424527939
15.6373537408
14.5410087242
12.2422625552
16.1353340737
14.9380288173
18.4644041712
15.8589710324
16.7024903379
20.2528365731
15.859347148
16.1077307686
20.6565199904
11.9467577707
21.129341579
16.4703260447
13.2646386558
11.5186694269
13.250942838
12.4051330191
15.611380205
17.3195448138
12.703984162
14.1109444876
24.734105432
13.911321643
14.782832694
15.803622157
16.6243559095
17.2687871748
13.9327182787
19.6646248449
21.8229007869
15.7802189684
12.0027357188
16.2095026426
15.6001990839
15.4858072809
13.2108929849
15.9597162359
13.9390932945
12.8236283456
14.2496999214
16.5107365153
38.1232041438
13.7556860407
13.6261008692
17.4713575108
16.2794312428
13.2366619579
15.7419049483
16.0887747845
10.3803755104
11.2850471599
18.6080689502
15.3635991899
16.0615526995
14.1006117959
13.8281661485
11.5460691675
17.1915621004
14.1173718873
12.6463544501
15.0790687803
45.4700249464
19.0741884029
16.1752013533
14.3620221621
16.8748005234
17.3705915523
15.4622918894
15.4643614998
16.4561838852
15.7693165668
15.357210764
13.6896279217
14.7457357545
16.5352698106
17.042988187
16.7779570904
15.7199492004
13.2570644971
16.6462165993
16.7667554051
48.2378427627
16.9235770972
15.7573487506
15.9156607846
15.1510869736
13.5500315462
16.1647727991
14.3502241428
19.0659991244
14.7481004172
13.2060407841
13.9193576013
13.3266591629
15.4773005634
15.8239126195
21.8305035572
16.6568986635
19.906541544
14.5785733208
13.70796783
38.2298427634
13.2836868856
20.8508331772
16.388488521
13.6209960998
13.2079014922
18.9807648679
15.549310787
18.0463788645
14.6668333832
17.1522783096
18.1583715705
17.0181335687
15.2712343625
14.7984851496
15.9576428728
17.461854044
18.3222940803
12.5700656491
16.6324716869
30.1382274241
14.6064046728
11.7855817831
17.5197675964
15.1525022429
14.3841454946
13.2126960969
14.7316810884
12.1223916641
15.555755842
17.8020890707
10.1484783438
11.1104071214
14.3619738577
16.1589792128
12.9501830501
15.6207531792
14.6226273523
15.7766319559
14.8241489585
43.8858472736
15.9227561013
16.5176478623
19.2352388266
17.1317466313
15.5585709517
16.6795549079
13.1821883849
16.0212951342
14.6402504993
14.0615252012
17.3073588408
17.3292213078
14.1216507721
16.230754361
16.4494891684
17.1562861928
17.2732655526
15.5690668714
15.5989559209
55.992794942
15.223747685
14.09247035
17.9167729837
11.282591762
18.4318661723
15.7055559787
15.8356172385
17.5512096516
15.5559206277
15.7545338685
12.1612467027
14.4349578227
15.3582131104
13.5007368024
14.3536610716
12.8352168722
14.7070696788
14.2566709911
16.3833905851
55.5554230816
14.4003617885
13.8249392582
16.1885038918
16.6472676124
18.9866432493
16.9120046223
16.8609214809
17.2333902737
15.7933937487
15.8346171152
13.3542003195
13.1336462473
14.4780453233
11.8439664545
13.8865616832
17.3859759134
14.2719780159
12.8414086336
14.0728505618
46.9760942698
15.8545570446
14.7877308898
19.4921619863
16.0998356991
15.7015925095
11.936611697
13.3311204623
15.586732284
15.2132436583
14.559266822
13.7739880582
20.1971498081
16.0329692224
14.9474752224
18.1266679252
12.3085001057
15.3382487004
18.8528983791
15.6027090109
35.30025206
16.2490722165
14.0329523793
11.3921304552
14.8985853616
12.5441665311
12.4730418985
15.1685289481
14.2988241025
15.6854752317
16.4637454737
15.1734778952
14.0175708989
11.9445369826
15.3441306927
13.7485145128
19.4164830266
16.7065638466
14.0349978101
14.723952605
37.2000525084
15.9115248017
16.8717668602
16.0113954305
14.0398835033
13.4114326805
15.8780117257
15.063282344
15.1539988971
15.2083010715
15.8679883946
15.3715183944
15.6224868489
16.2730457568
14.9844763075
14.0498840255
14.6500563326
14.2940602314
14.8767107221
16.9155207937
53.21831493
15.0905176713
15.1095057397
17.2630990788
15.2288832809
16.6416140957
19.232110409
13.0327780275
13.0753406836
13.8250617285
17.2410807108
15.185371528
18.3785533835
18.616735805
17.2162896339
15.8082216066
13.7120018574
14.2817046731
12.1815729604
15.5934587068
60.5544226808
17.7000916928
14.9938330062
16.7597051915
18.0989041609
16.130640576
16.9017723161
17.1138429172
15.4078448519
13.629064971
17.6099877829
16.9348862488
15.6401538117
16.1081966426
16.7320290944
16.52519286
17.3737934764
16.6110992427
16.3244652763
18.2505925311
101.593902585
15.4452760442
14.3790498707
15.1672440901
16.2019998994
17.2933680068
14.3707812415
15.2199663204
17.6430863719
13.7135905252
13.6433362504
12.2839194187
16.2595382457
15.2818651307
17.0264725674
16.9433351938
12.9488224098
17.8355370832
13.1828529615
17.6164434512
41.6163507176
11.0059183705
11.3969850021
10.5973388051
13.8439715738
12.3507345022
13.7758397261
13.2522757148
14.1091380326
12.7441392015
9.60613694617
18.8527079231
11.57505788
11.900514225
13.586651964
13.155402723
13.1821646023
12.3239481576
11.1367446255
12.4337357132
37.4913408975
13.7892118187
12.5853706075
16.2908543477
15.7365441828
18.4094451166
17.4491907682
15.1016518684
17.6752763561
15.9694392844
14.5395551072
15.0921202239
17.9848530198
13.012257777
16.5592384765
16.7376930127
17.097905427
18.9102723848
16.1530715709
18.0023442979
100.969638947
15.7588072379
13.5863328952
21.2627189031
17.918636401
15.0650672931
17.5547946374
16.4546203448
18.5102627739
16.2272523614
16.730527204
15.599034027
13.8802568448
13.2303351703
16.7472699559
13.3680625886
15.8672836907
19.4676723239
18.7145888622
16.2200975638
132.595039782
14.0719008873
15.9924414206
16.0384300068
14.796157791
14.1005223584
15.1637248897
15.1795920886
18.1822246299
17.3957861028
16.6396564418
16.4781002967
16.5530030224
17.3522520036
13.0257843762
14.8619711306
14.5923289971
16.1098760629
15.5879407207
17.1321708385
145.111150059
16.7133184009
14.1094989369
14.6483742039
17.8684897227
14.0894115179
18.9260538317
21.6449553785
13.9119144284
14.1339244346
13.8926725619
15.0205560403
15.5652178064
12.6593828964
13.7069857337
13.4354621592
13.4345533098
13.984827858
17.5945885476
15.6361713147
94.0715964367
16.3020238805
16.6462970063
18.3669610112
10.0367486737
17.6234468675
18.0608814091
18.3172068784
14.1933392229
17.4862094406
19.0981646933
15.0139181579
15.8172601166
16.3501638996
14.7198073862
14.5635295362
14.1610405427
16.9518181029
17.214653885
16.6341315372
52.6216741836
16.7349716349
15.3738710785
17.9256224738
16.8739357415
16.1822797296
16.9556676776
11.9652682383
15.5435210093
15.2030315447
16.429526958
17.8220816356
17.5102123688
17.9030758744
15.0567342006
17.1000013794
15.0092890245
14.4859170236
15.1964726283
16.5464508479
126.822969027
14.1172196186
15.5322474585
15.1391759607
14.9433607713
13.8781021305
13.4827619835
13.1492173458
14.235157895
11.6069760405
13.7249358257
14.280792221
16.4511260107
16.4401605437
16.1596385779
13.9520832564
13.9436934232
13.2714459276
9.61030497583
13.0397516258
204.521016655
16.2935088635
17.1866035129
19.6050216757
19.8117092085
17.8853577707
16.8668426672
18.1571823883
15.9632067259
13.5781982144
15.517990108
17.5271277583
16.7943143323
19.2023743249
18.9236139546
17.3736706771
17.9048388863
15.1265034666
16.3460883115
12.6300205773
226.481193085
15.1995524577
14.0124208095
16.1330080219
17.5755218341
15.0235667271
15.2240206289
15.8044497268
17.4182824181
12.5053179723
18.1554973391
15.936078491
16.760508014
14.23212014
14.8954281549
14.0913771353
11.8543956593
14.4273606041
13.975501373
12.6261875047
182.081756228
15.8776970396
16.5436806148
16.8713921597
15.9025273332
15.4504767881
16.8287560083
17.6825716861
16.3838632948
17.8455713935
14.7380909819
14.3468661931
19.4699047341
16.5166822142
15.134077759
17.7771678137
18.0370998068
15.7561005302
16.584542513
14.6209508445
84.8217322345
13.8267774141
13.5961382468
19.886251994
18.2184168531
14.1461923981
17.4200216128
16.9202357408
15.0063307876
15.8157735503
15.3085792052
14.7020947074
20.1105774663
15.4481174086
14.3628206349
16.5124856472
17.88778853
16.6887091587
15.3692215487
13.6256856112
154.142303744
17.0008987815
15.7346652834
12.0471344155
14.5778122985
15.7919671368
16.6474743408
19.4561544125
19.1643497281
16.7427773874
15.1225539383
15.2011999089
17.4109994606
14.5383980615
12.7535564869
17.1290216497
15.9698574777
20.2152137624
17.1785016654
20.6257852279
244.878931678
16.6180265959
17.9541668522
14.044256894
13.5434372162
15.7943679116
15.9662072719
17.9587264782
20.7056203836
17.6514119615
18.2347949604
16.0283070271
16.8027044067
12.8162929447
14.572541714
18.8600380342
17.4441928604
15.6444822451
17.5476721687
17.463014742
233.058032435
17.0208714334
15.3465123956
17.1124865087
15.4511910155
14.0215725692
12.6065811553
17.0779898379
15.641060574
14.9443078057
18.1741019718
15.9244055032
17.01198293
19.4628542907
15.0654329744
18.5424414466
12.4196533651
11.9114273751
13.9283368703
16.1697877046
242.375213162
15.4824853244
16.0254018039
15.5208244387
14.7469942948
13.069627416
16.0008414556
17.3644822603
14.5832706656
14.009448641
14.5304654098
13.6465127064
14.9140936898
10.2306651002
16.7547936239
15.9359335182
15.5997779207
15.101253936
14.6655129212
16.4864466335
129.701903098
15.5269550204
14.0899521162
14.1005041266
14.5475693203
17.9766039455
19.0307374964
12.7262316212
18.6721415128
14.9053296917
14.6592257357
15.1192883716
16.1545907067
14.6928497188
13.6460398833
17.2018661209
16.8218288525
11.9374348669
13.8118887484
16.4565469958
160.183353783
16.45915621
18.6994207063
19.4376441909
17.6313891518
14.971060662
16.2077912126
16.4456021043
13.8931600401
19.1850925059
14.9113417777
16.9522105867
19.3503264964
18.0079695588
19.1049945783
17.5803223318
17.0664883489
16.0453984824
17.9790820357
13.9391321019
230.182986931
20.4687104719
17.6802382161
19.2415427431
20.3401993758
21.3039183883
15.5075581159
15.2882516728
15.3904582629
13.8405761468
14.5349783341
15.6170281928
17.0775360494
19.7509448973
20.4551141974
17.7737575901
15.296630634
15.4099466658
16.2432052268
16.4729417078
264.825181824
14.3393966962
16.0871250778
15.6097733363
18.9054365101
19.6426489906
16.9054105885
16.0295992667
17.8351008978
18.8022700353
15.4274456387
13.3473304637
15.2384857595
14.3802874509
15.5923490313
18.043525837
16.1504459744
14.8473708522
13.9958572465
18.0849776109
280.768893631
12.4128246431
15.1553842478
13.8608048216
13.1809044102
16.738825404
15.1553120147
14.6300534141
16.5328890276
14.6227542507
16.1312487007
14.3453763087
16.686282892
17.7185154471
16.8051314192
15.8480797298
15.8611423157
15.6069774643
16.7863577885
16.068646299
161.06723719
15.4818391442
13.7351591625
16.9386262193
15.7587567109
15.3415243232
18.913027867
15.3940163332
14.7971247839
15.4579070123
16.5825219487
11.251988741
15.340957632
12.0295608011
15.6920029606
15.320683668
17.0908926136
17.7350921002
16.4871109427
15.5081695426
145.613153764
15.9742127219
17.0239211855
14.3633939266
13.6900409358
17.4663339241
18.9916910582
19.4521149227
18.209378003
16.9151088067
19.3148036877
17.6687395074
17.1786593877
13.8615581954
15.0995715107
16.6577706724
16.3940771464
18.3197934739
17.8538747078
19.905270105
196.057432572
14.3475001578
13.4282869047
13.7109714533
13.737909015
13.3196457772
13.9601401711
14.2849814946
16.5492681884
16.4118767887
16.426098866
14.5884852372
14.2940439273
12.6956777842
14.5893304647
15.0197098202
14.3139123217
14.3608855118
16.2913017897
16.4460771511
263.593275779
18.6399097315
18.3349382775
17.8360634342
15.5058656922
17.7583467052
17.9174942061
16.3607158405
17.8737174529
19.0042087032
18.7529539052
16.237166253
18.5746696228
15.933277437
12.6937010341
15.5740368275
16.834147326
14.1132742976
16.580581177
18.4585944031
235.175447083
17.4106082601
16.1480751076
15.1907950806
17.1427744347
17.7326184498
18.689137956
15.2375159206
14.0290971702
16.6412306509
15.1134672816
16.7857111325
13.4646021718
16.1676690518
16.8915721826
16.8226955689
14.3173862902
15.5926568162
19.152688491
15.9306890917
175.232314691
13.2054124249
15.0145549173
12.6164678107
15.4318698088
16.2309815979
17.1913672402
11.3434833065
16.8038254277
14.2827882856
14.3376206808
14.5306381268
14.4739923419
13.9515487445
13.3397510184
13.9544354023
13.7382375785
11.5571319809
11.8233782889
13.8941776206
131.264107995
17.7192767755
20.2752642205
17.3242612143
20.311093478
17.0678412419
15.0547567794
15.2975345946
14.2710366064
15.6115442537
15.9566378229
15.308648686
19.1663951413
18.2300986458
17.6723193108
15.1900282602
17.4981294819
16.1347713622
14.577648125
15.7620008298
188.277508714
14.5114921097
17.3099582392
18.6589543869
17.7680586251
17.9786875637
15.4244165916
16.2226633972
15.5092320169
17.0891199207
14.3116548405
16.8349222231
15.3905940523
17.2539718296
18.1705119817
16.7700870393
17.6097816815
15.1171442536
16.1757138163
15.6757337546
243.133610439
15.4341622758
15.9750939888
20.6171621273
18.6439723651
18.5631957109
18.7365337316
17.9365645424
15.2487508281
16.8565150309
11.4786603895
15.4811125199
15.5533623031
15.5647737112
17.6446892751
17.8267110426
16.8196708325
16.073113624
14.9882702212
17.4847075319
280.287275262
12.435735882
16.6897321428
14.8464776754
16.4758064488
18.2540111346
14.4824920853
17.7191321018
16.7320947847
16.0522238578
14.8146897557
13.0524370262
15.0464581102
14.4427204084
14.2857099299
17.6793672432
16.7589045118
14.7909149675
14.279194505
16.3425284474
191.974505794
20.277347895
13.0574254539
13.5988172991
14.2424106564
14.2016101541
16.2205877482
17.8225800281
15.9097809474
17.7077090727
15.0827777016
14.8550940282
15.9551135647
15.3110421481
13.668014904
15.8260862123
16.2080559874
14.8758665118
14.9157540972
20.017392384
101.950788454
19.0620297478
14.9189812561
20.5410860989
13.7618787246
15.4539075271
19.4557752255
18.1894968207
17.8887658259
18.0549807827
13.9428347767
13.7030235921
16.0564501171
14.2404584556
14.1082767979
16.054269042
16.0914429396
16.168875931
17.4108281213
18.1640580656
163.346832987
13.5657490843
14.3356685341
13.2031970296
17.3519864985
15.6565192959
14.5151874627
14.418878601
15.9017582079
16.6012526903
15.9692671793
15.6312968239
13.7899086265
12.2780698979
11.3696656733
14.329790277
14.935459583
14.6259580412
16.3453612081
16.5894386958
205.556894703
18.4316831015
16.6758453444
14.9736822206
17.899857604
13.2100816369
15.214002351
15.9498424452
17.0573610223
18.0921429535
19.1047169799
19.3293588978
19.0185286746
15.4358383487
17.9475396323
17.5109350901
15.9386063418
17.4066053999
15.5814153753
16.910961372
199.255643501
17.0588158647
16.9841848109
15.2689887053
15.2198371738
15.213617519
13.425018456
15.2635140283
17.3792422591
17.2697755986
17.9263638986
17.2621452128
16.9765916194
15.7260485685
14.345801352
15.786583577
13.82556663
17.8678564229
17.2412872385
15.2732849571
215.166811535
17.1404508686
13.9251293704
13.6751346596
16.8503710473
17.0442739642
12.993461227
14.5990875853
13.3905401127
16.7436840194
13.4880408145
14.4804051008
15.1162089064
15.801313581
12.7205545029
11.8923039844
13.9835048273
19.7589651231
13.3097657656
12.8011459176
121.460823916
14.7668772694
17.3635138838
16.9685424259
17.133659146
18.5151744989
16.2400524936
16.2085900464
18.5139891284
16.0055468427
15.8081541636
14.9913759722
17.8841843483
16.4697101142
18.3402303129
17.6941533378
16.6835888435
22.1810308934
15.8544077716
15.7340176615
126.729216314
16.8555625031
13.6121604376
17.8756689438
16.5982495101
18.9453287761
16.1425890677
17.4604094046
14.9455880029
14.4931871812
16.0032687792
17.537641161
14.8334818255
17.3966444429
20.0932872371
18.4533127142
15.140736258
16.0815785039
14.9020110752
16.3449111427
170.801404914
15.5648370332
17.3657023056
15.8635380739
18.7718253915
19.0036098254
17.9730295276
16.5705272067
17.7686971859
14.9418790978
11.9688390746
13.789986236
17.7662463799
17.4818727463
18.6080312098
19.2502546581
19.4449193099
18.8646557914
17.1546214877
15.6384594115
229.242663853
12.6742447735
16.3894260839
18.0935213105
14.6243865849
18.786589654
16.983185523
17.9075084767
16.9308957961
16.5361292058
14.2436054568
13.4428249033
15.2061006146
17.568954811
15.8348677547
16.637918056
17.5744938006
16.8526515444
16.2174716423
14.7514416061
214.979774671
12.1424477829
10.8866501497
10.754842816
12.0802481578
12.1633169713
13.1172374416
15.0380056873
13.5654543722
12.2946243215
15.3514416033
11.2454439368
11.2369348677
23.9570336738
11.596135258
12.1929885535
11.3769157467
12.354010118
14.583214258
15.6990291465
141.508610277
17.6200375836
16.8198709555
14.381956504
17.527216392
15.2275885679
15.258862406
16.6269100954
16.197489032
18.3409607962
15.4971689229
17.8322902019
13.8235215895
14.1474091926
15.1741576825
14.3937817621
16.2355441841
16.984562626
16.5441887969
16.929733
101.354363367
16.1457160715
14.7803482452
12.3848848414
15.1814811446
15.4338621635
14.7647775816
15.3359088131
20.5396146282
16.2028115231
16.4547708498
15.8921861818
17.5242371434
15.3565009556
12.4186581574
14.7254999737
15.3675011495
17.2114357785
19.5027120823
18.1200453443
176.455590449
18.4720690897
16.8741078086
17.1014458938
15.1232261403
15.1006517685
14.7023018451
17.3135660003
16.8017875449
20.0965852508
17.28473025
17.4109685683
15.4800355185
15.8815610603
17.7780873235
14.7091269027
14.0029945715
18.0642372289
16.8571961819
17.7920099548
216.319500688
20.1031041181
17.6378554097
17.7615468111
17.7980860157
12.8296460302
14.9912498187
16.5911332835
15.4864091089
17.0901247077
18.0718843725
16.8851877491
15.6343647203
15.9252952881
15.409751009
15.5908167457
14.46459297
19.339119494
15.2895907721
14.5591198869
180.988196477
17.2291367061
18.2176597184
15.0118637947
17.0528072371
16.5040236038
14.0582086605
15.1443442933
15.5521930478
16.7662705198
15.1032227845
17.2313628228
13.7960753799
16.7977643024
16.9899112031
13.2431324404
15.8961161854
16.3712233363
13.0012533586
18.4440503528
115.079131359
17.4362209577
15.473237984
16.7181293607
16.6659703671
15.4436646725
14.8037915779
15.8130479725
16.8395802893
15.410868873
14.4410548554
17.5450696683
15.7004958852
15.6047296929
18.3750225461
15.5516730174
13.5330204222
16.3893908531
13.7674249903
18.252442999
111.402377234
16.058220181
14.1569486721
16.5194613711
16.2744149012
17.7788199765
15.2550471654
15.8090482215
15.7574576706
15.0205474437
21.4350571212
16.1821232225
15.3341755496
17.1615763056
16.7439983815
16.3866817368
15.3956587
17.5069492855
17.2075552654
14.3628188406
134.594208926
16.5698061783
13.4804616125
14.265608116
15.2353170527
16.1861834801
16.1391884298
14.0422772146
13.5650013942
14.2790263672
9.89936322336
14.5483295319
13.9072613054
15.6711790739
16.4091132889
16.3985647669
16.428865117
13.8911143431
14.3544860311
13.8485581897
189.453016822
11.8785138417
14.1259375282
14.7564674888
16.401217386
16.4968797495
16.9484390742
16.5860074992
16.1993149608
14.8058392593
14.6640757298
12.5741691534
15.0509450137
13.9378962666
17.6691458887
15.9918566068
15.4509253627
15.4709637898
14.2708006459
13.9731649847
187.011804794
13.7604110863
15.5094256243
13.2935938416
15.7417490236
14.4245922481
17.4047388093
15.9301149142
14.8592926315
13.2324081852
14.9868365933
18.5427605211
15.9164688417
22.3670115872
16.6447421087
15.6322874041
16.274664205
18.294418119
15.1643553474
14.6408504631
148.970682711
16.1292849987
13.3944195041
17.4153683191
14.0922541542
13.2431198034
15.8355411519
19.7321580892
13.6362105753
15.0652255558
17.1615575997
16.4169579231
13.7210075897
17.0565458685
15.2361416857
15.9988544716
17.5114100823
16.6184508287
15.5053989951
13.6484642984
74.4320437416
17.662154003
16.9797004964
17.4188162543
13.5859915153
15.5751068866
15.1090978937
14.9773076659
17.4746471697
16.1361505374
17.2590066927
15.3883454492
14.1449041857
10.7744260951
14.2197633679
14.2697667432
14.7179382642
17.897932127
17.5376776053
15.6104011631
71.7582306505
17.9089343385
17.0542847523
16.0507583397
16.0991501064
16.0824674588
18.1342974823
16.4669377698
17.5652133557
15.9271338219
15.0768169548
18.1110794328
15.9631740952
17.4594940104
15.7557913343
15.8198227273
13.1468535488
16.3288725221
18.3820814559
17.3879213061
132.279268272
18.4572980927
17.8789287084
17.4585013679
16.8206147195
16.7883610787
15.4171497836
16.3726301436
19.2021120492
15.985549622
17.5255524727
18.3956152465
18.5484813843
18.2473139469
16.36514712
14.0078725772
12.730471236
17.2406607389
16.6094215674
19.6508163403
162.249635333
15.1680948147
18.2569686545
16.5496703744
15.2810901514
16.7113696168
16.1461317712
15.9536601761
16.8591606293
13.1853214904
18.4130956626
15.5926826128
16.9346381767
15.4064762203
18.5803129602
17.0590909451
14.5530068408
15.4580067257
14.8468581799
18.4022463252
126.153817352
16.8013598126
15.1615380851
16.8361241017
13.7091087081
11.5151859221
17.1055857096
20.1288292699
12.5758478091
13.866843685
14.623342186
15.7525671261
15.9555848012
15.6123210137
16.6026641375
11.3521326599
16.4873497921
15.6587874389
15.3957454296
18.0955607322
75.0634917183
14.0401095106
14.7826188425
20.9205829007
15.4548135622
17.0550060299
17.1900044167
21.0019912462
20.6313558998
17.3614573633
18.7283972607
16.1953311167
15.5377208901
16.7933360353
18.0953976619
15.6314423617
16.1839207608
13.9671708108
19.5577558285
16.4763367873
55.768156948
15.0082138489
20.6314494987
17.441601969
18.5775552144
15.5797456828
19.520838656
15.6234884824
12.3424706263
11.2219343685
12.758652005
16.6098291124
13.9769948392
15.6522711613
15.1955882783
16.7609454863
17.5429070023
14.5885588508
16.1157361148
14.7053572286
127.582714493
14.5501004835
17.7295278568
18.4355881293
16.9867961784
18.7371980827
15.8062018969
15.6416528632
16.3607120365
17.2606961238
13.072782398
11.8746408112
15.2661160777
16.5901286343
17.1632901075
17.4241559842
16.6743486371
17.5763664497
13.1185617637
16.3512070173
124.954122529
14.0513649848
19.0666233899
13.5806091448
15.2612744596
17.2519350141
16.9721888723
14.1108879848
16.2313078745
15.1133624095
16.0210688026
12.9186887782
14.5547799577
13.3319455927
15.76742769
12.9518357984
14.2106644342
14.4398359317
15.795294511
12.4382779921
85.217809412
16.8620580217
12.4940777256
13.5672236763
14.1519479399
18.2754805944
12.5266698064
13.4404807882
14.5144130503
17.1234610533
10.7395137122
14.2149005711
17.1822568512
14.372081405
16.9858702008
18.6712842968
13.7785141128
19.1301109653
16.5480667495
16.9443758335
70.3476623233
15.8369535054
16.3134902433
16.526185694
15.4946770895
14.6584465869
16.6670187733
14.5176350736
15.8172348
13.6225646894
16.2077078691
15.1075042904
16.1641111326
17.8578350807
14.3166471013
19.8460242403
16.267066033
14.0720380868
17.6482003483
14.9214837067
50.4588588424
12.2432400252
15.7935807268
13.7948242187
15.5080405478
12.2943932116
13.6832772153
16.6515625393
15.4928139705
16.3370560554
15.6455714576
13.8506927444
17.8444379447
16.6695063493
15.2044142355
14.0027791248
15.0173463666
16.3261212788
15.0374133331
14.0012135967
69.3122528537
17.0359203156
16.4971162224
16.0702496484
19.3930427858
16.0013374196
11.7909829389
12.5670781734
16.5352185039
16.5038378274
17.846573428
15.5653356715
14.8668463607
15.3381982338
16.0137321247
14.8058086731
15.2248744705
14.3536580827
13.4464413564
16.7790091475
113.865447963
17.3100143453
17.3862515276
17.730292519
14.5437655763
16.3774574128
15.4902954091
14.988113479
12.7198198156
19.5221080622
12.8451602965
16.8401124483
14.0471418173
15.8013602424
15.4490318222
13.5358526359
17.2012171433
14.6193430113
15.9920836978
14.15292402
125.905444672
13.2383250849
15.6538686972
16.9922465004
15.1420326877
16.3548851093
12.7853478321
21.4774283328
13.368466229
13.3329552059
15.994278764
15.6511819033
15.7413474301
12.9976783978
15.8473746059
15.0946820497
14.5711433285
19.2257931123
12.9184271432
24.9276402363
103.418252733
19.6318004664
15.6600750514
20.341179071
13.7451449181
16.9006353797
12.8520991524
15.9129472399
17.4237243222
15.4082690468
14.3325516983
16.4313921908
15.1078049864
18.1781523152
14.8102121406
19.7939312745
21.8340958782
14.5060689257
14.3099316323
15.9938939684
57.9016982051
16.9568379001
16.6296739452
17.9278914795
15.3868071728
16.3817685693
12.3985602645
17.3799431191
14.2147331052
15.3171951014
14.6095117068
17.0470611854
17.6676121899
11.9267261778
14.584298589
15.5642426746
18.6034111171
15.5677196484
14.6786544498
15.0585805734
96.3669303728
14.4403652638
17.4713649074
17.217541204
15.4511534762
18.0461527267
16.0085926373
15.4215496637
15.2368180423
16.9255216569
19.0875929108
13.7992468411
14.2048240973
16.0883663061
14.3419131428
18.8297494788
15.7618873001
17.5599141092
14.5904541352
15.3265502141
134.128195381
12.8204710195
14.9361052243
16.584487005
17.9379277938
16.2958119229
16.4616460283
20.04775122
13.6385734715
15.4499133468
13.7139697839
13.772760241
14.6729721131
17.9589962061
16.7617590578
16.6563022409
15.1173555644
15.9650446386
15.2978275504
15.3288517621
141.485266413
12.2537049667
14.6640882421
17.9399725784
16.4023309074
15.0709269104
15.2201185251
15.5613554461
14.3546916931
14.7211961444
14.5492714218
16.1713981323
13.5304127584
17.5632698111
15.9867590138
12.7356397213
13.1089301203
16.8015190382
14.3028400082
16.1901320142
113.291756006
18.930881385
16.6586367454
18.7715737875
13.0073562472
13.1944461279
20.2942662006
23.4100783714
15.3471461312
18.9548219112
15.3590456746
14.8934738655
17.6339934011
17.6207599841
13.6977880141
16.3409937099
18.1007017459
14.9103791526
17.1047585027
17.5658403142
62.7824795427
18.285039799
14.0334773957
14.7631255023
16.0643559457
13.586999787
14.9139388396
17.4213741047
14.8434707163
15.5858668564
16.7335901401
15.0498730485
17.5900322802
16.6190495806
14.3039023434
18.1111596976
16.958478886
17.8445208757
16.4039785812
16.7158382496
60.4145077923
16.7086339277
13.9504312159
16.6709609688
15.377966793
16.2433139763
15.3799773169
17.614738403
15.1833050812
16.6954099391
15.0233720888
16.243514238
16.2844546391
16.0903526892
15.963636519
14.5721744306
13.3707148806
18.1254023076
14.6446574711
16.3624275372
97.8469865366
20.0785563122
16.3512615415
13.8096753966
18.2022475488
15.8259423264
15.0189399695
16.2910575177
13.1167756033
15.2777686447
21.1887306283
15.7038313813
13.8130521091
15.5074031536
13.5153118869
12.8744894493
17.5993830557
12.087001484
16.2500870307
14.6129935495
124.422097554
16.3124128615
13.3833643958
16.0667023965
16.4929135017
16.4326490625
19.3143729438
16.4800313855
18.2162680486
16.797638795
17.4192811972
16.4422134915
12.2590273693
17.1490806578
17.6768437378
16.8730874363
15.3703958513
18.2343886101
15.1509916442
16.2512413748
98.8937286384
13.5294484804
15.5005110629
15.85263887
15.0535986742
15.1143810381
18.4918073855
12.6453783778
14.3170560624
24.6453495781
14.7832632831
13.0509350932
15.7669784258
14.5336780635
12.3969638378
15.8420651046
18.177951225
14.9210648578
18.2416395595
20.1303129378
53.0345089845
