0.0894075531321
0.119741930959
0.119639131836
0.117572526471
0.119173324001
0.119255622277
0.119012340406
0.119603884175
0.122173862472
0.120968253593
0.100411010094
0.1044142598
0.104511404894
0.131293981303
0.105053963522
0.104671400962
0.123777428706
0.103749075527
0.105574293667
0.142660578237
0.129766043127
0.127595985426
0.127204071127
0.125883851714
0.127176423551
0.125953692274
0.125992485368
0.126020569644
0.12529512948
0.12702980469
0.121553885528
0.121104132642
0.122173527347
0.121965215698
0.122389859644
0.123293476394
0.1221247645
0.122979338904
0.1233093773
0.119599908634
0.134045861997
0.145975939024
0.129355585221
0.129471340225
0.153641577884
0.129335060286
0.128400770955
0.13008598766
0.130602100529
0.128611616095
0.145058662408
0.125010477743
0.122068015814
0.122280178106
0.123807038691
0.122839400831
0.12365236624
0.123300092417
0.126013650481
0.119043817122
0.127253103404
0.125688784949
0.123123704441
0.123416765901
0.124224378509
0.12378623174
0.142025530362
0.122919179564
0.138722276669
0.123354169877
0.120437112773
0.122197355384
0.118385195068
0.117529332404
0.125383635361
0.124098013694
0.126543615107
0.126105619436
0.119902220221
0.131138014173
0.129530049661
0.105159617103
0.104100491193
0.104546228114
0.104004027965
0.104782313482
0.104905590354
0.105288449967
0.104832050678
0.105172401549
0.101436066924
0.117576532457
0.099653450293
0.119814014765
0.0991764052275
0.0981601801119
0.100160842195
0.0995017432473
0.100682314932
0.0960896281586
0.108595209338
0.105889531718
0.0999777106182
0.102357798451
0.101846103745
0.117823261259
0.102355086642
0.103315529192
0.10150988479
0.100531399855
0.0989932557127
0.0999523675058
0.0983110270446
0.0986489860208
0.0997291224559
0.0986001803828
0.0997653633608
0.0985578455661
0.118557354768
0.0967325724842
0.126227464875
0.12504409818
0.123801415289
0.124796601148
0.122310539002
0.124094136663
0.138091767624
0.122132022829
0.124364626543
0.123544150476
0.119374151578
0.119430603385
0.118339948556
0.1183228944
0.117319079441
0.131898210634
0.117199830829
0.117741081564
0.119483071631
0.111380180354
0.127162366768
0.123715662492
0.140187103117
0.124127954159
0.123052383295
0.121844267128
0.125561637944
0.136786921941
0.124821332339
0.124112871684
0.117609674394
0.116800549011
0.115607698445
0.116403159277
0.117682058971
0.11780876
0.116149264098
0.116118031036
0.116994714119
0.11011842701
0.134610511032
0.109030698198
0.128069975636
0.110334308725
0.110365640429
0.109285787201
0.110259709811
0.10959005921
0.110163250614
0.10943312603
0.112241729448
0.112601604095
0.134110733996
0.112796352419
0.11084743435
0.114569416852
0.113383719932
0.114164324027
0.112690037712
0.11307692225
0.117691215537
0.116424465107
0.133116662433
0.116866557278
0.115409461938
0.131337665974
0.131826175261
0.116251549242
0.115966607337
0.113701085052
0.111595666753
0.110177731245
0.111610937365
0.11023462215
0.110448169456
0.110942103627
0.109139672125
0.111958410949
0.11494728421
0.10516385978
0.117662636578
0.113418222767
0.112918033661
0.111817153888
0.112713294137
0.113563845447
0.112037948622
0.11295678782
0.109934326089
0.111684197977
0.11088385012
0.113042331305
0.11292390342
0.136298610261
0.114408930421
0.116073553047
0.115359721595
0.112639626885
0.11453489017
0.106002991924
0.131175965251
0.113062164263
0.113907320128
0.112631022356
0.112049850685
0.144631493714
0.110785877546
0.129546761943
0.111145137797
0.128899747774
0.107322232549
0.107759956062
0.108130020979
0.10863207381
0.109267345467
0.106572503416
0.10812312075
0.108639344258
0.108396619459
0.100687793993
0.128443537609
0.123765341725
0.12432188046
0.141711905743
0.125452333832
0.12154392929
0.122660247129
0.122797127647
0.123365436475
0.123089007965
0.118671740414
0.117137641359
0.118102509984
0.116347507798
0.118489920172
0.116226942962
0.115660937896
0.137621711163
0.116705797522
0.110442132835
0.145192861328
0.144796854457
0.143085136794
0.142354681224
0.156530642056
0.143655964614
0.141611159245
0.142926910619
0.142064897978
0.13910980844
0.138856885356
0.139672821069
0.138503382583
0.136601701788
0.140875566019
0.155128967266
0.135547019468
0.136989633017
0.135868309509
0.135525173405
0.125252755787
0.120632381838
0.121691063871
0.122145223486
0.12010749449
0.121532660864
0.122377315611
0.121139613849
0.120200365971
0.121088946823
0.116153056419
0.116428647799
0.116863859841
0.155169868822
0.11609421545
0.114730746764
0.118507678022
0.11724387195
0.117720149737
0.114157971244
0.114818515317
0.112506732854
0.110851736445
0.112236232966
0.108088834491
0.139312023721
0.111176290132
0.110146946362
0.111401352298
0.112024394496
0.111094467804
0.111370287554
0.112367135034
0.111394417883
0.110458442252
0.127602534215
0.113039107928
0.11203346228
0.11151065054
0.107440247124
0.114047137092
0.111212510764
0.110934599538
0.110325708621
0.110545522239
0.109969032865
0.110893760272
0.110076464631
0.109506543212
0.107448290846
0.109203446553
0.132444812535
0.109813165594
0.11035969401
0.110504846432
0.128637549207
0.111508977304
0.107273184713
0.109633133834
0.10457243129
0.132516300936
0.128870263582
0.129248058495
0.131379053854
0.131352315201
0.129090979472
0.130885074854
0.14467536621
0.129161496572
0.127131069104
0.144675282683
0.125325010427
0.125490604068
0.149422486714
0.126277142024
0.127234255371
0.126483836622
0.126425891535
0.126900192568
0.119184103634
0.131895926472
0.12513299462
0.123570830702
0.124387351068
0.125426921466
0.125010558071
0.126834717322
0.12658441662
0.12839796476
0.123981904036
0.128316186909
0.12404673662
0.127571678027
0.125396808526
0.12535617719
0.125366810438
0.129459101494
0.12658008937
0.127100476741
0.137181272966
0.132453068298
0.126400994236
0.125174626504
0.125795535812
0.124746088567
0.156262584293
0.126028518484
0.127595998271
0.124202137156
0.141348775207
0.114517589456
0.133920508363
0.129255941293
0.114233617053
0.13283083815
0.115088466501
0.113361367239
0.114573881784
0.114258387995
0.138489382327
0.129543135372
0.128361729793
0.14166071043
0.148740601177
0.127243849063
0.127315690212
0.126926661043
0.128274385656
0.124950726128
0.125901367402
0.117979226468
0.117349309854
0.134579589561
0.117419487515
0.119622185873
0.120062148032
0.117926175402
0.118589944755
0.120260201662
0.11373413913
0.128160895841
0.127342175064
0.127786370404
0.143124106974
0.125753142682
0.139616620491
0.125296429485
0.140480817615
0.125873376328
0.126355664474
0.11810206527
0.118128872135
0.12171388448
0.119940076945
0.118176593753
0.117412816481
0.138893711145
0.119627753242
0.120533159873
0.110739373208
0.145008172522
0.140460155231
0.157537170453
0.141398351761
0.142614389836
0.154532883284
0.140031547821
0.155044572938
0.140955539879
0.141398094405
0.132835320945
0.133005765466
0.132943920529
0.131821553891
0.131832410725
0.131065205364
0.13132205132
0.131715686278
0.13143067779
0.152105792532
0.122129276459
0.123710417415
0.121377553539
0.120471123802
0.121608717751
0.120971106266
0.119818130251
0.119410282645
0.118397100839
0.119512144898
0.112112481808
0.115946594237
0.117465994045
0.114649307
0.113698764135
0.113614682915
0.112603627436
0.112331502583
0.112768126164
0.150973791994
0.141411035867
0.136829608335
0.139252954337
0.13856949615
0.151525791531
0.137245566336
0.137982758434
0.136713005115
0.135649614919
0.137229575559
0.134050491457
0.134145007592
0.138094353483
0.136537796938
0.148605041732
0.136817317167
0.135093392575
0.134779223493
0.134285581292
0.215879760229
0.124079086143
0.125041460078
0.124764506691
0.126113290889
0.122979910372
0.12310011607
0.124819095019
0.124020023856
0.123344474071
0.124913234428
0.124276288775
0.127154122924
0.12313436523
0.125549486967
0.123898286326
0.124653699153
0.124609712709
0.124934626626
0.123971997738
0.182819004616
0.125068842019
0.124748687471
0.121030553088
0.122825417446
0.120425520711
0.123156703195
0.120852865326
0.122332198655
0.122200512414
0.11843190195
0.123881195273
0.123791016669
0.124539699501
0.123072286946
0.123456009999
0.123909112697
0.124745989543
0.122912521172
0.123415769511
0.137448853208
0.131877013569
0.129278576466
0.130084840052
0.132385100609
0.132768574133
0.131370797841
0.14649053387
0.133028365511
0.131370980342
0.128762766794
0.146260877336
0.125981949525
0.124857071087
0.127028819573
0.129534274874
0.14619535405
0.126449652138
0.12648293775
0.128297169352
0.191249509031
0.123052510245
0.114890978165
0.119395795849
0.116753547461
0.116141149748
0.117493447233
0.119429931352
0.138490054652
0.119898758234
0.117520765158
0.108744511858
0.10605372876
0.104905644043
0.107048007129
0.11015906655
0.108774309677
0.110087221278
0.108838155815
0.11058012235
0.205669554814
0.135209380973
0.143194198379
0.127428795664
0.127941576551
0.128692553326
0.165424139833
0.131082399319
0.134124049553
0.129860668404
0.128741801913
0.12691674395
0.126677050018
0.122607754045
0.122857507394
0.12419185038
0.126023593778
0.122633894865
0.124321077934
0.125242050178
0.220183147138
0.12406145857
0.122472569625
0.121105896451
0.119264002358
0.119061639866
0.117940712182
0.142831695785
0.121698506242
0.12054383025
0.121678175183
0.119073040155
0.118863190576
0.118784774288
0.11845745827
0.116783352549
0.117049034954
0.118554217243
0.118627176078
0.115951499349
0.235939869587
0.246945234389
0.246827274499
0.246423769861
0.247204758374
0.24620080388
0.247117116011
0.246810982338
0.246783814907
0.246513503115
0.246139254962
0.241314057385
0.249703344505
0.242896918901
0.243149690986
0.25453425378
0.2418910075
0.241757313008
0.242293073983
0.243985272287
0.269704309054
0.122092006459
0.118814500794
0.118190936327
0.11790110993
0.114931247467
0.115482642022
0.114060915319
0.115679495214
0.114917707629
0.116764295218
0.113287861615
0.115637260317
0.113561142472
0.114159875915
0.113111616469
0.112618758958
0.134816062588
0.110649200388
0.113720799382
0.226658864374
0.129901683925
0.12936999298
0.139827923621
0.126002327607
0.126570768195
0.140198856086
0.123376663191
0.12302278161
0.123086789278
0.124277591811
0.142271300579
0.116498394869
0.113813389723
0.113049746347
0.113780447235
0.112826275961
0.11176497696
0.110345797357
0.110414677677
0.245682425796
0.122704474382
0.117441988315
0.11788854579
0.118353949621
0.117788080463
0.117652101972
0.116836970858
0.11352893224
0.11373160289
0.112476898509
0.114759711748
0.116737327005
0.115850992985
0.117281804463
0.117666714901
0.116293689115
0.113566478929
0.113952241803
0.11395376852
0.228449693127
0.120255421695
0.118563815736
0.118397391733
0.122751292216
0.119711042278
0.119536654041
0.121154889632
0.120118728366
0.119497783029
0.11753907655
0.116764729986
0.116052410408
0.116389855538
0.117069013193
0.119040354388
0.117153083722
0.117859257708
0.118911126281
0.114224571197
0.225165405679
0.120336534813
0.118572297507
0.119017632067
0.120360292168
0.123592612712
0.117799443782
0.117114340831
0.120368409623
0.121545871526
0.117865526575
0.123574204691
0.123312248423
0.122223448508
0.123055185584
0.121740493082
0.143036192255
0.126761675436
0.121780613875
0.122620412959
0.224937138347
0.139256900889
0.134654618608
0.134622717331
0.134186203941
0.135322313652
0.135750491975
0.134857910214
0.135343262289
0.134504930428
0.148856904431
0.128327405147
0.128658381854
0.151232500439
0.131220895945
0.131397428184
0.134596611499
0.14943597913
0.133096274169
0.133004609028
0.25772370273
0.135141505281
0.130998777601
0.130225095977
0.129131151948
0.132026320586
0.130342079674
0.130156215853
0.129937337639
0.132111799852
0.130866831946
0.128237655827
0.124938869847
0.125948574174
0.130490046902
0.127691785536
0.129938620603
0.130916101503
0.131307613857
0.129777563982
0.307081647838
0.152155465509
0.145761312926
0.143080981079
0.141708095427
0.143171719299
0.145197666866
0.144984063709
0.145102901881
0.14626944007
0.146138782034
0.143541051666
0.143811632217
0.142164565706
0.142329278744
0.140291250137
0.142376757705
0.143127984877
0.146431685101
0.141813046998
0.288917030742
0.127444744559
0.123784451537
0.126811440282
0.123900710463
0.121697836257
0.124224130501
0.125541663922
0.125221063487
0.125187865664
0.125111441002
0.117178352854
0.116553596547
0.119599964408
0.116578064365
0.114330176001
0.117587791102
0.118442438628
0.138656911149
0.121037327228
0.235737501211
0.149854935037
0.149585541917
0.152392949231
0.171366530943
0.147444455239
0.148355590333
0.151155732103
0.151334212035
0.15066998126
0.150622223452
0.147157421362
0.145679334461
0.143359616152
0.143977535526
0.141145755278
0.141691403285
0.140596736231
0.14819491275
0.149476930611
0.227924115472
0.140380566646
0.136446698965
0.139216201094
0.137888099511
0.138032353515
0.138017222404
0.136683667919
0.139078767793
0.137303484072
0.150927996546
0.135419728398
0.134482950964
0.136877696686
0.136429555915
0.137328082887
0.151922826802
0.133722403896
0.134614044537
0.134709919588
0.257524519155
0.156878836482
0.170957255008
0.168289618698
0.159499230571
0.15837498597
0.155475225764
0.152828042222
0.153671826197
0.154353147933
0.154682314449
0.151493517368
0.153501935896
0.151744742647
0.154020165827
0.155883484267
0.152510343217
0.151722668609
0.155458528767
0.157748527873
0.265436851441
0.129395583512
0.124890242363
0.124015776962
0.124238507029
0.124278064545
0.122951005782
0.138881045746
0.120268451804
0.121128217054
0.121452825279
0.121275429738
0.121722330218
0.122189225991
0.121998418647
0.125334059713
0.122219918825
0.123971732594
0.118833928113
0.118390336197
0.286071154155
0.143160958736
0.14197456103
0.139190146454
0.143337073245
0.144342694351
0.161451227707
0.143307772336
0.143194471418
0.141450388773
0.137884142539
0.136880333676
0.139270485458
0.156752097582
0.139033955864
0.137236063801
0.139592973807
0.13983233076
0.138017284106
0.136427787709
0.274883792171
0.12866686022
0.124315144128
0.124947312374
0.124323158005
0.127408597742
0.126379771663
0.126066457942
0.124918773025
0.126330051499
0.14277411736
0.117979566054
0.119723065022
0.116587366024
0.12111304882
0.122430782163
0.121090029604
0.118929996376
0.121237998008
0.121233810405
0.231713914394
0.195795755988
0.181027086667
0.17887511843
0.189715106909
0.178763338651
0.178994629433
0.178957082161
0.178273040194
0.178925550659
0.179364491685
0.174495738525
0.174868476748
0.173868792425
0.174912061532
0.175191249946
0.1754885485
0.174376948227
0.174100696553
0.174542722713
0.251582068407
0.146393682276
0.140073961668
0.134612597282
0.134633945264
0.134872405508
0.136156449103
0.135654234736
0.160713130191
0.138431680821
0.133634438375
0.136995520819
0.13531808071
0.149551343419
0.136440977701
0.136333915571
0.137406847033
0.135341429866
0.13545148891
0.15832452005
0.231954913426
0.125182383954
0.121421711822
0.11930652396
0.118697243144
0.11831835223
0.119865364178
0.120855863876
0.123008428593
0.121259462408
0.121722829779
0.124484223009
0.143573871108
0.121983417737
0.12357882338
0.122151590665
0.122729895111
0.12486728795
0.125382220042
0.122025843298
0.275987076279
0.130449761096
0.159882064577
0.126303522057
0.123475081295
0.122347014459
0.142740289309
0.124844146245
0.125903144303
0.127165716341
0.126661382887
0.120218530532
0.123160903143
0.123163589293
0.122425379402
0.119103090526
0.120029093853
0.121634605729
0.120961999564
0.122312470196
0.265097085794
0.142180249526
0.140941947518
0.143280926602
0.142201963202
0.141768116885
0.138961989528
0.154772271337
0.140242866481
0.140417807739
0.141651570049
0.135062645315
0.135917246012
0.135251647029
0.135038254444
0.13385285996
0.132761160751
0.133674777172
0.133856952099
0.134228038699
0.24034084242
0.143304645525
0.165017922225
0.139696747569
0.139995263658
0.141820885728
0.13894875957
0.142128315213
0.141011517065
0.140301127618
0.15485236607
0.137726498622
0.137057915705
0.13814191329
0.151613409069
0.138290120523
0.136636367842
0.137686117821
0.135611368173
0.135303455873
0.198652380379
0.138520500314
0.136305536719
0.134619893285
0.134953417812
0.135460584569
0.134361714393
0.133360150141
0.131541517588
0.150532140508
0.191311372993
0.133446891607
0.135922500171
0.133551612441
0.134084362606
0.133479005622
0.132870999462
0.132594996051
0.132077199159
0.131001486929
0.213054468379
0.144928593977
0.141959072221
0.140642915104
0.143785985945
0.14330740519
0.140367379546
0.140932501017
0.139246820743
0.137914106015
0.140435413457
0.136528269412
0.136680556634
0.138105875115
0.137046650039
0.137442920847
0.135448020542
0.140722712106
0.133979345159
0.134018204131
0.232476934098
0.142314352182
0.14108507196
0.140578063343
0.14332668214
0.142199987542
0.142265387079
0.141006274132
0.143067829616
0.138297807137
0.136922326492
0.141190334921
0.14398302419
0.144367253271
0.146202299145
0.144631343963
0.143374377992
0.144570834932
0.145477397292
0.144004130881
0.232185199724
0.140667884982
0.137246004644
0.138489373029
0.13798882958
0.14007262795
0.138711986208
0.138046987159
0.136949331589
0.155793047437
0.137517343785
0.130171828016
0.130181677648
0.129980008561
0.130803033732
0.132382934145
0.132810258075
0.131460606717
0.131088600794
0.132862315068
0.21063396591
0.129378310803
0.126842241895
0.123568020931
0.125266212869
0.145006572752
0.145723618781
0.123679861641
0.123466295177
0.12386273488
0.124977347821
0.128319843182
0.12998799102
0.128640977302
0.128917234416
0.129341504668
0.129010343032
0.130974310957
0.127909268342
0.131636507963
0.221807425688
0.139289724609
0.135589296119
0.137071952112
0.136322954766
0.137766263645
0.137709138629
0.13776156278
0.137931897707
0.1538511549
0.152922620504
0.132959847699
0.134266922967
0.132775065925
0.134597197364
0.133930678337
0.131666376938
0.135499345408
0.135401394914
0.135479954397
0.196416725293
0.14773265562
0.143666646007
0.141735267056
0.141093357479
0.141201525634
0.143057183844
0.140513217407
0.145344039847
0.142792397124
0.140757343333
0.147152287852
0.145696704967
0.145258999695
0.145383119003
0.14291578626
0.148150037394
0.14684093633
0.147176643001
0.143342623319
0.251342621363
0.153019271698
0.147998394444
0.149745688115
0.146866882162
0.147232181996
0.147375363134
0.149378417531
0.149941523704
0.150274995711
0.162804291674
0.147237806679
0.147675368982
0.146840193042
0.144161361198
0.146733795354
0.15976050256
0.150722310687
0.147687060337
0.145691038489
0.250685927114
0.142423744327
0.140634323589
0.14041209573
0.139550488792
0.135263304535
0.136378648193
0.137367262498
0.139168052797
0.137822244027
0.140238767046
0.143100516331
0.140926553403
0.142829264862
0.141316080663
0.139035677914
0.137323709978
0.139692864647
0.141013982498
0.140147911513
0.266194541805
0.137671205894
0.135212175377
0.132939272351
0.132153031994
0.133835804201
0.130884711002
0.132681137512
0.132536410659
0.133530509957
0.147642574413
0.128444105664
0.129188292871
21.028746954
0.127637671763
0.134240384789
0.128082828232
0.12763437074
0.128195019854
0.144980939868
0.223063546775
0.12572128782
0.124533038783
0.137719248531
0.126134132747
0.141160966426
0.124662706431
0.122784177456
0.124178669808
0.123776529858
0.122261454415
0.126216897204
0.126724428974
0.141962521785
0.126204672505
0.125877402249
0.125277570388
0.125214534691
0.124316661823
0.121263836492
0.185522114948
0.13157848706
0.129472843805
0.127284290324
0.127587555514
0.130654367484
0.126873631554
0.128366506065
0.125638921579
0.125107192593
0.126564871942
0.127635066323
0.126225617314
0.128340247093
0.128329411985
0.128726781349
0.125087105515
0.125050183896
0.12467598765
0.124701067433
0.25034469296
0.126270776538
0.123261880135
0.124099798887
0.126215751208
0.123669188546
0.124110630204
0.123990711013
0.122695229939
0.120020095147
0.12073055697
0.11947072855
0.120490198592
0.120863820596
0.124363087573
0.123164149302
0.122448745393
0.121205477373
0.121386148328
0.120237350907
0.242891505632
0.140434656154
0.137829465422
0.138661274227
0.139950890268
0.139647131978
0.152995212121
0.138478697713
0.155511000976
0.139544051591
0.136442683385
0.130808276668
0.130522740306
0.131974458296
0.131884612706
0.134076423432
0.134329392213
0.131226764948
0.133298595017
0.13063926992
0.201946744087
0.150878270572
0.148307190619
0.146320453386
0.152657328069
0.146760858104
0.157817413221
0.156258730938
0.147942272408
0.147747899634
0.146319176761
0.147578591113
0.163446370035
0.147444939062
0.149008375201
0.147334828736
0.149125890495
0.146773596221
0.14694099804
0.160396771423
0.229540989868
0.126268776111
0.123515499463
0.124793244647
0.124435827629
0.126074756003
0.123351601083
0.124611122141
0.124780774018
0.125618879993
0.12364691838
0.132931113617
0.130452045291
0.130988343484
0.134129068614
0.131056907687
0.133229280324
0.135988880788
0.135192371327
0.139188316732
0.205568102501
0.145766378845
0.139932122665
0.139792844447
0.138662047875
0.159136879284
0.158167248635
0.139224550268
0.140395767911
0.153986592865
0.140557142569
0.142131366548
0.140720068344
0.138999918703
0.13897696952
0.139037459933
0.141238808278
0.140267373512
0.139897727074
0.139891302832
0.208021312437
0.146284648596
0.143689349159
0.14220934042
0.140086441787
0.141387557079
0.139786914317
0.141190751686
0.141220255093
0.145093971972
0.158848485547
0.139911981602
0.141706322076
0.146867507612
0.145521551037
0.137018859173
0.140007359642
0.147617000915
0.142687383076
0.140014404019
0.2289433364
0.135978755502
0.147411488515
0.132234703582
0.13603787609
0.127685319456
0.127237913006
0.130021340736
0.131242589941
0.129901456028
0.13316533062
0.132100100565
0.1332919853
0.132458451618
0.132854892872
0.123357507265
0.123077156656
0.130646019113
0.132242884283
0.130568319199
0.195473778109
0.14564138082
0.146309009175
0.143087003574
0.14267279961
0.143539846483
0.139760196213
0.141051635839
0.140003146309
0.142358306689
0.142105409619
0.136464425372
0.13742892555
0.136475979627
0.154284415012
0.136182427683
0.135905342454
0.135594834723
0.135381985476
0.137214784181
0.1991743014
0.123088663768
0.134157124736
0.116958209301
0.116956022678
0.119543556378
0.118740043513
0.117587307455
0.119012007331
0.120727597734
0.122959957535
0.122438637513
0.123218081222
0.121070682833
0.119577519679
0.121569243342
0.120861342941
0.120399053513
0.12067622678
0.119662155604
0.158756761292
0.149156691138
0.145960506439
0.144152930388
0.143814520529
0.146740454313
0.144931919885
0.144335488455
0.142653326491
0.144720748958
0.143519902798
0.145770292569
0.143989419429
0.143841129895
0.143146304521
0.144366909838
0.145489509803
0.146546832622
0.144248790131
0.14238998779
0.171386691447
0.13345575445
0.127910849032
0.128357827738
0.131667172554
0.128997907457
0.13032952053
0.127205451392
0.128446981876
0.12674459949
0.126071709217
0.118601121567
0.118029931579
0.119115552068
0.118694277729
0.118972871581
0.1218849872
0.118813412047
0.117855298154
0.115529885311
0.189890944076
0.135975564772
0.131363743156
0.133821594638
0.134429176933
0.134862901674
0.133833417574
0.13516639133
0.133991593745
0.134794475269
0.132261601058
0.12695989439
0.126566222475
0.125676454219
0.127441664184
0.130741371573
0.129764811221
0.129415237398
0.129255821845
0.127255897195
0.19505685271
0.140848288121
0.136982306039
0.137087736116
0.136117186043
0.138121149666
0.140700453573
0.141271117041
0.153698390634
0.154421958867
0.137759165654
0.139562743554
0.131640860037
0.140739273121
0.140010256796
0.140064775023
0.141295870568
0.133628014935
0.133999402317
0.133683062649
0.188036487692
0.13706344362
0.132236415003
0.132610757728
0.132740841087
0.133569157994
0.134099272794
0.131634567973
0.132119556435
0.131553761664
0.131293425931
0.128905778337
0.127741872332
0.126882885494
0.127893547161
0.127262127253
0.12827475397
0.124993477232
0.126559819313
0.143371353858
0.153505795388
0.157834332403
0.141605070974
0.141008733868
0.14132471417
0.139433355417
0.140827628614
0.140474451305
0.139561891934
0.140141471453
0.138921752814
0.158426897383
0.136883604686
0.133810412889
0.135798702389
0.143778337841
0.143869052429
0.13329761753
0.137185630836
0.13728721291
0.141773925204
0.132148407346
0.128802543823
0.128232309619
0.12435320477
0.12560370653
0.126641115309
0.127101627514
0.145630652773
0.129227590209
0.128032758978
0.115408272748
0.115358224945
0.114800768273
0.11202472564
0.112301316656
0.113118230148
0.113103179234
0.114067304232
0.113596917109
0.172358377499
0.137904394394
0.13436785449
0.152734351839
0.13524240168
0.13212549374
0.132801055982
0.132499064783
0.147775681194
0.130772873098
0.133948975718
0.134207776347
0.13366391504
0.136310435158
0.136291150991
0.133403149167
0.134059177915
0.136585605071
0.153601004783
0.136635419693
0.19687444413
0.122550637899
0.121807230754
0.119710463599
0.12264533892
0.120357934546
0.121681016784
0.119308308881
0.11899036688
0.121692620604
0.122950474128
0.116365349226
0.11876696375
0.113924908918
0.11344998429
0.112447310288
0.11320170479
0.112203955082
0.1130488921
0.113507893705
0.123570142208
0.130330390775
0.12806340755
0.126593770474
0.125221070987
0.12695342905
0.126663763549
0.126169441615
0.12706856597
0.126178296444
0.127393941354
0.124357518669
0.124362254612
0.124573060425
0.123596680208
0.125533051833
0.125141106235
0.124893174643
0.125257139897
0.125142253896
0.150129241352
0.144676806457
0.142852059206
0.139506428877
0.139645216233
0.1551739851
0.141019065455
0.141753374337
0.141532755935
0.141610276206
0.142407611105
0.13649282886
0.136998336833
0.135013662459
0.135970749101
0.137199276313
0.136239954212
0.137626322037
0.13549493591
0.138391982062
0.15231141944
0.143399863319
0.142598693584
0.141755021324
0.142216424765
0.140091635914
0.140044446388
0.140783730383
0.140446993482
0.139470968372
0.141213029494
0.142122903301
0.142726953045
0.141916564395
0.157873035503
0.141444861886
0.141851581227
0.140570136103
0.141970500256
0.139837927506
0.170969091722
0.126056929662
0.122650345635
0.124260384428
0.141182455574
0.122743368052
0.123258902045
0.125173860751
0.12382948184
0.125552471718
0.139441326228
0.119153601328
0.118502567578
0.118894083202
0.11941730646
0.122178422702
0.120996578656
0.120870430767
0.119775243484
0.119993337562
0.181269727148
0.122174287533
0.135243975218
0.117120585321
0.118437100526
0.117188300363
0.118576510882
0.117691390239
0.11855991473
0.119639117981
0.134146720856
0.114585151822
0.114291824424
0.112250490312
0.113652203566
0.114106395913
0.117288651495
0.114445491644
0.114029106144
0.113897767277
0.175559690494
0.140471884522
0.134637927261
0.107951290721
0.108921801609
0.111453682796
0.108301308093
0.134705131392
0.107603501559
0.107226014761
0.107321206796
0.109807083474
0.10850300057
0.107962400059
0.10897302506
0.109199550628
0.108670728837
0.107351678976
0.127635425507
0.111360152709
0.185552055554
0.131882699964
0.1059932214
0.10425346552
0.105094698725
0.105447275875
0.1058995389
0.104312952385
0.104745835429
0.103974012292
0.102595164492
0.103086108373
0.103586121605
0.104788684544
0.103227948268
0.105244413075
0.102750463772
0.103975991882
0.102210112698
0.103384111365
0.141720324774
0.116905584855
0.11486492313
0.131198134988
0.112906969132
0.112534843586
0.112596312685
0.113380882276
0.11380159194
0.11148767674
0.111455364454
0.124147109332
0.122586857927
0.123305607694
0.121423941791
0.123317929472
0.123661769306
0.121594028275
0.1224374397
0.122827863899
0.192104604758
0.114754959077
0.112421437459
0.112722160251
0.112953451699
0.110229654958
0.111778871968
0.110352165415
0.110828726096
0.111837316514
0.111875889419
0.106661907488
0.10598058955
0.107258375709
0.108125951811
0.106911809494
0.106083040179
0.107930517806
0.107516744617
0.107671448017
0.190146262226
0.137760727538
0.119797516405
0.120246755026
0.137895237234
0.120961556504
0.119262337609
0.118889927776
0.118146841447
0.12003792751
0.119806347696
0.113862274435
0.114679964718
0.112640690929
0.113491024241
0.116742453546
0.134550786282
0.112563517799
0.112106514896
0.112932144914
0.229971782294
0.136937376976
0.119789379896
0.117234438399
0.118162576719
0.120091549578
0.119424434695
0.119695835693
0.119610693502
0.119993514805
0.118587935014
0.10900226214
0.111666359454
0.11101879625
0.111360690343
0.112877603165
0.111279743368
0.110819084401
0.111284079284
0.112600357417
0.179794680139
0.110618105433
0.106800314894
0.118512177805
0.103954074347
0.103420886414
0.103006718297
0.106425505749
0.121759594214
0.1052538804
0.104932688278
0.099259541827
0.100789333132
0.0980947198964
0.0983758131898
0.0999499833926
0.0972217262113
0.099646481523
0.101328357198
0.104330697425
0.170011833975
0.114694800142
0.112181229876
0.129635482428
0.111759120869
0.108205280808
0.109324013818
0.10961884167
0.110058522264
0.110548291067
0.110009397243
0.10517807175
0.104988860984
0.102225882042
0.102759973253
0.102498793602
0.100818173816
0.104002418386
0.103343122109
0.106439368224
0.180860248824
0.124778903486
0.121423856235
0.135886557137
0.120534808926
0.118941225707
0.119376994221
0.119678203716
0.118394200656
0.120558328574
0.119191781753
0.117477804686
0.11810993799
0.117197722535
0.139727649215
0.116870887284
0.116534564897
0.117481199028
0.116933178373
0.118278555985
0.180260705
0.142510276041
0.137252961359
0.137708713845
0.139140606885
0.138519332368
0.139745927526
0.137295994373
0.136840668986
0.139600361318
0.138104022616
0.134196548654
0.134312495375
0.134489330975
0.134517238196
0.134320702181
0.133788675407
0.13372875465
0.132952073731
0.138811865876
0.229111156775
0.138316305276
0.135536427178
0.135505055741
0.134637118342
0.135188548847
0.135929296131
0.134820152543
0.134266903602
0.134496973392
0.134398346829
0.13159246784
0.131945988768
0.130234220708
0.130592140991
0.15002573107
0.130839988787
0.129948387106
0.130839353164
0.133147087767
0.206699437403
0.108148037938
0.105941825533
0.104065121714
0.103442257646
0.104744642606
0.104873914198
0.119661033435
0.103904892941
0.101116835203
0.101334861852
0.092876566717
0.0967895691445
0.114319958749
0.0980148317184
0.0991343560532
0.0972755844529
0.0968782194167
0.0950384376138
0.0955722316917
0.166426567153
