0.870425464431
0.704268109541
0.68793857711
0.680577110031
0.686089262042
0.686769332744
0.686821475917
0.688451413428
0.70282781457
0.728310375276
0.672185070671
0.684615112682
0.686456915599
0.689411140584
0.687407161804
0.682369584439
0.689444984534
0.681316394167
0.697995141343
0.626309902741
0.718014128035
0.708707597173
0.696165709236
0.693359699514
0.692985404688
0.693079610792
0.689437417072
0.692274977896
0.693249778957
0.709022968198
0.711219964664
0.702627208481
0.699624668435
0.699713085765
0.698291150442
0.696724015922
0.692421494914
0.695809818664
0.705324635117
0.585952633909
0.713395492709
0.725506183746
0.709265017668
0.692175950486
0.706090185676
0.69159380531
0.685767153608
0.691339380531
0.697367536488
0.702725022104
0.700561643836
0.707913427562
0.695719522968
0.693797524315
0.699229000884
0.687215486726
0.691367699115
0.691201769912
0.698967713401
0.572647762517
0.69695931004
0.711595669465
0.704769434629
0.707784452297
0.695686118479
0.697324049514
0.696822644847
0.693442724458
0.686207872623
0.69513003096
0.694568523431
0.709091471498
0.693606890459
0.695649006623
0.707308440124
0.695805125939
0.695627320955
0.692715738285
0.700312997347
0.581503985828
0.697792219275
0.689059655325
0.678950530035
0.689407505519
0.684120971302
0.673658568905
0.690375441696
0.685064074238
0.679801148917
0.684649138312
0.68445229682
0.68370229682
0.668028256071
0.669186313466
0.670732568402
0.660081236203
0.67951214128
0.673022968198
0.691240282686
0.565835543767
0.69946245583
0.700067137809
0.667809628975
0.677865783664
0.681491615181
0.669364238411
0.683240388864
0.6822081308
0.676576038904
0.689015030946
0.684210433245
0.691904109589
0.680869200177
0.687560954064
0.691721854305
0.681503091873
0.68984975696
0.685397260274
0.691247235736
0.57758768822
0.70925608138
0.702056169836
0.697273209549
0.701959770115
0.704964664311
0.71596245583
0.719775618375
0.705151193634
0.706110570544
0.694617256637
0.697952212389
0.699717256637
0.700284387439
0.701293233083
0.703491825011
0.715045936396
0.709931506849
0.695863334808
0.707130088496
0.574559804357
0.704280655157
0.696454625941
0.690789729969
0.695999557522
0.70292481203
0.707166151127
0.721960689046
0.710376933274
0.70451216276
0.697673595754
0.700137671536
0.696324922532
0.693664010624
0.696766814159
0.700916814159
0.715348806366
0.71796243924
0.711077772868
0.713356479434
0.586774064171
0.705929234852
0.687921646746
0.689333776007
0.691974767596
0.698798230088
0.689047787611
0.71149204244
0.711544851966
0.712459363958
0.707808576481
0.708311808934
0.702817699115
0.705210712705
0.704707522124
0.699307386112
0.708298982751
0.716982324348
0.723916961131
0.740683303887
0.608864081996
0.702015915119
0.701185234306
0.69301415303
0.693444935869
0.688503317116
0.691916003537
0.691639257294
0.700191338931
0.68693639576
0.695402649007
0.702903667698
0.696410517013
0.698557471264
0.694901856764
0.692562776304
0.695069376933
0.692070702607
0.705755742049
0.723205739514
0.583878558719
0.692299337748
0.674901060071
0.672112190813
0.662718515245
0.670855059655
0.679907644719
0.667126325088
0.670124558304
0.652564238411
0.686986319506
0.693254416961
0.696266460451
0.692037577365
0.696665634675
0.693909774436
0.694817337461
0.697541556145
0.694580017683
0.70855344523
0.562467169476
0.733181898455
0.710115282686
0.702659151194
0.698866047745
0.697115486726
0.697324778761
0.690297787611
0.699753982301
0.695436532508
0.718844012373
0.729104240283
0.718733097658
0.715213180009
0.705443609023
0.706432934927
0.700692341744
0.696188579017
0.702909734513
0.721367699115
0.590146993318
0.740307250221
0.736816615113
0.73373044631
0.712977876106
0.710405309735
0.697450598139
0.700390168291
0.707836581045
0.702647189022
0.706471890217
0.712195844385
0.726167476801
0.727915598763
0.703836653386
0.706531208499
0.694953055802
0.699003987594
0.70030513729
0.70886542718
0.585075994636
0.707548472776
0.729629089302
0.725851524525
0.722806893504
0.712115486726
0.711868141593
0.693310008857
0.703359167405
0.700615589017
0.705363435148
0.699076582559
0.721150751547
0.716996022978
0.716016349978
0.713172490049
0.710873893805
0.692360496014
0.699190434012
0.704008857396
0.601236135957
0.708449115044
0.697417256637
0.706824933687
0.71868935042
0.721198763251
0.704771883289
0.714142793988
0.700431164232
0.693354424779
0.697280530973
0.699911985847
0.701303405573
0.70312284578
0.717625441696
0.706842314488
0.691284136103
0.709923552806
0.698549756745
0.70736178682
0.599287243533
0.700082264485
0.703479221927
0.68700132626
0.703890017668
0.682509050773
0.690987637969
0.697729240283
0.695532685512
0.692365885992
0.693337163058
0.690801148917
0.693404772426
0.691208922261
0.701485651214
0.694888300221
0.687133833922
0.698136162688
0.695175950486
0.69134159292
0.566841777778
0.70932920354
0.700214506855
0.701995134896
0.700246242263
0.706596111357
0.716992491166
0.711392841361
0.694285714286
0.703804511278
0.69187605135
0.699657370518
0.703416113324
0.699682300885
0.706499115044
0.721190013257
0.724745141343
0.720699072028
0.694919026549
0.713969469027
0.595398040962
0.711114260407
0.69880336581
0.702031000886
0.7082478973
0.711741921204
0.720039345712
0.73516394167
0.735215296198
0.70202124834
0.709577689243
0.70811564023
0.704031028369
0.700509308511
0.706415854739
0.704274579274
0.726349402919
0.723526967286
0.722058797524
0.723869853918
0.600384168157
0.717441345728
0.700269946809
0.691718085106
0.694340425532
0.701741249446
0.702449069973
0.724220698806
0.731463306808
0.726394783378
0.707893315626
0.722554030115
0.709506205674
0.71249822695
0.705340868794
0.71169073992
0.714767050487
0.733499336577
0.734598585323
0.760029619805
0.644397309417
0.724989823009
0.71713103143
0.704493132477
0.699890562694
0.698241470979
0.706124003543
0.702446855624
0.725767359575
0.723349536014
0.732130799823
0.710995134896
0.706275984078
0.696630810093
0.69566002656
0.697355024347
0.704381415929
0.694481858407
0.717328912467
0.737958020327
0.618568232662
0.73640680212
0.712042882405
0.710143678161
0.693386554622
0.696880088496
0.704260946484
0.703912428129
0.708046861185
0.697391515687
0.71472614841
0.694383664459
0.682127208481
0.691692001768
0.682163129973
0.688152077807
0.687534924845
0.684564295183
0.687355722492
0.717047261484
0.58253986637
0.747709050773
0.722042863456
0.709986731535
0.709465723131
0.701684955752
0.700693669765
0.696161504425
0.707943830164
0.701788146838
0.728946089262
0.724080388693
0.71555987627
0.712945132743
0.706387168142
0.69567493357
0.693894154119
0.69910938884
0.708351482957
0.713927433628
0.570788418708
0.743348806366
0.755084401237
0.738144562334
0.70974856131
0.716525011067
0.707344262295
0.703034116083
0.723234381923
0.7083255093
0.712984056687
0.73007916851
0.730935455349
0.732682139699
0.703638618246
0.718789193977
0.700694456763
0.70244345898
0.704201241135
0.715196365248
0.617113249776
0.712462356067
0.732709292035
0.734451812555
0.735958867758
0.722677590788
0.714537643933
0.707027494457
0.703789800443
0.705627937916
0.70982986265
0.705428001772
0.727111061947
0.741034482759
0.738086206897
0.712169619132
0.704660318866
0.707283813747
0.702692682927
0.705240354767
0.634275908479
0.713560283688
0.703709791759
0.724838938053
0.740954907162
0.738650751547
0.706534307216
0.722537405932
0.698879432624
0.697762411348
0.701988475177
0.702596366859
0.707538972542
0.721000884956
0.736766578249
0.735996022978
0.715238053097
0.723242920354
0.706446412755
0.707418069088
0.674341999104
0.692600974314
0.704964143426
0.700564851704
0.71499867374
0.711147149801
0.717694787986
0.712463306808
0.708952254642
0.695142477876
0.700368747233
0.698359292035
0.70928261831
0.695328173375
0.714347922193
0.708518109541
0.720116556291
0.704315952276
0.710913389306
0.718877487837
0.655117752007
0.698481203008
0.698578947368
0.687464190981
0.695828104286
0.687770318021
0.70489183223
0.686776403005
0.692129588678
0.690305174701
0.675405489154
0.709348826915
0.702653829128
0.710657522124
0.708092477876
0.722303137428
0.733700971731
0.727503536693
0.705188053097
0.714901283754
0.609670373665
0.709800265722
0.699543642003
0.704745792737
0.711209384683
0.718168216025
0.72398584697
0.741566062749
0.740859858532
0.707672864099
0.716110225764
0.70884929078
0.703257535461
0.700894503546
0.711019051839
0.710038086802
0.730765148165
0.734746242263
0.721751879699
0.724361824624
0.651208855098
0.728645990253
0.702411268855
0.704732919255
0.70608691796
0.703417996454
0.706132535461
0.730234513274
0.746186643078
0.744758956214
0.706968985379
0.712137793531
0.697439662822
0.695386424135
0.702371783496
0.710996453901
0.706856826241
0.723659583887
0.736037593985
0.738946041575
0.684008086253
0.727821444395
0.717476295968
0.705143300799
0.700059893523
0.705069210293
0.715845744681
0.711070921986
0.734432934927
0.741012826183
0.747822202565
0.716721434898
0.709819309123
0.701239467849
0.695245676275
0.702087361419
0.711764288879
0.70162677305
0.732660176991
0.745400265369
0.69775011236
0.749673884224
0.705903539823
0.705855688358
0.690303943288
0.696549401861
0.692639787328
0.705720992028
0.703223992917
0.710371517028
0.723711886876
0.725066254417
0.702498894295
0.707701901813
0.695531208499
0.696286093888
0.697196104471
0.699278761062
0.702054867257
0.716102564103
0.709620797848
0.722019876325
0.727327152318
0.705023872679
0.704323906319
0.697055727554
0.70541264927
0.695582485626
0.703361626879
0.700673740053
0.715222614841
0.726879858657
0.718011489174
0.711410619469
0.707526106195
0.700154935812
0.699218680832
0.699041168659
0.702246902655
0.719432743363
0.646070824053
0.735337312113
0.735372956253
0.718636604775
0.703388667552
0.696529880478
0.697260522818
0.694802835623
0.697019937971
0.735960584588
0.707736935341
0.725421937196
0.737458885942
0.726223794781
0.712296722764
0.708291851196
0.703572505543
0.702492682927
0.704488691796
0.715163048294
0.707056275123
0.718700487373
0.746922123894
0.747745800177
0.735946926139
0.716465219318
0.717606557377
0.703859804791
0.704332445628
0.707992901508
0.71516940133
0.706634146341
0.73485126162
0.735390535161
0.736173374613
0.711300088652
0.718263741135
0.702203728362
0.701873445826
0.711493564137
0.752787960467
0.721231042129
0.718444789357
0.726760513502
0.753948672566
0.752605484299
0.723013735047
0.723272606383
0.703879272082
0.713118952508
0.708011984021
0.704321507761
0.7104172949
0.716231518371
0.733894736842
0.743964175144
0.711418069088
0.701635799734
0.703528628495
0.704332741792
0.728616007194
0.710834960071
0.71202748227
0.70853167922
0.732847345133
0.740915966387
0.755016799293
0.727118193891
0.714821602479
0.714811613475
0.713200443459
0.696076207355
0.697719663419
0.691540744021
0.712064130916
0.714364721485
0.724678745029
0.708015479876
0.700938522778
0.708262621789
0.727899955137
0.697345285525
0.68714873838
0.695367699115
0.694972123894
0.712266136163
0.698396818383
0.710587014134
0.710824933687
0.708764809903
0.706259177355
0.699337610619
0.702185758514
0.697854111406
0.712145004421
0.704222271321
0.702034893993
0.717676093681
0.690403539823
0.703969455511
0.702317736185
0.71152214349
0.701468556244
0.69610938884
0.699420540062
0.701333628319
0.724906719717
0.731448519664
0.715131741821
0.697034528552
0.698319751993
0.700416223404
0.698568514412
0.707596366859
0.712493799823
0.706796279894
0.733423706325
0.741843943413
0.731619195046
0.71731369074
0.741110566206
0.730861763403
0.701340133038
0.705264862467
0.69885232816
0.711548315603
0.708203810368
0.723804867257
0.741019009726
0.734033171163
0.708003546099
0.730904255319
0.70574123391
0.714165186501
0.718623169108
0.717178713969
0.722231826241
0.736176184152
0.757707209199
0.755799557522
0.796622980251
0.732231382979
0.72207712766
0.702111012433
0.699311417148
0.702332445628
0.719413487134
0.707493569845
0.734379814077
0.748511278195
0.745136283186
0.723133865248
0.726418181818
0.71503018198
0.709754884547
0.701923213493
0.723214634146
0.713846119734
0.750513944223
0.764697478992
0.791034234234
0.759915929204
0.713051395658
0.722898980948
0.706666814552
0.702074090506
0.707776841171
0.713012411348
0.726222074468
0.734278441788
0.751118531623
0.742700265252
0.710680832227
0.722649689991
0.70356072695
0.696895833333
0.70270212766
0.712963668587
0.713069973428
0.740142477876
0.749136813681
0.734185676393
0.735384003535
0.713728881026
0.713753097345
0.702917626218
0.700919397697
0.696199734278
0.70905666224
0.711065486726
0.732737842617
0.700505965532
0.713971731449
0.699894341291
0.701683908046
0.691432300885
0.695759292035
0.687296329058
0.698515701017
0.703529411765
0.709660259276
0.72224215643
0.730871908127
0.720335837384
0.697742477876
0.69914380531
0.690755535872
0.689784765279
0.700771922055
0.695593182824
0.700426106195
0.729400088417
0.742833406982
0.736897435897
0.712032757857
0.719329791943
0.701414893617
0.709616578014
0.711827570922
0.720063773251
0.749106601249
0.720517714792
0.723138434321
0.741255083996
0.738700574967
0.708547186531
0.707284448383
0.699106873614
0.699623779947
0.699988470067
0.706374556738
0.708460549645
0.732938053097
0.745031830239
0.740705309735
0.712884308511
0.711420656028
0.709714158899
0.705406569019
0.710023080337
0.738559641256
0.716679379157
0.714337322695
0.723781761842
0.742903582486
0.739811145511
0.707722960993
0.712048337029
0.692304482912
0.703665630551
0.705748335553
0.71403861518
0.712970731707
0.729893315626
0.750762052189
0.74861460177
0.719920656028
0.722064745011
0.701555506217
0.713524866785
0.79805982906
0.712683533067
0.716737028825
0.701363192905
0.731285081895
0.747250331712
0.748367536488
0.711520159504
0.723954807266
0.704838881491
0.706765201953
0.700453416149
0.707641843972
0.700330673759
0.718795484728
0.73370942061
0.739145004421
0.711122177955
0.716931798051
0.702799113082
0.743316996403
0.708159131206
0.702725620567
0.699550731059
0.698597874225
0.715828836798
0.729252873563
0.733806893504
0.707290137107
0.719365044248
0.708287422498
0.69430513729
0.696103188663
0.689151394422
0.696058849558
0.711916445623
0.708608926204
0.712549028269
0.708721485411
0.710313439434
0.7237435094
0.717333628319
0.712001327434
0.698076548673
0.707501547988
0.70532847038
0.724282810429
0.727372349823
0.704981882457
0.703511504425
0.699374778761
0.705723649247
0.702814437555
0.699612931798
0.707297034086
0.710045132743
0.731208664898
0.733305346885
0.722896551724
0.717882691456
0.710553722693
0.734010628875
0.706389011963
0.706605321508
0.708548072663
0.708051815766
0.717758193091
0.729635840708
0.757429518338
0.735819548872
0.701836951706
0.716352680549
0.702439911308
0.702343833185
0.701412416851
0.710326241135
0.717295081967
0.724173893805
0.744818302387
0.749101769912
0.712798925213
0.722003989362
0.716219414894
0.706147359077
0.705066577896
0.698116289392
0.71092195122
0.709197339246
0.739365648517
0.745229102167
0.738684070796
0.727725177305
0.724719733925
0.708426731794
0.715465364121
0.71031749556
0.718325643301
0.717775609756
0.751690128375
0.767336134454
0.75899819982
0.764227876106
0.717035460993
0.7244375
0.702805062167
0.699356571936
0.70931424767
0.7118527063
0.721474944568
0.730057104914
0.757348518355
0.757619637329
0.727843597696
0.731602569783
0.714382431233
0.709091877497
0.710269299024
0.722375609756
0.724299202128
0.752490482514
0.766745380802
0.742485625829
0.745195844385
0.717465456156
0.711075730735
0.709791223404
0.702966297118
0.703572251773
0.707179884803
0.706932683791
0.736958425475
0.728817860301
0.736692443659
0.714403361345
0.709447787611
0.701832152347
0.704263064659
0.697295968099
0.704280212483
0.721357079646
0.717982951996
0.704335985853
0.721270879364
0.715600265018
0.693326702034
0.70300397878
0.687865044248
0.699802212389
0.693834513274
0.695483642794
0.698352343059
0.722151568714
0.727607332155
0.718496685815
0.708180088496
0.718266371681
0.700968556244
0.700786536758
0.698810894597
0.705952191235
0.663359340169
0.722846392209
0.745031830239
0.745819708352
0.729190539346
0.715001328021
0.71383001328
0.704527039007
0.699260195035
0.703774822695
0.71447918512
0.707502214349
0.73866873065
0.735046861185
0.727875276426
0.720407620735
0.71352503323
0.708863414634
0.709248447205
0.704374279379
0.677385234899
0.72073194506
0.71910899424
0.723545132743
0.751049513705
0.742711632021
0.716087322695
0.715626329787
0.696023080337
0.70422192632
0.712223701731
0.712537028825
0.720617907801
0.730476759628
0.75148164529
0.74940619469
0.711755319149
0.719800531915
0.70016651865
0.712961811723
0.714847640449
0.703152309059
0.711724168514
0.709159645233
0.724594953519
0.750861123397
0.737613716814
0.707992464539
0.7200172949
0.697029307282
0.692863171924
0.700205947625
0.708880212955
0.710046119734
0.735582115981
0.742476337904
0.742727996462
0.724750553833
0.719855496454
0.711410563693
0.720697433588
0.712025288376
0.70255190772
0.706038137472
0.707384751773
0.72767419212
0.747620964175
0.743464633068
0.707786979628
0.724544729849
0.705456560284
0.698164596273
0.701615248227
0.69701107665
0.698911386797
0.713354268023
0.724790450928
0.730915156871
0.702547987616
0.727213716814
0.683247307002
0.703708148804
0.691740478299
0.684855624446
0.697416998672
0.696238938053
0.708974358974
0.700381352187
0.707900618375
0.707102564103
0.714814323607
0.705244690265
0.703096460177
0.703352941176
0.704465280849
0.707123784262
0.724305788776
0.722272968198
0.703371630579
0.717485840708
0.691787310098
0.716359292035
0.698727192205
0.701058901683
0.698987156776
0.70364231961
0.710811504425
0.724139257294
0.729159522757
0.728784703802
0.697225320938
0.705988928255
0.701094414894
0.700257092199
0.702460549645
0.705709034544
0.700099645704
0.720576293675
0.731623784262
0.725366209642
0.646935267857
0.727700177148
0.712798404962
0.700923725055
0.698203194321
0.703244789357
0.708863475177
0.699661497563
0.725561946903
0.741395667551
0.731380804954
0.725861258865
0.721240248227
0.717545494896
0.71416466933
0.70111096316
0.728733037694
0.724796542553
0.746841522798
0.771750552853
0.712869779973
0.758288053097
0.716332003546
0.724277039007
0.699679253665
0.7015
0.711723479805
0.713023059867
0.717676131322
0.726915449314
0.750907120743
0.761854424779
0.724948138298
0.728723281596
0.699629662522
0.714831261101
0.715956502441
0.720080266075
0.719186696231
0.76170252324
0.733796663661
0.740670057497
0.737841662981
0.707438635357
0.704578014184
0.690185086551
0.694025299601
0.696195208518
0.706784574468
0.697585549645
0.723657370518
0.754126934985
0.758499557913
0.732199734278
0.723301594331
0.706415780142
0.710180931264
0.717973847518
0.722871953921
0.730693976971
0.732104269663
0.719716054843
0.728015030946
0.727347326558
0.695925663717
0.71110978309
0.69119663419
0.694333038087
0.691827280779
0.704987162461
0.711496460177
0.704954907162
0.718466195316
1.16605742049
0.699064986737
0.716289566755
0.703701327434
0.700028761062
0.698388053097
0.725249004865
0.697184257603
0.708780725022
0.702768448962
0.710374558304
0.72150861688
0.700275663717
0.696881858407
0.684776007083
0.693241806909
0.696440212578
0.686722566372
0.712866814159
0.728694518126
0.731992487848
0.718690539346
0.713341301461
0.712323594511
0.701430660168
0.697602126717
0.703910943731
0.654426470588
0.713142161205
0.713351040283
0.716784166298
0.733502430402
0.736352498894
0.702385296723
0.704771821001
0.693095829636
0.701103325942
0.702997782705
0.722118351064
0.731307930882
0.737713716814
0.754854046882
0.742480318443
0.704987151086
0.717056294326
0.704675987572
0.708340878828
0.720726457399
0.711153061224
0.713926829268
0.710377216312
0.737667994688
0.74752233525
0.735753097345
0.715809840426
0.711972062084
0.697978251221
0.702015097691
0.709452729694
0.714818181818
0.713682926829
0.737300575476
0.752291906236
0.742728438744
0.721218528369
0.721874113475
0.714413226809
0.733764732344
0.717244562805
0.712427430093
0.716051464064
0.7190345898
0.730379371403
0.752373286157
0.755368863335
0.724769162605
0.721245015507
0.70000310559
0.70365661047
0.704123779947
0.703002659574
0.710585106383
0.716907964602
0.738251547303
0.73959106985
0.712310756972
0.724427812223
0.686263489209
0.716359485816
0.702219414894
0.691034574468
0.699767936227
0.699723649247
0.707351172048
0.723854995579
0.732993813522
0.710590888987
0.716375663717
0.703040301151
0.705534986714
0.70019663419
0.711598230088
0.700808849558
0.719455791335
0.719482987185
0.724720848057
0.724868700265
0.682370917226
0.703478337754
0.685987616099
0.686139761168
0.688548429898
0.696641025641
0.689532272325
0.700506849315
0.704067579505
0.703897039328
0.684885891199
0.715554424779
0.699627268703
0.697467463479
0.705457724657
0.706709734513
0.711994247788
0.719899248785
0.728071113074
0.72842617153
0.650499554764
0.724534955752
0.707601150952
0.696459698849
0.695105449712
0.695101905184
0.708677290837
0.705996457042
0.723849690539
0.740031816173
0.720267904509
0.728080602303
0.720367139061
0.707115248227
0.704220842572
0.707934840426
0.71852724856
0.711863153233
0.732938080495
0.765562334218
0.6732
0.747145068554
0.715066016837
0.707469206912
0.702610913931
0.701709849157
0.699326086957
0.706245567376
0.706996455472
0.734261946903
0.74308841733
0.757471915082
0.722384138237
0.726530350022
0.706384376387
0.708428761651
0.712372836218
0.723340425532
0.725272606383
0.751714032758
0.70337455036
0.761558160106
0.759069438302
0.726347806823
0.721717766947
0.709163337772
0.707092765202
0.707442324756
0.719987583149
0.712210992908
0.743624169987
0.749067669173
0.74176824414
0.716425155004
0.715674789544
0.706532830524
0.700721064302
0.705273170732
0.718368351064
0.722573770492
0.673324932493
0.728807522124
0.739922634836
0.743679487179
0.712397345133
0.724599380257
0.699859548073
0.705182624113
0.702404076207
0.717075730735
0.715335104028
0.70808137992
0.729431285904
0.725517667845
0.706854931446
0.717578947368
0.699156263834
0.697535635237
0.700502434706
0.72018539823
0.680726580009
0.70124590889
0.709780725022
0.700611135661
0.720500662252
0.703139195758
0.698463748895
0.691668288368
0.698567890314
0.688550641309
0.699630857648
0.699628205128
0.713965532479
0.717160777385
0.706182501105
0.705022114109
0.699088898717
0.703097345133
0.703983178398
0.700857522124
0.620569203382
0.713145953118
0.714762936754
0.714340698188
0.720731448763
0.726595227574
0.703068141593
0.705916814159
0.687939769708
0.702699291408
0.698983170948
0.711010181496
0.716144754316
0.719713969938
0.732867874503
0.733017241379
0.711206285967
0.710436476317
0.696252104564
0.709773150199
0.624803921569
0.717684980062
0.713069087688
0.713539415412
0.74162804069
0.744522546419
0.729141909814
0.710635518158
0.716672276351
0.701100665188
0.710399556541
0.708415077605
0.710289322109
0.701875941515
0.729957964602
0.744925287356
0.743186643078
0.708810451727
0.707024368631
0.711381374723
0.666082848186
0.714176940133
0.707381374723
0.711558510638
0.715169251218
0.726139442231
0.746463306808
0.746114108801
0.719574656624
0.713970757643
0.696663414634
0.708103815439
0.708531263858
0.700426861702
0.711122286221
0.728200884956
0.7416688771
0.742535809019
0.709650575731
0.721873782108
0.669074955117
0.713726950355
0.712445232816
0.701215868794
0.701093929996
0.708557130204
0.725865103936
0.730422634836
0.742497127707
0.720696902655
0.71124380531
0.706131147541
0.699820115197
0.700440655447
0.706086764055
0.702042939354
0.719221927498
0.721495360141
0.729466872792
0.724774093722
0.650517673378
0.711378593543
0.697161575919
0.692214254095
0.690144690265
0.699134453782
0.699070322866
0.693956694653
0.710691254417
0.718030022075
0.697056120194
0.703653115334
0.693771782397
0.691135338346
0.698029619805
0.703108311229
0.702590808661
0.697008392226
0.699072406181
0.699089222615
0.617802496656
0.724453138815
0.71090893015
0.702896902655
0.694812389381
0.701488721805
0.699946041575
0.698624226348
0.70810914715
0.719306537102
0.727116659302
0.712405130473
0.705762052189
0.688746347942
0.697737494467
0.701213368747
0.703377876106
0.696524104379
0.714915156871
0.729084843129
0.589347419929
0.751111356606
0.714807522124
0.714039380531
0.690310008857
0.70199955713
0.70399955713
0.708464807437
0.712554227534
0.72809372237
0.743310207689
0.7426622458
0.71576980965
0.714671093404
0.698854674346
0.708384308511
0.707603898981
0.710961010191
0.710168733392
0.738295444494
0.644825055928
0.744668435013
0.72761388766
0.709211155378
0.703393268379
0.698254875887
0.696414893617
0.692969414894
0.700990695614
0.696365367582
0.727039363114
0.747813439434
0.743895667551
0.727149623727
0.729142604074
0.708606382979
0.714121897163
0.707440602837
0.715638175376
0.726241806909
0.680322262118
0.727714727996
0.733621131742
0.737541998232
0.721918584071
0.712692341744
0.705367744794
0.699894993354
0.702131590607
0.717880868025
0.722931828243
0.706428129146
0.722244807777
0.718871409633
0.694195488722
0.702904909332
0.694601593625
0.692589198761
0.693149623727
0.706161946903
0.593991051454
0.710045575221
0.720016357206
0.710265134777
0.716846289753
0.707820954907
0.702916003537
0.699404867257
0.700429646018
0.69587079646
0.701235294118
0.685144562334
0.699021210782
0.685707597173
0.696141721854
0.695071144498
0.692024745913
0.692846595933
0.697168435013
0.698820070734
0.612670231729
0.708923552806
0.704598320813
0.689666961131
0.69422781457
0.704891342756
0.690744586832
0.696130857648
0.68940645732
0.696940291906
0.700545333923
0.702484526967
0.707664014147
0.698379858657
0.711000441501
0.714442579505
0.696980106101
0.708899601946
0.695487168142
0.701647787611
0.594636888889
0.709592920354
0.710312251216
0.700437859354
0.71551878038
0.713731007067
0.702414052143
0.700056612119
0.700584697037
0.68989238264
0.693328463922
0.708895971669
0.717157591855
0.71419380531
0.734016799293
0.731905035336
0.719960229783
0.715128318584
0.713612831858
0.707030115146
0.629127061971
0.708726306466
0.704177147919
0.703520372011
0.706840265487
0.713558797524
0.729019001326
0.732099425541
0.708569911504
0.712523683046
0.690462560922
0.702567124502
0.703677891006
0.701340416113
0.70079105799
0.724840336134
0.727693327441
0.722302253646
0.709546460177
0.713772023019
0.653402504472
0.707049180328
0.700813469207
0.695911386797
0.704598052236
0.698837981408
0.720690539346
0.727115775519
0.729917366328
0.716687306502
0.707254867257
0.697571049137
0.698852524358
0.693151018601
0.699890707965
0.7015
0.717185234306
0.711717189571
0.717053003534
0.723947833775
0.646632096558
0.71286996904
0.691046460177
0.683092961487
0.683062831858
0.697021238938
0.689525873507
0.699761820592
0.696449204947
0.703358498896
0.70715687141
0.706359699514
0.696482529854
0.699379478107
0.701526758072
0.704704244032
0.70438223597
0.708926236749
0.709586313466
0.735844591611
0.654383140054
0.710709805654
0.697922669023
0.685969067609
0.684281167109
0.686291648255
0.692513919576
0.678779151943
0.689833554084
0.692590728477
0.680167770419
0.689301811754
0.686766239505
0.690198054819
0.686490048651
0.689873563218
0.685004418913
0.692871409633
0.688356732892
0.693453863135
0.615562611012
0.715931537102
0.700104728237
0.693016799293
0.680732419284
0.686283945157
0.687785493145
0.691919982317
0.693628647215
0.690889134276
0.694322879859
0.730540636042
0.714164456233
0.712038036267
0.700487610619
0.704254867257
0.706603539823
0.703778858912
0.709776647501
0.744082633672
0.660548731642
0.739336572438
0.727278833407
0.705238832375
0.70627023441
0.694420540062
0.698744577247
0.696424081452
0.708409553295
0.704005749668
0.715170128148
0.719799028269
0.714586831639
0.700635559487
0.705812472357
0.700528995131
0.69703895529
0.696880035414
0.707798230088
0.713768686422
0.676647190009
0.716276623951
0.72215459364
0.712826778612
0.693656346749
0.703705440071
0.693771137672
0.690906153165
0.686136786189
0.702653097345
0.700019026549
0.712981874447
0.729409893993
0.721920936396
0.706951370469
0.719447589562
0.705361946903
0.704338938053
0.703
0.72247079646
0.710591517857
0.707805309735
0.721631020769
0.726526943463
0.71039885159
0.708506189213
0.707556587091
0.69762920354
0.696723131358
0.705942503317
0.70874535809
0.682262599469
0.698790985418
0.688952759382
0.696401766004
0.689949182501
0.68864516129
0.68924801061
0.689136604775
0.701234748011
0.654262923351
0.697833406982
0.693482103403
0.672807862191
0.677926710817
0.681121359223
0.668270759717
0.690524293286
0.682696862572
0.679940786567
0.680256738842
0.679574646643
0.681953621908
0.663230463576
0.672670785525
0.6781598234
0.66622835689
0.688473056537
0.686722050376
0.700646486964
0.648112688554
0.696252761821
0.698467079099
0.678188162544
0.689037086093
0.674701103753
0.677259602649
0.685001325674
0.698784357048
0.687067639257
0.687268788683
0.694059681698
0.697098541759
0.685867432612
0.7001704947
0.692724503311
0.683434878587
0.69447105612
0.68842219275
0.712359133127
0.67084929078
0.707862007961
0.705881910659
0.702186118479
0.706097701149
0.697219081272
0.712345695364
0.713709805654
0.690552608311
0.707631741821
0.696372843874
0.68762804069
0.694662096418
0.689609907121
0.697198496905
0.715633672117
0.706660335689
0.704136042403
0.686208664898
0.708656346749
0.651386939138
0.710415486726
0.696920318725
0.694670353982
0.700883237506
0.702479433879
0.713912505524
0.707703621908
0.703209805654
0.71025331565
0.702986731535
0.701519026549
0.703722566372
0.69775
0.704183989385
0.701959752322
0.719521873619
0.70905344523
0.711378533569
0.730406719717
0.707610048911
0.709610079576
0.692204776648
0.684862892525
0.688743476338
0.69325596817
0.697484969054
0.688986749117
0.705177120141
0.704721854305
0.691949182501
0.707974370305
0.698486295314
0.709805039788
0.697299734748
0.704352629253
0.702899690676
0.694675795053
0.708513024283
0.733837157988
0.669077333333
0.694795936396
0.692622349823
0.679847105612
0.680441891295
0.679492708794
0.693018551237
0.673705388693
0.682591169978
0.657887908208
0.658697263901
0.635034878587
0.666279028698
0.662854304636
0.669202649007
0.671727593819
0.661098454746
0.662616335541
0.643561341571
0.648348631951
0.642458333333
