10.6582089286
13.5118139865
14.4083169765
8.60618375903
13.7530810596
11.0337479094
15.887290567
7.06988662174
8.2367657916
13.6542438186
15.2636684992
7.28349063517
9.80806662112
8.06283825387
11.8852479152
9.36512493266
7.18153551005
7.98830063537
8.05606305212
156.982231367
11.9608654464
10.3939139007
8.91649746908
6.89845890482
6.88420543912
10.3771218974
8.25948318787
11.1252745865
8.69538795027
11.1304942398
5.48375981391
10.8062126139
6.50250668919
7.99587573294
9.63404513464
10.4407250359
6.39801574628
10.8561510972
6.16127491991
158.432493297
16.1995478196
14.4832294259
16.1618476515
16.2274218749
13.3940737357
17.341904099
16.7120329844
17.5058666235
14.2908066423
15.659893026
10.4226396849
16.2797686731
11.3554449202
15.967342836
12.0774665625
10.9397415148
13.6138254206
12.4140496322
13.7729126511
164.749441753
13.6413685621
16.498768729
10.1451833017
15.6900821744
12.397028341
12.3138222554
10.4392538668
10.9236615288
12.1647761614
10.5906413016
12.2957833501
13.6325205497
13.85421191
14.0579424351
14.2519562319
12.0421107979
11.9318827381
10.7004983354
13.8974252841
162.839372628
14.5065391378
16.3110247635
16.6021843696
15.4036290719
14.594931922
15.7713560716
9.36426591112
14.0032297958
13.3246828223
10.7849176745
9.69825854629
11.3719903245
12.1895855015
14.3501701644
9.64939138384
11.7442614265
8.16206757341
7.6921453719
16.5500506938
146.217942081
7.01874622075
7.01690133738
8.75265891813
8.64607201588
6.7646623882
7.00393116011
7.4982038035
7.66183590504
8.28580387167
7.91422206869
10.6986316105
7.43937328381
7.41479877813
6.25619234164
5.3332718987
9.84528645183
6.73743197702
6.54309565934
8.44472340217
161.241504952
9.21862608512
15.0345543929
12.2949108115
13.4562812351
12.8350134246
11.7314349053
11.3006793534
14.1564978611
13.3494621552
12.8485624692
10.9519372589
11.8628953902
11.7473317776
10.9537384405
9.81581442881
18.0039623881
11.7017531062
12.8502828365
16.2890301287
196.081413764
9.98342024119
11.9999601516
13.879439746
10.8262027729
11.9542048537
10.9876032441
13.4832155503
11.1381376472
12.1033442738
13.246929714
12.5097166837
12.6477697276
11.6524955137
14.5231277102
11.801310226
13.7490722901
13.7218884576
12.851822331
7.59060945846
200.058553131
17.35482836
15.3473222774
10.4017627691
13.9694294744
15.7909721925
12.2892209091
17.407643482
11.7292830789
15.1749211792
16.5689444625
17.5723071474
12.7347497239
12.5727784014
14.2680962601
9.93286970481
11.686551616
12.6784078461
10.0494925455
14.531079978
202.104360576
7.5396186685
7.49772571539
11.5348387977
8.01493215542
9.05929982569
6.23851132993
7.64767593282
8.46760745085
8.58184019382
6.92910361623
8.07140952952
8.10173579759
6.16911057292
7.01012307096
8.3501385652
7.7650659792
11.4749107103
7.91502363227
10.9300924698
201.112455919
6.23347935199
11.4588801263
10.6228877371
6.71426724389
8.72932206715
8.56847949191
11.1848639171
10.9548566964
8.14700728221
7.04612952381
11.1905017913
8.39355466787
6.80065803568
10.5465254232
6.99759691484
7.35581506889
7.78091825712
8.14887476598
5.6625115495
180.438885154
13.9226656681
14.08095351
11.8997141718
14.7768706391
11.2017770642
11.5374011227
16.2460184035
11.3200747008
13.7639975127
17.0633924233
13.625153795
12.8533910746
12.5231242783
7.74777263629
13.0452401222
15.130271969
13.0170508677
12.6508277183
13.0162902694
201.084409823
12.789011997
14.2610950513
15.2485382361
9.17792414673
9.90950394395
14.1179420588
10.851733509
12.5486561271
10.2823968032
12.1010284849
8.29239059489
7.83849385193
11.6136986464
6.74326112266
10.872587537
14.9671318725
9.81891828428
13.8412762115
6.55738347563
204.947298489
13.1648262635
10.5862918577
13.0675287096
7.84777253601
14.8615706573
7.94462003957
11.7275897418
14.3028612904
13.2868279276
10.0974092767
12.103520127
11.4354851679
11.6014918538
11.6688083749
12.7694084353
11.0351348803
17.3559456656
10.6551493005
10.6911890784
207.567627415
12.7033847485
12.2001732142
13.7963162323
14.3201940725
11.0464770534
14.0735715405
12.0936015059
13.1994494013
15.7104876878
12.5824022058
11.2535878959
7.79338036416
10.4216185022
8.60718104438
12.198939154
13.3094440287
13.5219652591
14.3182392958
13.63173127
199.787933867
11.0371950827
7.55283897209
10.8664071468
8.1269197455
14.1130691245
10.611552634
12.5476220035
7.21065947677
7.17891612793
10.3909267238
15.418533121
7.84062304371
12.3644423644
10.8483073529
11.6479337139
10.9243963559
7.74195400986
14.2659724892
11.8970336034
197.387609292
13.9391491006
10.4442917549
12.9700264689
13.1762067118
14.5943445815
11.8820934598
10.0494002865
14.3593890435
14.4956338767
15.7060050937
13.1983399399
12.2041469077
13.3951277113
14.6741028998
14.2376091422
13.3704055082
14.0885854641
8.98276077988
10.5222544335
199.685416554
12.6113412695
15.6387117333
13.8186154958
9.94656367416
10.8129257054
15.3012476741
12.9584740761
14.5701860963
11.0238657783
11.240219593
12.4798874908
14.4333484295
14.8431287017
10.8035863568
11.3812420735
11.0918356298
18.0643414278
15.9739250623
12.0801766161
207.940659846
11.6758778798
13.7495062251
14.2859764363
12.6473360985
12.4413687819
13.2077022761
10.8197839231
9.93450622014
17.588699561
15.3269293929
13.7182496509
11.3809096856
10.476831607
14.8228742622
10.1332050163
11.9054172996
10.7313737452
14.1640900287
8.92039747519
209.917188515
9.87800887343
11.8914556691
7.36232862204
8.41621271282
7.53497285474
8.35819389754
11.2308589519
11.7737370855
14.3508514223
10.4223191278
9.80402567806
9.65729306579
9.50422235175
10.0925496371
11.5870622064
8.85673658418
7.68628369418
7.1646022925
10.4401067499
206.888230743
7.09738041608
5.95577188546
13.3034134332
7.01112609986
12.973401107
10.8919486821
8.64695156903
13.1167619661
8.78967150882
12.6736448809
5.9522045387
13.6749503212
10.1288266954
11.765100888
9.54414336688
8.44009642278
8.92505337033
10.063369171
7.83453165883
199.591380414
0.148759573566
0.16395953504
0.176229605271
0.172949782645
0.180256309834
0.192259919114
0.146902458692
0.140427712379
0.151246130436
0.164965299622
0.154719090102
0.151459972593
0.183724008244
0.161703470993
0.152791459884
0.15062468334
0.156842943748
0.174606502831
0.173013617004
204.841787856
10.5004758267
15.0581518341
17.1866465573
14.2079585519
12.9927316192
16.7359667096
11.7411890024
10.9511293579
13.8303986714
13.542674217
12.2857593723
11.6849705058
10.8489492685
12.3412905405
11.8033008632
12.0570027395
13.7443038881
15.4083439684
12.8437677499
210.97595141
11.1140983409
14.7032756707
14.7188161311
14.75458036
12.7462149655
13.2510204042
12.235188916
12.3461534643
10.266812307
16.1699631865
11.314743802
12.9657442084
11.3967152336
11.4335343135
10.9183425487
11.3165742507
15.3153291044
15.9345988979
10.8868896127
217.688231115
12.5512754772
12.071014914
14.3357168372
17.314744748
15.3705984217
11.0557879659
12.8784041448
14.1269278879
11.0041866524
7.94398933052
14.088544073
14.1952946382
11.0282434368
13.888551186
12.8460133739
11.5308648023
7.77780238643
10.8430895483
14.6002811746
212.761675259
13.2073353511
11.6558333646
15.4212423844
15.6745951207
15.1317306078
9.06458033891
13.8084675558
12.1435953222
13.0518733375
11.8269487507
16.0708977871
15.0135334743
11.1004725049
11.171351819
11.6173722377
12.5663702754
14.7869293635
10.6253875808
15.4804548556
202.3830694
6.94729342922
7.30490002449
6.6820463611
8.01358608141
9.79259094807
8.06991924438
5.89146899515
3.47750222741
5.03278190449
7.40811589324
5.5444651484
5.54064222826
6.7128888839
7.24601013805
5.19813890313
5.80239015503
7.13468946149
6.08080657676
6.15652771514
198.139553039
10.3081956412
11.7225839239
12.6920222018
16.9869968458
12.7016376807
13.7963988394
10.7811000064
11.5377008334
15.6723410963
11.6976929284
13.5454059119
11.7266162504
14.9228441274
12.7410403545
13.833180446
12.2792700026
12.0440251506
11.4727514749
15.2852302839
208.1715659
0.0735838242855
0.070508019871
0.0608217191433
0.0645848910158
0.0496975864749
0.0997222124587
0.113674933569
0.081832035339
0.0693358853402
0.0959266502847
0.0629242758238
0.0832762289081
0.0650974915073
0.0879121887371
0.0531353595594
0.0681752267089
0.105158736489
0.0825897176101
0.0578854817554
229.033150351
8.28782067083
15.3194640625
11.3729762112
8.04486341598
8.44733690417
11.7439818931
8.14319638995
14.3100409457
7.59622552127
16.1892097034
7.1957440883
13.5565958572
7.89613432169
7.15478014119
11.7444342483
8.60723233683
8.18411983705
8.31196250519
7.43857185091
226.378314806
14.3472299234
11.8719049896
11.8776327804
14.560872576
12.63908373
10.8541587886
11.5031356313
12.0605983385
11.951289274
11.9447468871
13.752351337
18.0722946575
9.95477274559
15.4288414964
12.4343087207
10.8467155928
13.127695855
11.9282946851
11.9946343215
219.627110751
13.7440515516
16.0450435302
15.3098035857
11.5077335681
12.5203236066
12.6900825962
12.4808562625
13.0677951884
14.5138196966
9.99341693383
12.6928570245
10.8803946031
12.3326062875
16.5976075151
14.1450065835
10.9217102113
11.0347866012
12.7672949157
14.6788439014
200.776310627
17.3689499942
13.3844653892
13.6174102045
13.337180265
11.5528108832
13.5419543561
12.2065624113
13.003502484
11.9688484015
11.3980413888
14.2945716344
13.577760597
13.5819519131
11.9515549641
12.5265219807
16.2678807835
9.86288321479
12.0667112152
11.492231758
212.15673886
11.0880576929
9.66745040439
10.609900943
14.8024856057
13.4293973729
15.853596877
13.2272943378
10.8463275095
12.2849996462
14.2064368677
14.7106786509
15.0541511015
9.1729182539
12.1534140142
11.9864708688
11.5189402045
16.6951626644
12.4582515517
11.9681524187
233.920782749
10.6170063462
15.2623125919
12.528968015
12.3302660989
16.8389515078
17.484198073
15.0433072334
12.5715571597
13.5390905952
13.7429341824
12.8103121546
9.90006539689
13.1365526647
15.3681271025
13.4409904186
10.7552963746
13.7440988786
10.1272486748
13.3854006743
237.368694886
11.9370727201
11.8174957543
10.0665338972
11.7297668035
12.5257919852
13.4662628966
11.9013443701
11.2235688161
12.1522587027
13.853412809
11.6049774889
12.8856917107
16.5593015199
13.0802873858
13.729359577
11.5265916453
12.2441353836
11.2798563437
14.6819932043
221.087966582
11.5339388691
11.2278590725
11.3467628556
11.5087826316
14.3909115235
10.2089820893
11.5256690826
10.9687973585
14.5448775985
13.4925279364
10.5629128903
16.0681581741
13.0705699811
12.559170274
15.8679249483
11.5915905042
9.30914620469
16.4107596834
15.5665523948
213.092060706
5.6764862566
3.1161102101
5.65973036084
6.3503117207
6.40574666446
4.89398224034
4.81782546273
7.31665788902
6.01862712086
4.40509285014
4.639215052
6.8445541016
6.24809278929
6.27519586215
5.13312668386
5.99080402546
5.01660703905
6.1646155115
6.55040534621
213.883821134
14.0004564026
13.5249854531
14.557645758
12.1503092393
11.2901338666
11.4243176517
15.0300614459
11.0004993269
14.7902340116
12.1681250147
16.7816953833
12.9930249568
11.3125932489
12.4431391447
13.3747275876
16.2878156757
11.3808761278
11.7411611113
11.9474088315
225.092034214
12.9592343906
12.3008564947
14.1826902647
12.7178131768
13.8721298115
13.1556631036
12.5462657189
12.7178543731
10.891052036
11.9636713105
11.3466759334
10.4569724659
10.0457935244
11.6582569571
11.8598176143
12.991900584
12.1751240027
15.779754391
17.3790043824
247.267551247
14.2107112454
16.694507048
11.4236894135
11.1493873218
15.7914019302
12.3760284934
12.2881095779
13.4471412525
15.3665677681
13.776533067
12.0287532787
11.7034293585
12.2573591256
11.5948741194
15.5488028534
10.5565557922
11.6127898262
11.3434623735
15.4700408873
235.794795103
11.2056858458
12.2003432233
12.5997729984
13.3599794752
15.5834017409
12.6992649924
12.8336596568
11.6750520144
12.371540272
12.7542878412
14.4964966808
14.9027097438
11.7548207309
7.93854654063
12.88555445
13.7432983312
14.0511956363
11.1335701203
13.0556089369
217.220145573
12.5180836343
15.557909254
15.8224448463
11.4913422666
12.1153759676
15.8773005283
17.3135335668
11.9148267004
10.0387726346
16.8839324443
14.3855014848
12.7402599165
13.254784906
9.6354011193
12.8774363469
12.0167742819
17.375223339
11.5217070156
12.1470897035
218.756774188
11.6768614565
8.54205256318
8.71719520472
7.54172312222
9.10702011978
8.51731668087
8.40877299342
9.12885884478
8.46212194666
10.3516100547
8.58649296606
8.75538416874
10.5987390891
9.10526896784
11.4465521263
6.9898789626
14.2929524098
8.88198911093
8.72674403302
224.41522454
0.0910601908765
0.121825295652
0.128352224288
0.338760480936
0.220630579124
0.0883697724251
0.0814772061064
0.102270521812
0.0832526807472
0.315245473293
0.26881470885
0.265544949374
0.180248763019
0.215095072867
0.264141687432
0.0721615181414
0.200867169902
0.0900244689759
0.211712518662
238.499032402
14.0059379403
16.6529483337
14.4794248529
11.0884368483
11.384304521
13.1608178381
11.5052754617
13.8999891838
6.05320968534
6.18092198358
12.8847468811
14.4217754347
12.762799344
8.45429946524
10.0819583777
9.95153430985
11.8694315813
13.4623424029
12.4688428525
231.642532543
14.656023775
14.0906196424
12.0567049261
15.5703295716
13.9879069778
13.3545057324
11.7692721012
12.3215161959
11.7783432769
11.3282134016
14.3964920676
13.7544412052
16.030633637
13.8865113571
11.1804817558
13.8925954948
13.8296176358
13.7145585455
11.7783342626
215.637740951
1.69599937105
1.51653603666
1.58988346777
1.2200616011
1.16777900389
1.19164376427
1.08007527667
1.18186236944
1.15274962725
1.16432057612
1.19922496087
1.19942023527
1.16298995688
0.832304569786
1.34109957056
0.961677730174
1.21063746547
1.11381513008
0.874451385474
207.550709138
16.1149830691
17.2238495308
11.67232332
13.6361801158
12.5047026178
11.7303419035
12.1250237582
8.33639802795
16.4994252995
11.5400720083
11.7211118035
17.0269301365
14.2094300985
15.1714474389
12.2678889051
11.1335517866
13.5129867334
13.3346979279
9.62157079131
211.598013195
12.858967528
14.0201093496
11.5014326643
8.98009917687
12.8829881556
12.6645868054
13.5020875604
14.3401027061
15.5442151176
10.1883443137
15.5044244336
11.4601376459
13.6351044288
12.5547050126
10.5468021141
12.7024845788
15.8559523328
12.4467476525
12.7681978732
239.636460836
13.6271784931
13.4910739732
14.6558060132
14.432471775
13.5668381689
10.8488121876
16.2522549448
10.2012486964
15.4155552203
13.8312319067
11.8612314542
10.6695832567
14.1629796256
15.7337462825
11.7694330428
10.7544446171
10.2650077207
13.2174046062
15.1551697576
250.068033018
14.3346818035
16.0184909777
11.6305854969
13.5680182938
10.6196934608
13.2638398773
16.3595483459
14.8462449959
12.3410748955
17.3563619327
11.2992471968
12.4010088944
11.6202953243
9.84128918489
11.6629107137
12.4036808324
13.5340026214
11.5673789205
11.0422902408
215.025541664
15.0211041556
12.1584993711
16.2898428743
12.1461197807
11.4477320412
11.711767862
15.7895682278
14.6188503137
15.2138287185
11.0372898287
11.4509193038
13.0950603173
14.1237431631
13.5843156777
17.7187771215
10.5912795539
11.7134826785
9.26482958403
11.8386424554
203.839373453
16.4643919409
13.1152757874
10.9751272672
13.4401579815
11.2337917906
13.0205084393
16.7623623457
16.1770925489
13.2383846559
11.9542287686
11.9995956133
13.7853341523
16.4415325588
14.498002947
12.2824018684
10.905042211
11.5065703993
13.7871052086
15.0930539531
209.659844644
1.16991869337
1.26054159983
1.13598203139
1.20601178985
1.44202389803
3.19187525461
1.17055414827
1.17112279346
1.1704409378
1.1622699894
1.13653608381
1.21721916061
1.17118245809
1.18351327668
1.14112563998
1.25372063182
1.1334794077
1.17867138147
1.19883375988
234.925516679
11.6878676044
13.9253162854
10.6715947995
12.7159650852
12.5510116776
15.8785864755
15.1364430279
13.2296340397
11.5152808921
10.5268811255
11.6629226356
15.8685334532
11.0039387241
11.9858157574
14.0490922647
14.4021826122
11.31173039
13.7188410425
12.8974757677
245.563991154
15.6813519925
11.6908130114
12.3571407545
14.6955941868
14.8962988626
15.552612131
11.8595751354
13.2319001061
10.0388236671
13.1855523331
8.112293993
13.6330314443
11.6318320566
9.68819060031
7.44622113409
15.0352908204
12.2172303887
13.0123068814
11.3137165226
218.204577471
6.64957787928
6.77213114787
6.63321580003
6.17265274664
6.25069553352
7.8474487228
6.30477712503
4.77171961964
6.22566709953
8.37646769692
6.64893762058
5.11709525277
6.10900141856
5.72776108257
4.95146051907
4.80655466723
6.69191125155
6.53258115968
8.06717422526
208.690736685
8.32461502381
7.06456651659
9.03978120748
10.6583821704
6.42457244196
7.45163461296
8.88615106088
12.0769472115
11.194524625
7.82735332709
6.90064861018
12.4310692793
8.84604778093
6.27824493117
6.46973095241
11.5785886768
6.15124683312
7.82159281568
6.46326242386
204.462708511
12.6438292235
12.4613851487
7.22026126034
12.0499611425
14.5444106168
11.9126771651
15.4267104316
15.0252522337
15.5796130254
15.0549562618
15.2925005855
11.8256464722
11.5244982245
14.7129082717
7.58779430572
14.4074739102
14.8141602069
11.932607846
15.1877553139
230.663704438
14.8227928886
10.8679208833
11.1210653128
16.1481452966
15.3956298921
11.0644118972
10.3404800565
13.2293745559
13.7403459522
13.9348200013
13.5251928474
13.8497798948
7.98684885758
12.3632640122
12.5506240969
14.4566542046
13.3157388124
14.882304046
12.1263848475
250.732785322
13.4175239747
11.1178229478
13.1255262114
11.116028661
13.8621785746
12.3833132089
11.1053265832
12.2185161647
12.0633471849
10.9767958113
13.8159048987
13.5252949895
14.6270716223
9.77341526166
8.84761365112
12.9252649898
14.8368052265
13.4847029232
13.386637942
224.314656254
0.116910225216
0.0880542808884
0.045109107788
0.0533720791606
0.0585960853273
0.0755586838156
0.0708170401096
0.0678180853478
0.0635070917919
0.0711066125715
0.103648779601
0.0777528381908
0.0555631489813
0.0601549414585
0.0611319636422
0.079174001835
0.0590044392259
0.0996307180168
0.0598168962094
202.548751033
12.4538789315
14.0150432623
11.783909928
12.2618522881
16.4661035893
13.2429789208
15.3006355566
14.0383823024
13.5867905629
14.3453611833
13.7490694528
12.374736866
11.0165620006
12.7038252005
11.8711887621
16.2144526507
16.9972020708
12.3077242264
11.7041634312
203.06149256
14.6380966504
16.5427356755
9.71948922074
10.935961785
16.2169850868
16.3806995367
12.7774203384
16.0710455728
10.4078085526
12.4479825871
10.6423540052
11.4303258418
13.6707791774
10.8647231816
11.560778869
10.656478793
11.5047101854
14.5221621075
10.7772857043
213.7778627
11.6864571555
16.2523499471
11.7570662633
9.35448732244
15.7210711556
9.0230264523
11.7026401452
11.0136161621
12.9714943022
12.7858230894
12.2556708886
10.137420804
14.0219884656
14.1160464385
13.7883518464
10.0350576522
12.8966822934
15.2114160191
10.6920503825
236.867923066
14.6562895117
13.142691055
10.1606340674
13.8531971586
12.6674539969
14.6861548271
8.14107444436
14.3692616468
12.0375107623
14.1984399114
11.463897887
10.4363209005
13.9113738332
9.86462885284
13.8540388302
10.5828672634
11.3144658502
11.1715959468
15.036109305
236.748377632
14.5700228799
13.4484712274
13.3585667583
14.619874269
14.1788942687
11.4148435064
12.766139513
12.2639431086
11.7229348677
11.6885883006
9.12372889574
12.4989656325
13.0038239318
11.3291623756
11.5434595971
10.8510440546
12.3356764372
11.7056056748
13.8723867938
207.923083617
11.1587546106
15.007974514
12.0610990841
9.6232907786
11.3705188937
13.3745783725
8.51729379526
13.7739093514
12.1582166135
12.6647680407
12.6892552173
14.7676511207
10.3472801012
14.0303749163
11.0717484973
12.0673955762
7.62079843465
11.6318096398
12.820954586
197.504120591
13.5241090312
12.4939430729
12.8483343027
10.8700672843
12.4072592218
11.5882317286
12.1507978635
8.18191140343
16.0004842784
8.70385250158
15.5053557941
10.7087784725
14.5431854737
14.8749033697
8.32111259666
14.3044516592
9.57953166992
16.287338856
11.3399050583
206.344544406
3.37896174993
2.25427954498
3.39288436728
4.40611679536
4.10563823165
3.29982239517
2.29427326599
2.36466098388
4.57206906194
4.17257537959
1.73432786938
4.31487833749
4.45187501207
1.2361423604
3.49587939048
2.97765883446
3.59610646805
4.55574178756
1.8472136359
233.886501134
2.47120015484
5.51022818699
4.47030104787
4.82809609452
3.12036287353
5.38858874086
3.19762169547
4.81642301803
3.55987632925
3.58089553554
2.67456650595
5.56957827
5.3251907647
4.42692360136
3.23222994358
5.10163426687
6.09892524642
4.17426851945
2.94117511662
242.833477526
7.55932436458
7.04717058563
6.47665852552
7.06850208064
7.68377639237
5.81709022915
9.05796834293
6.59731912667
5.34642461512
6.72907050209
5.93685442326
3.77382293242
6.43590786221
7.35910033657
7.0742832806
6.38878429974
6.4230112079
6.05765933131
7.38778870454
214.277757791
14.0969372082
14.540467904
9.85016588363
13.5467323374
10.5244792639
13.2552068118
14.7232966995
10.9253901952
12.0831196232
16.4847230512
8.76778433269
12.7606981954
13.3199619412
12.5220856949
12.5474381542
10.4215970419
8.49004271764
12.5663843175
13.9060373452
199.58859193
11.7816376857
13.5929340271
15.208400159
16.1529621038
12.8369650264
11.997435503
13.2693277437
11.6812666162
11.1535467069
11.5343328834
12.5731628458
13.797834834
12.0151031823
13.7796354422
10.7941363713
12.0610958412
11.9120206449
14.5582156495
13.0670946507
197.43644431
15.7401949951
12.5670133741
15.1884662862
13.0878133874
12.7458563793
16.3198902701
12.8306212277
13.4798427367
10.5896709
13.8738689664
10.5859160939
9.89317457806
17.3110640641
12.0913404127
13.1513267801
12.2238018235
15.6451311596
7.34689406563
9.79459506048
210.690030508
9.37922831329
8.56235869281
11.922785143
8.32875156946
10.2007674449
11.6829361663
9.60130742415
7.82579884301
10.4706399679
7.11301212017
12.3641718368
6.62230801491
7.89223874288
9.85522605751
8.33110618694
8.37407780748
8.72132249945
7.94996722727
7.11764841223
221.887599852
12.588411342
11.6360848755
7.95119959762
8.06269866814
9.28689228687
12.0426915433
9.26705363763
12.4272884283
12.6891169991
15.0763767208
15.8522097693
13.5449096688
10.8713962658
13.2364192669
13.7696479978
12.2361422992
13.9335853576
8.76401387968
14.1471335803
208.34340861
14.2866658388
10.1796738885
11.0316610766
11.9236462839
12.5769998521
12.3828184251
14.1297100139
10.5359615089
12.8086822708
11.0241892051
13.6182330748
14.7076745364
12.6328101239
10.8041070709
14.3290705127
16.4642977547
14.2791265797
16.3259793742
12.3784833287
201.406111815
7.99564848818
5.43360790937
6.7782672958
11.7497857391
9.24733271525
6.45510296605
7.83831141536
6.24090156015
9.02320232504
6.72678247137
6.1041395217
8.64074764492
5.89446747844
6.22271073976
9.24178853406
6.25924041262
7.38453827919
6.65979371307
6.57720595912
198.154869499
16.141083326
12.685491016
12.1064910277
16.3560332761
15.3967659392
14.2921932067
15.9439708824
13.0721216451
11.7889007498
11.7003777294
11.6520317401
13.0258012228
10.0280043192
13.7254712817
11.4220359932
11.962963877
10.3625971505
11.6515921573
10.1551165007
207.635529528
13.036481274
14.6388957533
14.4975201974
13.2920567476
13.7296424043
16.0464316094
13.5374173139
12.020351529
11.6931554112
14.0988354833
11.4198111552
13.4359362545
10.9609729802
16.4832335033
13.8458531629
12.7038384526
15.7164005306
12.3073945016
15.3983040919
224.772570045
6.12278466709
6.23287762899
6.35748136352
7.75633173811
5.09632590129
6.89523852733
7.32473698724
6.39266692263
6.34129619426
6.57306351165
7.52321314653
11.2687101233
7.62977656558
8.52006865262
5.15221066546
8.52508359132
7.61929592815
6.83760361799
7.26523259787
212.283805837
13.8295358254
10.1004833153
15.9937079547
11.2988997103
8.75399958004
11.051927393
10.3286446108
13.7920326456
8.26354796392
10.5910973736
12.9490431679
11.1618839687
12.3647689872
12.4319526912
15.1616022302
12.239959376
11.6888907352
14.1786104463
16.1013835883
204.499216618
12.4117318229
15.7541634883
11.7068630203
12.4872770204
11.8165801463
13.2533207356
13.6437530302
14.734140343
11.2270420375
15.9579237354
14.5393089282
10.6557506909
14.4821753201
13.1520413749
10.5309229394
11.5983576056
11.6413871747
13.2293237193
10.721056976
188.662455088
10.6517056419
12.0020402702
11.969908776
12.6611695943
12.2110512972
12.8048719186
13.3171739489
16.7515682534
15.0464952183
16.1232804617
11.5080721314
12.2027558746
13.5805806968
14.6833250938
10.966435176
13.9619081275
10.6139885307
15.7625638956
10.9587526864
200.099827278
13.2395697709
14.0443733787
11.801389091
13.3948580365
9.5237139545
11.4004683597
11.9922129819
14.5899448779
12.1252224487
12.3777760459
11.4972663093
12.1057621271
14.9659248653
12.4600375382
11.0804942658
15.9954241599
14.2083598916
13.5076090352
12.6546006666
206.326266977
14.6401884175
15.7000753424
13.4542946415
13.7640371979
14.4508279221
11.0135715265
12.021658532
12.4994024993
9.84971445238
12.7351846946
13.7147509672
13.0290531169
15.4528218761
12.0848269204
11.5655660971
12.8264226105
13.3958865327
15.0281555483
11.2353649659
203.610239542
10.0521153682
13.4073463226
13.4174543867
11.6538586062
17.5123112134
10.404392804
13.3704169233
13.426395433
16.3753416988
16.6501882827
11.8458824037
7.35553073128
17.000403014
13.2280205895
13.5378805076
10.9328402721
11.0314336658
10.2826660913
11.0672374025
204.448868663
7.95088498235
12.7396672751
7.13926070726
10.3276746009
9.23214970743
8.00937894467
6.60622561489
6.92371832543
10.2152708479
7.93510403251
6.94247329463
11.4463047077
9.36780171328
7.53623179729
10.816014701
6.32106606124
8.10205695171
6.5737490477
7.60990952349
186.43652061
14.4672842836
13.0758046629
12.0021883207
11.6532669676
17.5064818798
16.3186559129
16.7196468589
11.9550149261
11.4268641635
15.6443414232
12.941671858
14.7049655128
12.0968041284
12.1350081649
9.19842523341
15.6218194796
12.458404793
12.231720818
11.7697126899
200.696075857
10.5870907436
6.05769696565
11.7289135024
7.04948050468
7.80111969501
9.6981764866
7.54662769386
9.41501430947
6.46297295008
7.03939801495
8.30862301931
7.11982645869
6.71612069486
6.76837696105
8.8720831996
9.91295914185
7.24497624037
8.41832922422
11.7488515602
207.291472837
13.34026932
10.8475601714
15.6885625943
14.2881128329
14.6518206583
11.1872091348
13.4866597946
11.3997037807
12.6290771456
14.8790924365
10.392391726
9.43765360214
15.467429018
9.84749556702
13.2420038398
10.394241131
11.5493087447
11.8008268369
11.679503126
200.631402075
12.3031315388
10.5988979631
9.61832014408
12.6559598989
14.5437281523
14.9314884143
13.424132158
13.1334189993
7.67939394789
10.9353972811
15.5160888355
13.4084108535
15.2477862791
14.0765360172
11.9159145502
8.73774779579
13.4481486887
10.398097761
14.6567961616
199.030542691
5.80285514343
6.46788834211
10.8046600234
7.96229270844
8.7371071556
8.07097422815
5.47087310801
6.65424619225
7.82491425145
6.2000831219
9.35328488099
6.12224151319
6.44505964621
6.80010009947
10.0273026261
11.2979228341
10.4647520973
10.0244985752
10.7083653706
182.439949454
5.70673381984
5.83549742662
5.66919107766
8.93482698048
6.53611169385
5.41605345058
9.194015019
5.89359403945
9.4165177508
8.85785854011
7.23007745853
5.72680457719
7.57968508852
5.50371398603
6.08878468551
5.59950377303
6.29708624157
6.15921950834
5.46140527491
178.960057865
14.6741297615
13.7950840314
10.6761877017
11.0129774956
13.3260879305
16.8158966605
14.8236935489
13.4301625996
9.14132340598
12.6585235805
11.8009521021
16.107022221
11.6786045401
12.6282130023
11.073354487
13.4067675405
13.2427133441
14.1887500945
15.5650758486
197.348500052
16.0556107242
15.9129438565
11.6519224228
14.0995287558
13.055218058
15.6416636596
14.1831776025
15.8849914813
11.4244177116
15.2004147086
11.9504036864
11.456250449
10.5659766837
13.5266404198
11.8444704848
10.6605541129
12.5466970151
9.66895589776
14.0558197183
202.8788839
16.6228867712
12.6321527494
12.1972276666
13.3297409382
13.8779866566
13.5717007714
11.5662151812
11.3962539524
13.8562182764
12.3843590088
11.1632886784
13.2251117679
14.0631579047
11.316191243
12.2321609184
17.6443699531
16.2859333235
14.3296734811
10.7201210352
196.556608737
11.2842700501
10.8979339119
15.4935623042
12.1040938068
12.1159458271
15.7668191262
13.2655995905
15.909720134
11.7354757081
15.9580093802
10.7883309075
14.0746588498
14.2364383938
11.6339204103
15.7684583312
12.5633210413
11.4656662895
11.4395284324
12.0958943946
180.386245953
