623.505302294
281.998399676
285.63707093
276.305898386
285.774915124
288.318334018
273.000522342
277.009321146
272.809240296
271.142024172
284.714574219
280.809047494
269.225717037
271.199901107
265.074307364
271.293801366
274.022019381
276.284753587
271.931437683
384.788310705
289.464125382
278.081332259
263.907227229
291.840770004
274.346595026
284.736290511
276.032495995
287.865415073
279.974421199
274.014249263
281.322371842
284.888728958
302.584931081
292.466634974
263.288224947
270.720491308
276.077623902
274.645210558
264.007869485
376.268132041
268.500498934
276.415182836
280.112806343
279.233034116
276.488809781
273.4448182
256.444213604
273.181874908
279.692091622
291.552925048
281.244160464
270.911686252
273.602914343
268.234158095
290.529221644
275.812472435
293.696592244
267.109240189
297.173476551
410.979894789
258.385635268
272.74293228
286.153117682
284.060965729
277.887040049
276.593664672
280.251181445
261.511685888
260.210268681
281.046668868
287.474750487
271.92486904
272.639342528
282.191420035
274.835271987
266.487564458
278.872065109
276.27390845
267.196210534
399.537159128
273.771240862
272.830249187
284.779892698
287.466017129
273.248429593
273.702707653
272.439575624
263.934954238
277.316522768
285.780414839
279.588001851
271.600201606
282.320812377
289.555582396
279.69584648
282.494541071
276.446476237
280.769717995
278.91215076
351.416202507
285.41759631
282.275832432
285.496034286
286.122290043
278.676516924
285.993465817
286.219278127
266.731490138
287.866387736
269.747142884
265.432913135
275.255216041
276.142991117
263.779738539
281.684912774
279.45833417
267.5987907
281.901898518
256.397546249
400.571457028
294.879182922
295.669695373
273.41085269
266.518936098
279.762047184
276.39486751
268.247004021
272.645533846
294.287691919
272.289996972
265.480165517
263.760721627
280.682005522
291.082830783
272.147167275
280.044930164
279.221676715
273.068472957
267.250229242
512.080076375
268.597772193
259.219325864
264.355538139
257.933307475
267.288010694
271.69272566
281.38501648
279.766841135
282.129416457
276.288476028
259.050057973
266.277067257
263.841355725
263.118764548
283.931886652
270.821460289
286.217127992
267.967657002
265.857673462
543.898254896
261.830775709
267.964816644
265.051202868
261.703979582
255.799374207
274.617658567
270.402552693
282.49775346
275.789046642
293.879705327
282.199040145
271.725551586
271.514704184
283.258533721
268.117059837
274.811109349
292.472358123
265.110985212
280.22784061
539.876084974
261.361598583
279.116439944
281.270103813
294.35818421
261.878803936
281.52855387
286.321602015
265.981715621
272.140929303
290.420153804
292.744770165
284.405516042
263.902614031
282.046862509
269.537410748
280.002427854
279.535375422
279.344783565
270.896554982
545.003199478
290.746958478
277.711839653
282.125740784
294.479415967
276.998220482
276.014692385
269.052993698
279.220494514
285.875347593
280.741128005
279.826835559
259.562814737
288.404575104
277.303573806
277.983622838
275.753341935
280.328499154
270.091653963
274.283720892
455.826454102
282.601312726
288.706675779
277.398796566
279.491726418
280.075544786
256.439368595
272.538623189
265.016968865
269.902333018
283.598310917
281.202437873
279.920647505
281.865263312
260.471191134
269.457191257
267.00636032
293.008393243
258.618968811
272.377348403
542.548722139
281.019369142
266.477798694
267.01177471
264.106258036
278.626781435
276.10259847
283.707274225
300.145707713
269.646902434
273.805175445
274.427793286
272.571067194
287.471598556
270.113863759
260.298773298
286.628357247
278.969692356
290.600777403
274.438594473
571.03575696
259.862509386
274.155502778
276.482077924
280.105143536
274.894886368
291.911298854
289.330348006
305.653742198
298.475069238
273.851619652
269.499717733
283.837167067
271.353074705
281.121960874
263.600293659
273.420570103
271.323139062
289.838785781
291.03083587
572.619740275
266.567795112
255.568078811
265.579918671
270.047395265
287.127320661
270.605201999
270.7347452
278.731880983
288.420351334
258.767538704
268.137868898
274.842302161
276.066445528
293.701188315
278.499927829
277.024034325
271.329720531
267.932147706
284.99415262
541.717082989
271.040805045
286.238780365
252.765769065
282.79456464
281.284088411
287.23942605
280.016082529
279.36662977
278.861279903
265.441863107
283.880016139
280.166546641
285.040764021
279.904117213
269.220229141
268.134267071
281.279314914
268.872302753
270.03844166
505.978126057
276.114996912
270.981385797
301.217310096
286.951275735
286.862547996
271.92161784
281.392175482
285.820629892
279.54235334
256.974655052
280.941973646
251.866049115
272.169800854
267.8201305
277.024133884
275.587126543
281.70315805
273.906895094
260.593685088
525.786726146
279.312940849
288.463681406
268.104852405
259.306341858
274.864540289
283.594271806
284.831967927
283.31678853
273.269600605
257.356989094
300.051709339
314.965342689
280.927951282
262.246625864
303.303220691
274.378743258
282.763068454
279.385549037
255.391880776
565.73703627
281.91572887
305.315554437
333.026112863
291.032660346
282.29691518
288.198533547
276.417132699
275.450960864
272.552826656
265.572174794
266.324535991
285.787051576
343.33984853
286.752853448
263.483244053
274.077630188
273.797959209
280.896159974
271.321200062
584.603274522
272.982666475
266.839896329
308.379390851
275.076935412
295.768452161
281.454245358
282.351493535
275.170602369
282.570043794
277.743449424
263.744861608
283.087470382
284.300693632
266.711079545
274.363258136
270.351841085
266.264611112
275.0257466
273.485756192
566.438300037
286.131495295
271.484683555
285.835568207
270.918446265
270.91439968
279.250534206
280.036391537
272.740450649
268.955581573
274.839014888
294.587750368
282.660059783
273.342035247
271.642995315
275.973168234
282.286424577
278.350558916
279.370164159
267.337363277
537.53007342
284.744081135
291.986838667
286.307479777
282.052289285
298.217566827
276.617382195
272.933992841
271.51830319
271.489786031
281.683594485
282.352790546
285.201261496
275.044584226
276.66682161
280.980317371
279.922404613
292.363165361
286.63306972
281.488551644
554.690119158
277.765980588
272.280157174
287.893839948
258.955113162
278.55223526
280.224448412
279.637732115
273.225787775
266.924336919
265.6296834
295.817913557
262.262269467
280.666052699
256.42994575
262.364267167
326.352297926
316.133631224
321.245235279
296.766384845
572.359957865
252.088618571
270.220364266
262.545778014
269.998557943
282.453163407
261.266105542
329.689055315
339.255704461
329.061963639
281.127384549
304.683404566
259.984193318
271.161026806
270.312490672
295.133816628
285.94139237
318.112685378
309.83380014
322.861662652
581.659557142
297.671547601
312.516482749
286.110728327
278.552483025
286.227721554
266.516996678
291.59968574
303.599195701
302.844351427
303.870494489
285.748483477
284.999752275
279.749014818
285.968116495
269.553191139
275.822089621
267.293712231
265.853189163
273.87751664
563.367490287
275.391379212
279.077349767
258.928421341
273.272364021
279.088037726
277.6648819
261.241556096
273.463378647
270.66388109
274.328745527
279.516186841
269.641005342
286.767358732
274.833785582
278.604150496
284.849896955
278.685764153
284.123798421
270.901031787
541.491882389
285.97494933
276.966670742
275.110124691
284.888581452
281.96758135
286.26891092
281.55722276
268.713768894
282.910657415
264.840781469
267.389912439
271.623012432
266.555067477
261.70250293
276.369888422
287.014651365
275.040070169
260.660871155
279.550923725
531.342467922
273.461242492
284.100005943
286.27675854
272.403124515
274.451119294
262.996317975
262.342656269
262.802374889
269.952869047
294.599662256
297.479567839
292.781648356
304.426440792
285.336746134
285.734646776
270.709377303
288.275972967
284.910180704
270.624747853
569.063975695
282.10823721
320.75538357
319.286391147
317.493080469
304.420711428
298.800622906
276.030773765
284.273993402
297.702459601
294.972189158
295.845979857
311.565975329
340.095888727
344.662807935
305.804516128
302.14742196
287.713288375
306.285845907
283.517026978
604.362750474
295.835861854
293.597369623
356.27122873
333.861901722
334.507711353
318.62783972
318.499063173
275.855822004
266.624354869
268.044071253
286.384321783
278.225050267
331.919320695
317.595787052
320.992723201
303.505110041
284.798431761
264.580653775
300.005801356
577.290859446
274.717862905
277.55566325
278.429866677
264.591827104
294.973783516
286.096374875
277.69909678
276.193782817
272.422858438
267.046697002
272.578776059
271.323044112
270.400151901
291.783948084
267.177678326
290.501308037
267.521893173
267.717022249
269.484153054
581.915325826
276.984356067
287.215041647
274.239398331
271.880879641
261.836341891
274.933684385
264.039260083
274.168392971
275.499272821
290.714096812
273.411805533
278.41615291
274.79955492
273.351768787
281.642288519
274.716202903
273.970707675
284.235940931
277.917284051
538.831339579
280.756778025
278.759234835
271.289779654
284.798414296
290.580416389
296.188951397
284.95128681
293.648211427
287.686795297
272.845914211
278.062568779
271.04302665
280.383218352
278.731472002
269.435506775
325.447968565
322.510284425
328.236462599
305.841641923
557.418300781
289.078128782
274.126200333
280.614240065
293.656679422
284.065405117
306.906317022
355.522907199
346.197863112
336.545563392
295.564786115
303.865004094
272.005228192
264.517812975
290.874681036
268.924617484
315.515997989
365.716886173
347.564458567
360.243782099
605.696824714
301.34585704
304.965472696
299.890063266
281.285427468
262.834462501
307.790726656
305.649743688
361.719405114
339.510500722
344.974726734
334.099289233
305.368882898
280.160326394
280.849880312
268.6080092
282.54296502
301.18217448
332.983537586
334.915314
610.358276419
343.017180445
299.55013869
302.045913224
299.941089653
278.811930534
278.302879952
279.270748668
274.04314829
326.500778612
302.667566904
272.237953358
271.960789733
263.419646789
280.22253773
268.542566459
267.614694181
275.803416421
279.455108988
265.092296841
579.045276915
282.285683805
270.12688913
257.112086564
263.300579967
276.610884553
280.949295838
279.455810102
267.456353721
278.359576993
275.481940398
270.886637471
275.57342496
294.258298426
267.165486894
287.697910491
277.293546438
281.595235584
282.500972488
287.102378696
552.588781285
285.279560574
288.630440801
279.162391121
286.876943973
275.91392437
270.236243134
271.115038202
273.392482378
265.488960419
291.736290804
300.363993659
317.764431297
280.055645615
302.94521492
274.395857398
272.718677547
277.047298576
287.198382827
276.554819638
560.681385269
301.405216381
328.795132711
331.73453936
331.829517648
309.904271215
285.776118453
266.957918702
265.64610268
265.030788555
288.708378107
304.251044528
353.241710446
347.353936284
344.289994749
331.942613082
318.283118821
269.602656289
267.400504995
271.68161963
585.806004885
308.72459296
314.713610328
354.797378585
364.166765161
338.459013319
325.543518325
310.027822311
276.721197078
269.96207823
268.9411309
305.227532036
288.219046721
351.35801413
348.381443451
344.819842349
308.501807368
321.412135494
264.254727068
269.433327741
617.256322118
270.058427546
263.3534496
296.951153436
348.21197498
317.585661147
345.283365421
310.177840686
324.274358594
275.135283519
265.626876831
272.973141339
269.597578793
294.001004577
316.915091186
297.018616778
294.948517856
273.864769954
268.90679834
251.069804806
593.432124774
288.779447931
270.758137193
284.297255104
284.770311342
289.740418075
278.374088369
280.349435132
275.819393576
264.351057246
279.797927383
266.531100264
276.010152051
277.335277467
273.485938818
273.643340534
284.249145604
269.380693036
270.177414018
289.859660196
589.491820567
279.275040642
295.416781921
270.477567897
269.533849749
274.968382881
301.005342753
284.647617092
301.02964516
268.514292399
275.777245717
281.111390644
286.358756563
273.900211529
277.448247898
286.037074726
296.938843065
313.015275748
287.777631811
299.316765839
570.468644491
292.739824088
270.983807561
281.321690311
266.989915347
277.696278403
291.819284146
354.328681981
341.17504929
363.199528236
290.461138124
288.955748417
273.84629991
283.040891877
301.86065449
332.643994212
291.332699842
338.199900541
344.46921357
336.979413794
585.302813478
333.590076105
328.763321324
279.226101765
287.187744083
267.732416777
308.819311194
322.297411419
354.848611262
362.583838773
345.595334626
325.56704222
316.174437857
282.171518806
280.223957065
273.790017752
313.843245968
297.322537451
366.664509527
363.841622548
616.310199311
377.015952703
326.783766174
325.134050096
266.702172533
270.428683657
268.280890103
297.892055296
304.105070139
343.517548839
356.610619399
340.451898256
291.268857552
300.701752901
288.680629572
270.373038061
261.427282497
278.830969046
294.340522699
316.45450376
600.089533805
311.247333249
307.581320563
297.466279324
270.405802982
282.113393394
284.734117578
275.455635379
268.973221388
280.145176275
276.744332155
289.471383342
283.712436548
275.239730008
271.595371884
274.617248092
272.098107241
289.311218527
279.544942178
272.412352409
570.236211798
285.233468905
268.406353734
286.322659854
284.065578219
277.640597159
274.725759757
295.622652454
282.780914069
270.192710508
263.165639486
290.949704614
281.555567991
301.639973688
268.673137956
271.040734165
280.732776641
288.532227686
293.889407438
271.097849536
545.528151747
275.914299254
321.81279103
317.908359025
295.263586233
280.298303547
272.788802016
263.448386838
274.859684701
259.358854556
264.798550078
288.078084931
318.155551944
321.559223746
314.534345273
300.335211069
303.945851426
271.151203431
264.33900468
264.223818303
559.569982838
287.216668094
317.317665453
327.581492408
372.617619706
333.067700724
317.173885455
324.048253896
260.319318426
264.077012577
273.389537769
311.007357914
304.063353116
349.649285965
351.740919986
352.658390127
325.970376051
311.926977976
273.264540304
256.209824324
620.710724388
269.809058705
314.283993996
315.559679848
357.444662981
339.775973112
371.156630105
310.428345497
320.365433796
258.863046658
298.945252728
283.840734773
312.34358563
308.629912447
342.792020059
350.852501329
332.724898575
291.248657367
289.625448556
262.387277076
631.666271998
278.976105539
267.938965018
275.197334812
290.288700262
299.732154531
328.500627045
303.785229209
291.635158325
274.446678265
278.275734114
277.589520872
279.827146251
273.221555408
287.548243229
274.995367018
297.473968363
272.882976548
272.340241909
265.102587993
569.230580562
274.715058019
276.458120755
280.511265637
292.492442255
273.176719862
268.347471803
271.18264968
267.82863367
266.051424749
271.18585798
277.304797475
282.304041236
283.640740723
262.133513739
284.96134165
284.327323799
289.378124414
266.528053382
264.043650845
545.159467723
279.812319348
274.552174967
270.793032716
280.44165223
291.151823828
256.030520601
298.604692756
298.343284924
292.028273681
290.289512455
264.725717252
273.792126415
280.70970859
268.77905164
265.769901415
300.933675477
345.948912142
346.338696698
370.02157379
560.429195817
305.938996625
296.910780024
274.29033499
274.732179917
267.23912909
299.065417051
348.779270834
344.209869913
346.697313352
346.968951815
329.071368567
310.585440896
276.285741475
281.977384052
271.315825553
308.245675114
299.792292607
347.633069609
367.763222473
607.997828117
328.55576138
323.150205677
331.437369303
273.870790442
293.122883147
276.02335178
325.548268571
300.761481246
384.749043257
359.06771802
338.75895258
303.910206525
315.718038039
279.162889861
262.537372484
273.171292559
309.215838693
317.484310198
347.169964953
650.871815863
341.137213706
333.622535011
316.771751766
282.173974541
283.80609544
267.830715527
275.642784791
264.859639135
267.359490315
295.693667815
332.39088557
320.170352291
282.538750892
297.874316341
270.891260205
280.92417087
276.798332372
267.728382551
273.355026332
572.784888046
270.34609889
281.854779015
291.009687641
267.419137779
273.036691944
266.117284479
285.049007275
283.260276743
276.798295324
278.088877428
267.854863034
269.498381795
279.160751022
272.628092548
285.828705482
285.960015918
284.733938703
274.85295156
280.773210234
563.857079078
271.066897031
300.843053865
289.849600445
272.295910503
267.862810089
283.598326624
275.464431595
275.415538427
280.872929737
264.13859223
266.952483226
298.161815601
301.785448187
293.725845384
276.985395478
286.373539965
271.599789625
278.216295525
276.061964046
536.650679219
288.02267696
284.618296563
346.586456268
324.813229286
348.848324941
297.093934456
294.192384167
269.158772585
276.455108333
279.457970971
304.161646752
266.593964294
341.759717884
350.994378147
331.040173335
340.668622493
288.750933286
274.912532414
272.807348664
612.019468101
270.380657488
311.082732891
326.143199849
321.777266308
348.61053379
367.323318539
315.76895441
321.777057035
268.621340362
285.457290308
277.0883322
318.22207474
313.627791547
363.308972964
357.834799636
363.41810661
346.151533626
318.120175503
273.105569038
653.999147665
287.125452282
274.14975238
294.791981715
298.344466556
326.927180231
347.271451763
355.871738765
320.11299874
298.365537879
278.195797131
277.86604752
284.962038189
262.548703503
278.295480153
318.284762724
320.706340101
315.003655476
281.962087826
286.795440281
588.53748834
281.119608805
289.415315298
305.481388078
287.526301583
294.322626924
283.809293686
273.676015113
292.723811767
293.561317405
272.433520949
284.53887271
297.154305061
308.016821428
284.59624412
273.565781787
288.24002588
277.758388555
284.48287271
289.249674304
552.714482728
268.290988106
269.318709148
288.073837835
275.367688726
275.453616219
262.825440837
271.138718224
275.817753486
263.445294754
269.105292394
268.648695075
269.947495351
269.945868513
276.630937522
271.430207851
287.740176042
298.240431881
295.534194874
336.071020095
530.164141002
267.960335136
283.001299376
288.604880699
280.242077138
282.45786195
279.361103868
281.860937619
300.288195212
332.056023773
326.94580679
295.235619188
280.639248711
285.080756352
305.47461362
270.79947587
304.972474033
293.826006916
346.290015938
339.933183932
568.308924378
350.362417709
319.982555331
308.492615268
266.181138831
277.767859561
280.602141221
306.06252511
322.363263676
344.01568078
343.966155489
361.153940979
333.964361273
300.849878268
275.827438936
272.852734684
276.898522229
307.144157033
298.161402654
356.690496644
625.355351464
362.690962305
355.316116375
336.297770518
336.089573515
275.331052146
275.597186507
270.149734113
301.933952201
291.844285039
328.850570143
353.662958746
334.213072171
310.176222376
283.138790085
266.050780125
285.785237169
275.95740937
285.78695685
261.742323215
616.966976324
327.073460433
318.414357559
302.170839463
265.111787813
280.045179155
278.176287353
280.68427603
272.42294273
267.525052113
269.096726418
259.484963579
285.514708189
275.526160556
274.657697803
275.653942228
278.078081354
283.258516659
283.844115198
269.955117106
563.73447774
281.629318456
272.335328961
272.960775937
273.576710331
277.298728401
279.939372933
286.426606441
269.809015117
274.251611054
273.546609568
265.489114075
264.125708355
269.487702221
259.496467299
271.475343251
270.419456094
274.685698227
270.726924999
273.126353158
517.635025736
274.685076466
274.2847538
283.488524837
289.331730476
257.077701865
275.016194258
272.727998453
284.350460967
275.38096529
268.080213228
268.600727382
274.04269264
324.829692828
325.475200695
317.16295814
301.521166927
267.037980658
265.737011392
291.045674532
562.129902103
272.331689612
293.572925195
308.872820158
328.86365411
347.184823321
338.474033048
299.890007317
313.008610395
277.836274671
296.050970675
272.925196492
301.151423839
278.439425974
347.807396023
344.368521569
326.679619381
318.085041352
309.335412786
271.335697798
613.185994575
274.372377769
288.997002771
302.005824527
283.236578464
343.77500043
333.581913708
336.26361083
332.355180108
277.825751146
269.127848392
260.133851707
264.906925596
290.767732729
268.177404499
339.574875203
315.205719858
328.331684738
297.659103849
301.732260682
643.294723611
275.572410666
268.804867141
275.64125772
271.753093466
274.851239666
299.091081339
299.063543457
305.178589082
311.812687536
283.910403299
273.873609338
290.61498869
276.466410341
277.514720385
281.592931669
290.300014001
264.15760577
274.887916503
268.502483612
571.804900506
270.442448281
267.606526217
284.773943315
281.719866957
279.814945818
277.316099662
259.515442106
284.420466106
269.631974884
281.01899253
264.170144406
290.35363217
265.211879221
303.749127899
277.563350649
261.621294961
268.461460035
272.779120303
278.414569434
527.47852022
260.982010422
271.144078848
291.629067897
283.060228617
273.350293498
279.053741405
263.530385584
279.031451948
287.561027108
278.949576218
277.16862824
277.930309692
278.313215292
280.423754204
265.715655871
279.945408092
267.496789709
298.533890558
308.274019812
527.957550811
277.437608981
278.296320868
275.926972733
272.054002329
282.928272078
276.346938682
267.137857263
289.068586363
304.251291225
329.840588468
328.312060172
286.750715102
273.54775421
274.988380131
277.151055488
284.168286775
272.937516277
281.299855461
322.126803388
564.999052192
317.349067921
319.220416841
294.447046899
322.303585778
292.658335534
278.906682074
265.78758557
273.60275023
291.864614955
327.036253908
323.50028142
339.834301741
281.324106403
300.987299783
282.823147224
277.011654809
266.793464334
265.992013547
267.616676177
592.549987278
320.254738435
312.86498088
311.694403446
282.412878839
289.663992213
267.350459321
283.850848655
269.824385829
270.042896501
268.7132482
289.59062589
281.530623881
284.41773816
286.160701913
265.720974845
278.8613002
286.492028734
273.265245161
268.07075658
556.83361103
282.351356488
271.293180689
264.280314629
284.186395168
270.94153065
265.475937349
270.409798856
292.559904997
286.420282482
298.482823874
272.570942108
266.469103028
266.742019517
273.487134459
283.988644294
272.781454705
278.822947092
285.602414492
267.650105105
545.201677323
287.683189608
281.479142752
269.563532253
282.296683808
264.126856165
271.470419783
273.102821898
275.9766639
279.839686648
284.432478154
270.36616184
275.581267508
269.849966124
272.733280994
265.692483955
256.418842568
286.107423424
269.181405409
273.659579757
519.952954133
273.924964832
266.044337793
272.329153183
273.898111374
289.825983467
291.721963591
260.499863904
294.481535722
278.396601665
265.788696304
272.572451536
267.847608524
267.980052203
309.698450467
279.67741167
297.594434024
289.52292089
280.144752619
282.174802456
568.046461561
267.097197336
260.8543732
268.015250339
273.943373766
288.8172094
294.659993768
302.81000757
268.06552018
298.035657368
270.953111717
281.133018787
282.522919374
269.360511571
286.929221494
300.658917341
297.16746684
318.132325307
269.741472575
269.913489523
610.597368104
272.629511788
275.453489974
294.050202101
269.566511769
280.969018823
295.882954899
278.050822526
303.726734897
292.300722854
296.46429926
283.855245079
287.483026978
298.6385069
277.765089375
292.428134972
291.347719849
280.2236736
266.437028468
283.227351434
588.195965409
289.010825189
289.142712642
288.036563873
283.3435624
278.871833542
283.226882483
279.124041704
269.123070918
263.422733261
289.817299313
274.311988793
278.220390802
281.034271529
275.441678705
283.406314732
292.101080223
268.004139429
276.666185266
271.975679407
545.403737932
279.049061253
269.81813605
280.129255084
275.264156032
277.826656583
285.842222751
280.371514399
280.570157421
265.964835833
280.037877726
285.239493159
268.658961984
284.579929013
281.888223375
273.989155532
274.479380584
274.410989935
257.314003991
293.489710466
480.415884122
273.948696232
258.344601643
279.683928946
268.671355211
288.133115061
270.698132568
264.389321309
276.889778719
255.7733319
276.227791715
305.232194693
255.120667222
274.590453654
264.872936843
288.468088661
297.254722954
264.76517999
273.312094045
288.544586138
539.519569308
293.379030276
267.525626193
295.448105281
270.752278271
270.172228237
279.700261005
287.028438476
274.242606366
290.199299435
287.659283025
284.700740382
285.683799352
296.368283262
266.742048945
280.477898698
265.674132464
279.394174473
263.541509594
264.550925892
565.470578056
304.00070487
303.208351597
297.46464851
261.847627248
265.658034688
271.075395269
281.501472041
281.364426682
276.61376067
270.162713128
269.23613271
286.973585627
279.607171081
259.778242311
296.557793835
266.996562594
282.054207387
269.054364959
288.599290992
548.808141312
298.45951932
284.239511772
257.104132921
253.885205862
265.696689841
275.277631248
275.62952417
275.349220342
279.731688979
283.440343465
280.330475536
270.875244139
276.402434423
263.855888011
283.607112625
278.225724187
278.581980744
296.160436475
284.673336782
555.173843633
288.224310069
286.224571835
276.366172297
275.653867532
274.65346723
270.462718495
275.992499774
285.205151401
281.775627077
286.626323767
279.052004941
269.14643353
274.690791043
267.133693186
288.190168602
271.007478941
281.78612669
271.748261005
277.174552879
467.912836243
277.476950851
266.131363949
267.593916038
266.484047516
272.675343609
272.930836941
279.77168689
283.454902254
286.874034784
278.293825101
266.860661251
277.241608603
289.366956548
272.703876632
280.965885117
279.123054803
271.722636676
279.745688253
283.760138288
515.62217104
287.236128366
283.695330527
274.231801521
278.401686549
293.142666712
285.239914932
271.240672897
266.95793886
259.733279132
285.63983898
279.898381451
277.600653023
271.457331895
277.207448197
275.704887516
275.263725948
268.624301928
272.205007353
276.905767957
560.35396635
287.372579992
285.006205241
277.148275873
275.208775781
297.752177027
287.445597775
275.251028591
278.831105353
264.510233662
264.553633989
272.107021884
282.9274563
269.293325076
270.60324134
282.925907279
302.200182107
265.378521371
275.344136809
268.909842982
546.158152616
296.052692755
278.303376066
287.582729038
290.217637547
278.975315851
278.849894739
283.092855244
282.916593707
278.649973759
275.062022581
272.992070101
297.336542268
275.669124992
275.255976037
287.943242435
278.387635703
278.764986554
280.087883452
268.886563751
519.918427118
278.222466505
288.398453043
278.800585714
287.100319318
286.181668395
280.404753986
278.712836985
277.945470821
281.637042487
273.046400458
279.355137074
279.372902456
276.119123288
290.041527918
291.334722845
270.112859342
277.95716223
276.013734943
275.237997091
463.597168562
283.284101559
276.901424927
280.704117585
276.025493323
271.527889067
293.805460374
288.552175692
278.87772401
271.89800198
285.147136798
287.91144981
277.777580613
274.571745547
275.710956389
288.155676115
280.327668458
273.701636296
282.028403468
266.909514867
451.633803387
266.392177101
296.250332593
279.111174217
276.236543169
284.053447502
272.676703184
290.320807459
273.826926355
286.09364638
267.961116959
261.168818805
275.469781111
274.812069354
274.094746772
280.513446193
277.81104392
285.600871712
283.154978041
285.90543806
493.215150282
258.812887411
285.48505634
270.429929369
272.546654151
264.836710086
279.461277999
274.200696046
268.076697237
267.771146697
266.990337261
268.265142164
288.048773448
258.190378029
274.233417846
288.028281333
273.813969139
286.467642852
294.992008617
289.748523892
510.541162887
277.509973792
272.901776377
258.767626358
274.627506239
288.317688343
283.973403772
288.316982971
287.857213324
278.42035784
274.349356729
276.096711942
263.595567639
257.9514219
272.013888096
279.55012543
273.279521213
277.090246567
298.275245473
289.603655327
496.842893542
273.224227758
281.418412651
278.285299894
272.04679465
288.84602204
272.007345511
288.642696466
277.267780051
289.04072731
300.460993212
282.807418781
280.026127846
290.439612199
289.591280709
283.662680066
305.086387481
279.810774198
297.020328517
294.0491474
463.006018623
