0.521868146806
0.660154151943
0.717281926646
0.461985417587
0.692008395935
0.532864339373
0.770222713213
0.376064487633
0.462119205298
0.679550110375
0.760322438163
0.380543526293
0.463688024746
0.417438107869
0.588927939876
0.461066755084
0.392435262925
0.448001325674
0.405518992933
323.215035367
0.60318807947
0.509290194346
0.480463985859
0.388168802475
0.389598407784
0.523217602831
0.457256523662
0.532630415561
0.495802387268
0.553447438163
0.31126369258
0.526433745583
0.369899646331
0.396491158267
0.490349115044
0.540116762494
0.344742149491
0.552210084034
0.329588677576
314.739057548
0.891482103403
0.760193462898
0.820051236749
0.855764809903
0.656967285588
0.898448230089
0.946518370961
0.932929646018
0.700868642194
0.819717064545
0.53619443217
0.834619699647
0.613288427562
0.81265428824
0.574035366932
0.580729646018
0.650137168142
0.624269469027
0.741773109244
312.327647763
0.749882352941
0.781514361467
0.520810070671
0.741612190813
0.644395667551
0.612912024757
0.561765590447
0.592103494029
0.618777974348
0.542534719151
0.633243589744
0.736227574017
0.7249204947
0.774810596026
0.714528501989
0.657381794079
0.636297082228
0.57458974359
0.675355879752
314.264813552
0.75424801061
0.844372956253
0.869274734982
0.789558498896
0.776425607064
0.774694787986
0.478153710247
0.730330092797
0.69496243924
0.562970835175
0.516877208481
0.604862190813
0.615603532009
0.718989845475
0.475791703442
0.588806622517
0.409451655629
0.358694787986
0.922704063604
324.446381521
0.361189045936
0.373748233216
0.374659893993
0.428909933775
0.344612974404
0.352402649007
0.374413610252
0.367501104728
0.401945181256
0.363199823165
0.508263925729
0.333992929739
0.397490941228
0.316700530035
0.271591611479
0.469499116608
0.355235086169
0.328997348652
0.432840778417
308.637182462
0.472207430341
0.821892967713
0.64940760389
0.709493810787
0.650911219081
0.601959805654
0.592478798587
0.751078249337
0.68017691287
0.653257522124
0.517889823009
0.597920353982
0.570711632021
0.585916850951
0.525861688025
0.953266342756
0.509287229342
0.601090225564
0.881331858407
316.8798506
0.523925188136
0.651425852147
0.702511288181
0.532725221239
0.633118973905
0.588464427751
0.716945671378
0.574704374724
0.617799203892
0.695901371075
0.609714475432
0.661835768039
0.6137521027
0.765657079646
0.626150442478
0.718853669319
0.630220061865
0.663480335837
0.406420610349
311.632570856
0.823102167183
0.813778220452
0.506733067729
0.742660911908
0.827029646018
0.614387610619
0.866301061008
0.621159964649
0.83707729682
0.816538903625
0.941425475453
0.671447787611
0.631270916335
0.729988938053
0.523297213622
0.546811145511
0.683657534247
0.512980565371
0.71182729682
311.784965241
0.366900972591
0.384723695844
0.579426360018
0.438761609907
0.450898717382
0.284869584439
0.405855879752
0.436137428193
0.421911219081
0.373977041943
0.39653910738
0.43525939019
0.324094164456
0.346810344828
0.431747126437
0.391551038445
0.532157755192
0.41736704947
0.518534216336
315.563140125
0.301215452539
0.55280344523
0.565988515901
0.356202828104
0.411691117985
0.346129474149
0.519886484099
0.495770759717
0.416665783664
0.36357325684
0.527250883392
0.421553689792
0.358484969054
0.484462627156
0.357257850509
0.389161875276
0.411774535809
0.422347038019
0.28789090106
313.657581189
0.641310816777
0.72936704947
0.635077365164
0.705449602122
0.546322123894
0.629097345133
0.846089823009
0.567928318584
0.726403803627
0.879319045515
0.724081713781
0.646544851966
0.627486952676
0.419716497125
0.702566179726
0.714434262948
0.677308543603
0.654792477876
0.684284955752
310.903248107
0.670007515473
0.716222713213
0.732927529828
0.437669911504
0.529596902655
0.708680106336
0.536910540301
0.617736935341
0.506013722886
0.566709163347
0.465909372237
0.390095006628
0.570412726469
0.347260734838
0.570026117751
0.749027457927
0.501175454143
0.71099911426
0.373996901284
295.826336165
0.685053563524
0.55399602122
0.708778612461
0.430532037119
0.766062831858
0.427133628319
0.55349955713
0.736709477414
0.706328609389
0.52297875166
0.635196104471
0.565236516357
0.591553689792
0.604611135661
0.643478107032
0.565855309735
0.921294951284
0.572589459699
0.565563330381
293.36237746
0.641097787611
0.597807522124
0.704183908046
0.724190455148
0.548276943463
0.704295755968
0.589342617153
0.691048694112
0.807796017699
0.639453982301
0.550333480761
0.414913312693
0.571918692002
0.461572879859
0.622983657244
0.66985329209
0.619801148917
0.742630252101
0.633877930119
305.697556646
0.566973905352
0.418487179487
0.535375773652
0.448127650177
0.720451655629
0.531253863135
0.60778754417
0.402676236749
0.407433937251
0.541118426867
0.816741493593
0.369822801591
0.632899734982
0.574794260486
0.624992494481
0.55739885159
0.413896993811
0.713151193634
0.601104867257
321.091196
0.745184513274
0.546837682441
0.687866430783
0.662551282051
0.765098099867
0.636233215548
0.53447105612
0.743496682884
0.716834586466
0.813455953962
0.683201416556
0.611300575476
0.641951769912
0.690839380531
0.76990455148
0.709091431095
0.76283605833
0.485374336283
0.548688053097
316.22984862
0.641188219663
0.795082373782
0.653556244464
0.516988047809
0.56896104471
0.777332007073
0.641128148475
0.73841290893
0.58530810093
0.578550243471
0.647826318121
0.727339539007
0.763146276596
0.576724977857
0.581045172719
0.58717470146
0.982959328028
0.803418656057
0.60097166888
294.798572451
0.63497521027
0.729125886525
0.763000443262
0.659343085106
0.640967213115
0.698971213463
0.585172932331
0.53291821397
0.955286472149
0.804486498451
0.708115146147
0.598473847518
0.57167641844
0.725822695035
0.554336287107
0.62406510186
0.574102609465
0.734465959328
0.467770557029
281.038868161
0.503836725664
0.638066401062
0.413957908728
0.424550731059
0.403868852459
0.461189991143
0.55347874225
0.608842547545
0.744078214759
0.537393725144
0.502507739938
0.520865988501
0.513459938026
0.524355909695
0.575983178398
0.470548672566
0.39520840708
0.376047303271
0.547250110473
288.383621029
0.356145759717
0.348057913351
0.651065428824
0.395498894295
0.658350442478
0.582540911101
0.473008845644
0.675981874447
0.486069818825
0.658028710247
0.342474613687
0.680508833922
0.499874944764
0.580729442971
0.496281609195
0.482780282935
0.442343349536
0.527538665488
0.430871908127
309.077002673
0.0340070640177
0.0280176756518
0.0318275099513
0.031811587793
0.0308539823009
0.0340783532537
0.0285088495575
0.0279690402477
0.0294290137107
0.0388042421564
0.0353719081272
0.0283910737958
0.0382752212389
0.0319345132743
0.0310770593446
0.0297387068202
0.029667404783
0.0300792386012
0.0306738938053
314.259211136
0.559196728559
0.843462660186
0.880659151194
0.727448871182
0.669139884905
0.901827647319
0.597964111653
0.57273859105
0.723528786537
0.726585031001
0.635549756745
0.63392882405
0.552924403183
0.629145704163
0.598131532329
0.594907317073
0.721785809313
0.747291223404
0.664386968085
293.550970457
0.569523472099
0.765909734513
0.802037577365
0.765675364883
0.608457927369
0.699610717449
0.618696674058
0.615562749446
0.503798226164
0.841551174125
0.597280460789
0.652025663717
0.612324049514
0.603794871795
0.566432683791
0.586861381754
0.768727716186
0.88237827051
0.565010643016
284.058391655
0.675116134752
0.615191847585
0.756513274336
0.904025198939
0.74599204244
0.583637892873
0.666405931828
0.727292109929
0.57976462766
0.455502659574
0.721389898095
0.734800265722
0.535909734513
0.640428381963
0.668234202386
0.584675221239
0.407870353982
0.564171833481
0.736723206377
288.352183326
0.721270150576
0.606931385569
0.806215582116
0.854521220159
0.749271321255
0.424989840989
0.709702475685
0.626134836428
0.640873451327
0.641325365206
0.810892035398
0.778817779743
0.614674038036
0.609694960212
0.630335689046
0.630055629139
0.710237737517
0.567593018118
0.821151260504
308.93973372
0.354229102167
0.369342768686
0.324916003537
0.380565178966
0.441390459364
0.38600397351
0.322084401237
0.186740822645
0.262312693498
0.355742363878
0.271050022134
0.285434262948
0.337346460177
0.356621238938
0.286238621299
0.309488957597
0.349880194518
0.298024336283
0.303537405932
313.742122331
0.512121789194
0.610185644661
0.672016386182
0.829533421868
0.645243913236
0.668075630252
0.57203402563
0.618362953139
0.825264718902
0.577898627711
0.614203014184
0.629235815603
0.759542109929
0.659539211342
0.636660318866
0.632579389651
0.614377099912
0.575840778417
0.817984942427
292.133670841
0.0291701373505
0.0273158828749
0.0271641526176
0.0260412416851
0.0247712765957
0.0345310283688
0.0407022123894
0.032959752322
0.028512605042
0.0341019051839
0.0272955250332
0.0293855368234
0.0274538598048
0.0292023070098
0.0243953900709
0.0294685283688
0.0369353696326
0.0333339230429
0.0272817337461
280.245111411
0.466685866194
0.758715994683
0.557752440106
0.422021295475
0.47415971606
0.606550975177
0.416890957447
0.726919876051
0.441201680672
0.823626713843
0.399031886625
0.685028343667
0.410471396896
0.398709977827
0.624959645233
0.429704031901
0.45578501773
0.424525221239
0.427271561256
283.524390112
0.733445868316
0.638137168142
0.604032757857
0.761097474524
0.675241914045
0.594543198937
0.617200620018
0.611760070828
0.607408226448
0.654267786125
0.636596289753
0.964620964175
0.528573639982
0.766518813634
0.636473870682
0.572204515272
0.721618141593
0.647619911504
0.58082316534
285.530081578
0.744313162544
0.818341280353
0.749619805482
0.587258506407
0.651807164971
0.683291463954
0.62293498452
0.657713527851
0.70317683466
0.508982773852
0.633988957597
0.566190455148
0.615290707965
0.898412831858
0.719270916335
0.544445329792
0.595470562196
0.681080973451
0.743259292035
307.793453898
0.888885941645
0.659923552806
0.717930592396
0.706272244356
0.577705179283
0.618115197164
0.619381922907
0.648942844484
0.518505314438
0.549757307352
0.74574391862
0.671538019452
0.732117647059
0.655242692648
0.692612931798
0.827298891353
0.540488248337
0.572719733925
0.603498892335
296.229321572
0.573285334515
0.523421238938
0.561164014147
0.742057938965
0.71783872397
0.830171023483
0.571476929902
0.553946737683
0.612663265306
0.715105543237
0.806684257206
0.782204515272
0.477363998231
0.666459088899
0.596320921986
0.6114375
0.919081668886
0.616587033748
0.617210386152
283.948731806
0.563824390244
0.784247450111
0.681591412129
0.634180530973
0.939885891199
0.893879042977
0.752870567376
0.680623169108
0.666103861518
0.693973812694
0.687363192905
0.52626075388
0.676904825144
0.798984520124
0.683990269792
0.576875110717
0.717981834293
0.560028850422
0.605704968944
282.384607014
0.600315439219
0.635152925532
0.549758972087
0.628249115044
0.648132684653
0.674883289125
0.648740593183
0.599640991589
0.607880319149
0.729581374723
0.579075764289
0.701584145261
0.912372453499
0.621565236621
0.745716180371
0.620561643836
0.606086245024
0.585693498452
0.793676705049
284.926335576
0.619335989376
0.605301460823
0.623351769912
0.621418141593
0.728283377542
0.548543084401
0.610075971731
0.579286914235
0.809671971706
0.71830694383
0.563944690265
0.861134453782
0.638076923077
0.653470822281
0.836008395935
0.623804770318
0.475213875387
0.884345575221
0.81401062417
314.759020499
0.2936744907
0.151840124004
0.271755978742
0.312821602479
0.344631858407
0.251068081344
0.23738223597
0.3408311229
0.288532979194
0.201966784765
0.222800975177
0.330284700665
0.264350908285
0.289399025686
0.248831709477
0.287099955772
0.257263041556
0.287268907563
0.32162959681
309.651349086
0.722219760744
0.698843015521
0.712038154392
0.598697117517
0.60117287234
0.594211785556
0.767586283186
0.56650530504
0.782948695268
0.588320478723
0.92775
0.697115401687
0.599010213144
0.637720816689
0.615759201774
0.878811170213
0.574449756529
0.575616983636
0.592212831858
282.919445242
0.679906914894
0.626717198582
0.724115008881
0.645107952021
0.751727030626
0.692251109139
0.64692594235
0.668101814962
0.562280849182
0.61078539823
0.579506205674
0.553544567627
0.540091433644
0.613572380107
0.623639591656
0.624949445676
0.593085587583
0.832384240815
0.882223794781
288.026186937
0.717309292035
0.823759858219
0.613191404519
0.525776397516
0.835646850044
0.637315439219
0.678870124113
0.706340425532
0.826403718459
0.628593984962
0.588359416446
0.569985391766
0.598942426926
0.57891001773
0.781601507092
0.566160904255
0.604316349136
0.599484056687
0.859450442478
285.379250225
0.594283377542
0.588179849757
0.647157010172
0.687559734513
0.853508857396
0.658240921169
0.667856953056
0.561457281983
0.636975221239
0.703167108753
0.717369421122
0.76558745583
0.61899734748
0.393534482759
0.66527699115
0.626702654867
0.661249004865
0.586326846528
0.554773993808
290.618101028
0.608494034468
0.812844081272
0.786839151569
0.492140265487
0.583925663717
0.764232063773
0.943780779451
0.653872896368
0.528382027446
0.903503539823
0.711303713528
0.680805125939
0.673566755084
0.50700354139
0.674561310314
0.610704343972
0.94353501773
0.553718528369
0.673922054916
307.132197145
0.578256864482
0.449919062362
0.50158709107
0.415475453339
0.481360655738
0.445819672131
0.437202660754
0.488467169476
0.479630155211
0.550329787234
0.442532801418
0.465191150442
0.577197170645
0.466263274336
0.577853280142
0.394020390071
0.749896582335
0.503782068353
0.451004882379
282.892926457
0.0309188470067
0.03275
0.0429880478088
0.0444586466165
0.0294652808492
0.0323918439716
0.0303006651885
0.0341509098979
0.0309942273535
0.0378486462494
0.0340297381269
0.0379206208426
0.0505537848606
0.0412282176028
0.0373146017699
0.0300421099291
0.0336235033259
0.0323747779751
0.0375048845471
281.427152497
0.74254460719
0.837533481153
0.720920177384
0.641227976981
0.61443299425
0.664937638213
0.622812583075
0.720292866637
0.336121171771
0.349841100755
0.6722364685
0.752693705674
0.657451684397
0.49334351483
0.5178089341
0.532310786914
0.627333333333
0.699277236492
0.650599556541
282.139878147
0.704105053191
0.695039893617
0.657131147541
0.705901240035
0.744913312693
0.686524756852
0.561131241715
0.628257408226
0.600969469027
0.585423383525
0.760992914083
0.736401240035
0.839954847278
0.749812831858
0.587879752431
0.745737958462
0.709182420495
0.716715738285
0.645033598585
285.707455685
0.106932300885
0.0800951327434
0.0976451327434
0.0693489606369
0.0762152961981
0.0781741051701
0.0693833922261
0.0679558108705
0.0688269911504
0.0702809734513
0.0728600531444
0.0753746678477
0.0730469441984
0.0669588313413
0.0765977876106
0.0846445623342
0.0753791427309
0.0686361626879
0.0702988047809
311.318337049
0.898466784765
0.962355338946
0.573768514412
0.732464333186
0.675515057573
0.63334676705
0.67482699115
0.4504060981
0.905497125166
0.561205582632
0.601038989809
0.875305986696
0.719486690328
0.817546341463
0.67386391844
0.579131590607
0.729146902655
0.742486737401
0.497154867257
288.122582176
0.667324024823
0.748835106383
0.639121171771
0.495288060364
0.66228229028
0.635184478936
0.729507317073
0.714500664011
0.816216718266
0.535690265487
0.791667109929
0.632115742794
0.68135079929
0.632942717584
0.556968916519
0.680627329193
0.771868736142
0.638875608676
0.665701901813
286.130662466
0.716085840708
0.715027039007
0.788217198582
0.783813055062
0.72681749556
0.549157567688
0.8629108252
0.526711751663
0.852517042939
0.750455550641
0.639769570986
0.584131590607
0.727630926008
0.858716503993
0.588747003995
0.557363354037
0.535012416851
0.686095301418
0.754875608676
290.081643533
0.729182662539
0.838637488948
0.594091674048
0.727517714792
0.565930851064
0.710071396896
0.895303191489
0.780889676562
0.596563330381
0.897867315347
0.569293545535
0.651426425099
0.628473684211
0.489412389381
0.63567360496
0.605728963685
0.686129818343
0.59377335104
0.586978761062
281.551340511
0.804966843501
0.602275740168
0.88995229682
0.586991158267
0.589063218391
0.593886725664
0.831032743363
0.812214159292
0.785864279399
0.576871794872
0.602867874503
0.653177120141
0.716918692002
0.712782743363
0.94657079646
0.551010628875
0.628008857396
0.482170947741
0.574409030544
307.813426661
0.875447100487
0.682885941645
0.586872735307
0.696804155615
0.583016821602
0.653484285082
0.871405585106
0.77987322695
0.699223404255
0.649644375554
0.600726749336
0.716008403361
0.85057117595
0.734736399823
0.611735489588
0.541096588392
0.60124789357
0.735708074534
0.769541463415
294.671009843
0.0719964554719
0.0762219760744
0.0843787610619
0.0797732095491
0.0791685095091
0.128801861702
0.0751121453901
0.0724212161562
0.0754886817577
0.0750386151798
0.0730465631929
0.0803111702128
0.0844918105356
0.0785568332596
0.0675491150442
0.0768497340426
0.0710288120567
0.0731305506217
0.0785919182948
285.665466517
0.57043339254
0.655014190687
0.574775609756
0.65803895529
0.654520123839
0.862269911504
0.77720035461
0.701482926829
0.604773534636
0.54544735673
0.611899245451
0.879257763975
0.569754767184
0.680783089863
0.747486068111
0.759666961521
0.537151528578
0.688820035461
0.688280514869
284.260638451
0.759974267968
0.589485803017
0.676315299335
0.744747783688
0.811036741921
0.808314020345
0.643563218391
0.577900354296
0.520444641275
0.702852393617
0.448682342502
0.634223404255
0.6221134249
0.49674080638
0.43259752322
0.7594933687
0.6214162616
0.638132242371
0.582551327434
284.134258977
0.33163020372
0.287855624446
0.312300708592
0.298587870739
0.321306637168
0.356740937224
0.330480777729
0.216076855124
0.291442528736
0.374098143236
0.327097345133
0.23314159292
0.310359133127
0.259930119416
0.25799204244
0.218986743261
0.345959805654
0.328742377375
0.360455309735
301.264113941
0.45475619469
0.39841408326
0.448465456156
0.537089016829
0.322575475874
0.398657522124
0.424112732095
0.604327883341
0.537794429708
0.373130146082
0.388039415412
0.631728280142
0.476784574468
0.329159574468
0.355986271036
0.586566873339
0.349220256524
0.390605658709
0.357957983193
309.195504464
0.674597431355
0.658996012406
0.370013747228
0.635060780834
0.70773924612
0.629214095745
0.809029685423
0.778867256637
0.81450397878
0.771413091552
0.801468528369
0.630805407801
0.58071593431
0.775939192188
0.425542387927
0.769757427938
0.732222960993
0.648784417884
0.797468376824
285.25062775
0.770915044248
0.566599734043
0.596142730496
0.858854286984
0.74388365897
0.52171593431
0.518611529933
0.697565661047
0.759309428951
0.689627598408
0.651365044248
0.645924202128
0.439011086475
0.623694049734
0.641918294849
0.762725699068
0.714022172949
0.71979113082
0.639887118194
286.205704238
0.708124281291
0.56492481203
0.691232609659
0.600105496454
0.698056813138
0.614705281846
0.600456078083
0.622194148936
0.607364804965
0.56696104471
0.73053648828
0.7168377542
0.686229849424
0.521829052259
0.475760195035
0.680984478936
0.719059840426
0.71479751883
0.634600974314
283.138058876
0.0433896505971
0.0360212201592
0.0213362792753
0.0247097345133
0.02798937583
0.0298139946856
0.0287573073516
0.0283950398583
0.0278052235502
0.0302721238938
0.0414124668435
0.0345046398586
0.0219730565371
0.0263090185676
0.0259849690539
0.0323628318584
0.0281389380531
0.0370154867257
0.0260207872623
291.086471377
0.587877099912
0.745615554574
0.611280035336
0.641079540433
0.858478318584
0.684227433628
0.765915449314
0.770655447298
0.71439105403
0.704607964602
0.715638053097
0.620451812555
0.583613787008
0.637969938108
0.636499778663
0.891491810536
0.907969428445
0.678968099247
0.573128046079
315.351513369
0.692582816652
0.89481230633
0.519448031844
0.511081307998
0.83727023441
0.859802037201
0.638828533451
0.755669920142
0.537090909091
0.686234146341
0.57490248227
0.618358883474
0.721046460177
0.590212295444
0.625519239275
0.565292423571
0.639694148936
0.734274744785
0.594978251221
286.095705381
0.596575421473
0.83441286031
0.559105053191
0.441818061089
0.771103494029
0.452615929204
0.561416666667
0.589172949002
0.707426542388
0.654472912966
0.60377141589
0.54972195122
0.638370288248
0.766596281541
0.653678460858
0.527442282176
0.666160904255
0.807898492908
0.562090102086
283.726569951
0.767727030626
0.718173990235
0.536622005324
0.751296230599
0.676528995131
0.712326404246
0.435800088456
0.69667301728
0.614267611874
0.718523513753
0.631530612245
0.540752883762
0.716365691489
0.526604166667
0.722171238938
0.547624668435
0.6198377542
0.583257193448
0.777612488928
284.807673561
0.787403812057
0.70377570922
0.713324468085
0.756715677591
0.737823294951
0.598025210084
0.666502210433
0.619695978789
0.647469703671
0.581331858407
0.451317537644
0.614905225864
0.685811337467
0.607206637168
0.57312699115
0.599558797524
0.654671674768
0.570153268551
0.738760831123
293.751887696
0.54691688771
0.793438743919
0.632899159664
0.473459531181
0.609184792219
0.598307692308
0.473639858595
0.698440371025
0.588369421122
0.687205661212
0.667556637168
0.682065515715
0.566810092961
0.67338247012
0.560680530973
0.630719469027
0.405354396818
0.611615724382
0.626461538462
312.038463045
0.678961946903
0.620250110668
0.67050088574
0.571590607
0.645872840053
0.604902169101
0.597029229407
0.439274977896
0.821671674768
0.469481874447
0.813253764393
0.593769707706
0.763820921986
0.805555654102
0.462678191489
0.771715994683
0.494473427812
0.818474126493
0.600850132626
291.931917673
0.139380362671
0.118420912716
0.141719096145
0.154364241349
0.185922803904
0.138255545697
0.116163120567
0.125003101462
0.176511504425
0.161622458002
0.0976961521451
0.161432432432
0.154987594152
0.102001775411
0.134826453617
0.156090102086
0.157927304965
0.160991578014
0.1280354139
282.66976304
0.148147279965
0.248065457762
0.224038989809
0.214278688525
0.172793164669
0.246537949401
0.185860248447
0.22833481153
0.179334663121
0.200956175299
0.156142414861
0.248747456877
0.270365810452
0.218292423571
0.176738243123
0.228423946785
0.267834146341
0.201554078014
0.163405848471
285.036158866
0.356346460177
0.356657382847
0.298445181256
0.331896902655
0.418528109783
0.293894993354
0.430810283688
0.316596809925
0.249868024801
0.323658255865
0.332494029191
0.202838709677
0.293935512367
0.354355152587
0.348193719593
0.305760956175
0.336478087649
0.303552456839
0.366819026549
287.279062752
0.680593100398
0.768062334218
0.452431285904
0.718909050773
0.555283694211
0.684011052166
0.770482972136
0.604181777974
0.64767890314
0.863744473917
0.481770114943
0.688017675652
0.700097614841
0.663785682722
0.666573639982
0.567996461743
0.458378318584
0.628107569721
0.682062831858
313.391203827
0.617887660327
0.687362229102
0.805494476359
0.815620583039
0.66611931065
0.534932300885
0.717954424779
0.57278210806
0.631011957485
0.632235163862
0.646618857902
0.728506861443
0.62326127321
0.64117057004
0.568730769231
0.662705179283
0.599327578575
0.749969428445
0.68557953035
310.365857398
0.823478068232
0.653538529672
0.843684676705
0.690905793897
0.647419098143
0.766503094607
0.680771479185
0.650752435784
0.528357871397
0.751098891353
0.470882926829
0.519454142667
0.944848471422
0.635948672566
0.675984526967
0.600084033613
0.775420283437
0.40026583961
0.50579556541
292.984400358
0.523481596452
0.484045676275
0.585037677305
0.460668586619
0.556533421868
0.564405393457
0.450701017249
0.403044749668
0.562116969428
0.371677605322
0.650112688554
0.332967184035
0.394162234043
0.507959237926
0.429931858407
0.487883289125
0.446425729443
0.381615146147
0.37834853853
281.94625
0.659453014184
0.617980931264
0.45558998227
0.447314576872
0.433888839681
0.670413976117
0.444637931034
0.656879805568
0.668176548673
0.777659734513
0.812070890563
0.708833850244
0.5724340124
0.698035856574
0.736104028331
0.659800618921
0.72190455148
0.429393109541
0.711986737401
293.874819239
0.712203449801
0.552774679062
0.594443116423
0.648644247788
0.630521008403
0.643842989828
0.730375607601
0.548971289753
0.655814128035
0.555551038445
0.742945205479
0.778805395843
0.671888544892
0.579413351017
0.73249602122
0.847114449845
0.687477473498
0.844625165563
0.6665454947
306.03584173
0.412711759505
0.282227674624
0.362043362832
0.552661061947
0.469078283945
0.3257642636
0.39257780725
0.312741935484
0.479341872792
0.345468404772
0.300438743919
0.434842105263
0.306797255423
0.311779105799
0.436078795927
0.318513274336
0.398011941619
0.363334953601
0.310323464428
316.048565836
0.853975254087
0.643589380531
0.596819026549
0.839616917626
0.758482285208
0.755593445527
0.79594333776
0.690761841523
0.599311229001
0.612790543526
0.612441202476
0.662627268703
0.505379371403
0.712605228179
0.614065159574
0.640945945946
0.564044306602
0.562817980514
0.552001326847
292.451232215
0.673438992042
0.758561698364
0.730828242585
0.646633303809
0.629901152482
0.776234485816
0.70609929078
0.6560456358
0.60543445527
0.738267138434
0.626731211317
0.600961538462
0.585490925188
0.862961470328
0.703823138298
0.663105053191
0.762033687943
0.614936226749
0.851588131089
283.252320916
0.301242812915
0.290127320955
0.248105216622
0.32943539823
0.264804780876
0.333929995569
0.320021267169
0.331143553389
0.316960141718
0.321669322709
0.35046749226
0.52663146266
0.32845382236
0.377777974348
0.246080495356
0.370880478088
0.319345728198
0.332277113767
0.320423451327
289.270242953
0.640210176991
0.542810786914
0.81297260274
0.606440371025
0.450846595933
0.568251547303
0.53612699115
0.684334070796
0.44122699115
0.543623175586
0.608517241379
0.577403004861
0.655520318021
0.634144812362
0.791683163942
0.619847989395
0.627111405836
0.667398320071
0.79608443855
309.137028966
0.64487715422
0.833509500663
0.642119699647
0.633924503311
0.59360909894
0.68615687141
0.726648983201
0.769514374171
0.597019018134
0.872504643963
0.717213085765
0.526477895668
0.732510159011
0.71721986755
0.522731890459
0.611294871795
0.63478858912
0.700792920354
0.56662699115
315.666653778
0.563475221239
0.611664307828
0.590659000442
0.661248342908
0.647788869258
0.670081307998
0.610557275542
0.858249004865
0.782410540301
0.812746347942
0.617250110668
0.631337760071
0.707292035398
0.712682139699
0.560988957597
0.691409191339
0.556688053097
0.785571681416
0.590357395926
308.271765047
0.667218777679
0.674560230292
0.585012843224
0.724619026549
0.504523872679
0.560813963765
0.598412726469
0.764781415929
0.666127932714
0.648490917147
0.601325210456
0.627901196278
0.746500664011
0.680045595396
0.595249889429
0.825577551922
0.748981882457
0.716549115044
0.637104028331
290.089362254
0.746833850244
0.764415595924
0.713304386354
0.715766710934
0.677499335989
0.582749778957
0.650129032258
0.632209014582
0.530752321981
0.627764159292
0.699901726428
0.687237378211
0.74778166519
0.614117256637
0.608945132743
0.682006189213
0.679142288997
0.741503533569
0.585090185676
296.136615557
0.530162317559
0.694560176991
0.67419123506
0.611781415929
0.879337610619
0.532718708536
0.727033141847
0.701925353357
0.757861368653
0.86209898365
0.586200618648
0.391780185759
0.914104378594
0.675200796108
0.706953580902
0.570990720283
0.565693904594
0.524851214128
0.557265783664
305.751871097
0.426567579505
0.637632346443
0.374366327883
0.537986295314
0.460111798498
0.421025187804
0.363492491166
0.380938631347
0.472812803532
0.417934216336
0.352428634556
0.567377375166
0.4263377542
0.391739495798
0.471237842617
0.332592134335
0.420929739284
0.345906843267
0.393199558499
308.580515986
0.695947438163
0.64612284578
0.643028293546
0.616729323308
0.967541795666
0.848894736842
0.902352785146
0.58491821397
0.603850706714
0.819470848057
0.660372349823
0.776022546419
0.6048089341
0.636226548673
0.459990265487
0.830461504425
0.623625386997
0.656816010615
0.610311975254
317.274558968
0.526291077739
0.30024922669
0.579427244582
0.383041574525
0.427617087207
0.492622399292
0.401895528995
0.478642636002
0.325944272446
0.360388864339
0.410532243816
0.375273530711
0.346353383459
0.367536045997
0.472957060646
0.484922974768
0.367866312528
0.439142920354
0.558031402034
304.307553524
0.671114007954
0.552081272085
0.733943879806
0.724343210969
0.748967271119
0.571114209827
0.708963258079
0.595884462151
0.57954159292
0.822542035398
0.553557913351
0.492385159011
0.803808745583
0.491630415561
0.684088898717
0.531699557522
0.62755
0.644985391766
0.591434070796
300.077013393
0.659503097345
0.543228457799
0.500976590106
0.646709363958
0.755680371353
0.760881962865
0.637384070796
0.633685979655
0.419242812915
0.609293545535
0.830604332449
0.70202386213
0.785092715232
0.634414128035
0.618771100309
0.422571807335
0.693531388152
0.552264367816
0.697863395225
312.619266934
0.294913389306
0.353910296067
0.545685512367
0.37799205298
0.465781553398
0.411774293286
0.304231007067
0.325205479452
0.37792841361
0.327979673
0.474191696113
0.343137809187
0.353563796909
0.361842453663
0.500594260486
0.538623674912
0.520163869258
0.527930623067
0.524424215643
308.228479592
0.293811312417
0.298555457357
0.30327959364
0.479828697572
0.320056512141
0.239987637969
0.438607158639
0.312771100309
0.463018125553
0.421972148541
0.363334217507
0.302734865223
0.372978789218
0.282872791519
0.334169536424
0.288833995585
0.291299160407
0.326462864721
0.292459531181
309.102030585
0.683269349845
0.722030959752
0.552799734748
0.591593280283
0.712018992933
0.860260927152
0.781798586572
0.703137931034
0.468736958444
0.696916408669
0.649645731977
0.774632463512
0.603646616541
0.670356321839
0.569093239063
0.700464222615
0.664175795053
0.636436339523
0.828752764264
314.266254554
0.78857920354
0.83574147853
0.652769911504
0.668107032287
0.702289694825
0.806600972161
0.746641342756
0.840197438163
0.607219717065
0.761353383459
0.612892477876
0.563484070796
0.538948672566
0.751121627598
0.610318443167
0.578388864339
0.646008392226
0.430788427562
0.704322723254
306.863363717
0.851094606543
0.622190623618
0.634619195046
0.716563909774
0.663244473917
0.726162687887
0.650325530035
0.605794611307
0.620093598234
0.630586389748
0.548281484755
0.67132714412
0.71009372237
0.586143236074
0.657203711887
0.919923552806
0.918364840989
0.688457836645
0.53487113857
313.563268
0.56091254417
0.501367932862
0.810361025188
0.65495227574
0.658794962439
0.809034452297
0.698332155477
0.793856512141
0.597533980583
0.793629744042
0.561044591611
0.638118322296
0.661596467991
0.624325386313
0.796886534216
0.621317880795
0.60428388521
0.577678287732
0.578732568402
308.747386082
