966.676153602
1075.05435512
1077.24578568
1069.10889969
1082.8921551
1078.07082545
1071.58996376
1070.24950574
1070.69006578
1075.94600883
1082.38418684
1080.33677729
1068.81322536
1072.35316799
1068.99727188
1073.62352874
1078.14334202
1075.28114936
1070.07256758
1073.78070027
1081.58454614
1082.90757774
1074.81153425
1082.37992311
1073.81739452
1073.52834763
1075.20062539
1075.62382582
1080.37297171
1075.83303843
1078.60049691
1081.68746643
1080.28235146
1079.80085146
1067.87105487
1068.82091066
1072.82395444
1067.51066342
1070.12841
1061.15432979
1078.4753049
1085.86149691
1087.12825442
1074.9382458
1073.85585853
1070.79025133
1061.41071093
1068.86353982
1075.2429854
1076.92670203
1081.33532523
1077.37116034
1083.27232376
1071.73618833
1077.07442352
1069.92625575
1072.6051031
1065.91326726
1077.51105573
1050.95809836
1065.82159398
1079.68745382
1083.44567182
1087.61567535
1076.76328338
1073.70332095
1074.32457187
1066.37049093
1064.38241
1073.13508625
1081.35843501
1071.38190499
1078.94401281
1073.10468874
1078.60708705
1077.98138489
1075.17014854
1074.62360743
1068.36279531
1054.53767759
1072.27591026
1070.58587008
1081.91317889
1078.75410728
1073.62230464
1074.27251016
1080.27989532
1072.8990243
1078.6093977
1080.16922227
1080.75763737
1068.78733966
1068.98689095
1071.84682826
1074.48613283
1079.3216
1076.66005475
1076.55803975
1076.35735247
1078.3269244
1078.75249823
1076.04057995
1068.08925309
1079.10566181
1069.38390556
1083.55874702
1079.96488776
1071.70399956
1081.3290504
1070.12642042
1071.36138462
1077.13496288
1082.51296818
1064.2816462
1075.83679161
1078.37440945
1067.87979275
1078.53014848
1062.31066431
1058.53993047
1075.20174967
1075.3664843
1076.22593943
1069.63639125
1082.71718286
1082.497428
1073.05623145
1066.07887268
1077.68619505
1068.49724646
1062.29450177
1062.4644323
1073.08606944
1076.21130341
1075.61959258
1088.28542138
1081.76945603
1073.90984476
1067.72519115
1020.40960605
1064.35831253
1061.70673794
1060.19397255
1060.72207655
1070.6383839
1076.69165974
1083.27390813
1084.43290499
1074.10133702
1071.06979301
1057.18305799
1060.63326737
1059.01217131
1062.11731372
1070.58876018
1075.08440539
1086.00368935
1071.13534688
1067.23422778
999.570807932
1062.18587439
1062.7185923
1062.3804502
1060.80976848
1059.81101593
1068.85160531
1078.27067374
1081.56868582
1082.97972924
1079.43522193
1076.54558779
1067.25117478
1064.75128862
1069.33943717
1067.14734454
1071.44220964
1081.69052762
1066.81873719
1078.82139576
997.379478164
1066.53523828
1073.24586074
1072.76820478
1073.7905303
1067.36076117
1071.92841556
1074.28962511
1064.53160009
1067.73549249
1078.60944238
1084.1475643
1084.67134468
1068.61773828
1073.70890849
1066.63712599
1080.35386257
1072.70946929
1073.28623454
1072.75181589
1017.78845196
1078.07883135
1071.87049779
1072.25324867
1084.14130623
1065.24679408
1073.32208749
1074.63010159
1078.31166917
1079.10235894
1070.8481624
1073.70609099
1070.3704821
1081.28028426
1075.96522689
1072.46707917
1073.53968288
1071.29860831
1077.06801813
1077.42504814
1039.90632964
1084.97747108
1081.82901546
1073.81764721
1073.96413263
1069.08209115
1065.64251549
1069.00621372
1071.31305177
1071.67466608
1075.37378568
1086.15962898
1083.0544852
1072.8626192
1067.55569217
1062.68081408
1061.74111731
1067.43106684
1063.4482885
1069.15510619
1000.61254655
1079.44777365
1073.18059567
1066.34893769
1064.06601858
1068.18497345
1060.11176518
1060.36433304
1061.92718423
1062.87662904
1063.74871757
1072.25030813
1078.11028679
1082.70047945
1062.56688225
1061.85021602
1058.32854384
1057.0643385
1060.39805669
1061.88364763
977.230623603
1057.57350288
1071.85009682
1078.13141626
1079.70559258
1068.15420752
1068.60241239
1059.58124269
1057.76673074
1060.45168822
1060.86443426
1063.74664143
1077.50463218
1076.65748829
1073.85508838
1068.79288633
1070.8254469
1060.62701683
1063.89687733
1063.84212002
975.977884168
1060.24828805
1063.09115752
1067.96154244
1075.5288038
1080.59470053
1073.96378868
1068.95161671
1068.38490527
1067.27878496
1062.14695929
1071.77748916
1072.30913843
1079.0278365
1088.4839841
1077.14035159
1071.75442024
1078.59516969
1067.55569084
1075.70752676
992.057710972
1069.65343742
1076.65220203
1066.13321662
1075.67261572
1068.74761678
1072.70232494
1078.81429682
1072.59415504
1078.50411843
1068.1810897
1077.94874459
1068.74454043
1077.47988207
1076.64203929
1067.53575453
1061.39347659
1078.60531742
1069.55303095
1070.0863615
1019.79116267
1070.7941531
1070.04166342
1078.56073021
1077.51943943
1084.06007954
1081.40207995
1076.80598763
1076.06929987
1070.86884697
1056.9297915
1064.72306375
1059.52277424
1068.48092478
1067.21753628
1078.21472338
1073.63752606
1076.82463367
1069.72447345
1064.31213186
1010.58917498
1059.2095806
1059.10595306
1060.22328255
1059.26140283
1065.4730996
1075.83849779
1083.94310561
1078.21443413
1063.37813192
1058.44523639
1056.31197342
1057.51181028
1055.93178147
1057.74126528
1065.29211603
1072.82637461
1078.05645623
1076.02441998
1057.64097565
974.037878801
1061.94828154
1054.38562988
1055.89296897
1055.06048094
1058.10547763
1060.8253512
1070.98715391
1079.265416
1074.61187533
1060.05153475
1057.96215545
1053.02356073
1057.89298848
1054.9566516
1057.48829331
1060.57494597
1068.53368111
1078.67733245
1072.31735942
962.727721973
1062.13137124
1062.77338513
1059.92549712
1056.00578689
1058.93896234
1061.6325744
1064.96228875
1072.68739628
1080.36391383
1064.71766858
1067.27064352
1073.02778019
1064.95405268
1060.58798406
1063.66193935
1066.07960265
1062.54832566
1071.69460831
1074.69320194
974.229242506
1071.7632341
1073.91526614
1077.1466786
1069.28128571
1068.94052522
1071.45260106
1072.73652897
1066.08636737
1068.76362262
1080.53426369
1072.46016115
1072.27703004
1070.42565886
1072.32517065
1069.7493687
1075.92171618
1073.99503226
1073.73547061
1063.78100707
1001.16380891
1059.38032141
1069.29031684
1074.37344361
1067.33644494
1068.94242655
1059.42432138
1062.94682124
1063.72256303
1062.95981203
1064.46951038
1070.60289576
1069.97485285
1070.36864469
1063.61943717
1057.55618468
1057.13048494
1062.81893401
1063.18215272
1065.36272434
1005.96061782
1076.36636118
1079.27547194
1078.47779576
1061.70794599
1064.5558579
1055.95231901
1053.52506602
1055.36428844
1057.75308547
1058.08718291
1076.05451128
1072.91043899
1076.67323828
1057.17517095
1057.39285518
1053.75655299
1051.63300532
1054.1170594
1057.19131693
973.297963295
1052.77480027
1068.7372854
1069.73046154
1071.61664839
1059.73706377
1057.05446546
1051.45693659
1051.0432133
1053.15135565
1054.7307798
1058.12780549
1065.10163628
1074.92330283
1072.78553802
1061.62883835
1059.86919442
1050.78606563
1050.17692816
1052.38262661
963.305972633
1055.61013608
1059.0602459
1070.37077257
1077.79764147
1077.9357878
1059.87256795
1064.49516866
1054.27876152
1053.22648316
1054.04330319
1059.03893664
1060.73303454
1067.11237345
1079.38534129
1076.29209412
1069.53223407
1065.39410664
1056.52178654
1056.70645483
969.40858225
1057.23592648
1062.49303364
1061.83497919
1073.3219328
1082.86784136
1080.75952959
1068.5504328
1068.68432317
1063.22629425
1066.0009606
1067.40449602
1070.34637284
1076.92663733
1073.1711092
1082.2631833
1065.47704503
1079.25120769
1072.34728104
1065.17543167
997.312665477
1075.75402919
1075.71800487
1068.94727763
1070.3852373
1067.33530654
1065.49646446
1073.14530667
1069.54816364
1070.55394693
1060.21642585
1062.32158212
1061.68040549
1066.6359854
1066.38326681
1071.77917941
1084.64915459
1071.43221795
1062.77726327
1066.20361797
1016.84763078
1057.20613995
1057.97015995
1058.11346103
1062.21294378
1062.98364143
1066.05769394
1069.75264649
1063.99567772
1060.73850332
1063.13860602
1052.74665559
1051.38571454
1054.30546764
1058.33285999
1059.85828034
1069.4364613
1078.40292485
1071.35533835
1057.53415766
980.914257156
1055.07082588
1047.80032831
1049.26995563
1049.66484479
1052.9633289
1054.93973227
1060.39884558
1061.88540911
1069.9316705
1057.19878511
1055.20821976
1044.42464419
1047.20503727
1047.52393922
1051.97509087
1053.08953679
1061.99395573
1073.3901318
1063.25949226
969.400737197
1056.88220558
1056.19374701
1048.66879947
1046.11474224
1047.71421872
1053.42894238
1056.68338652
1066.44831341
1073.82931004
1072.45203494
1062.01128609
1059.31507839
1051.36387361
1050.31447627
1051.70271929
1057.24366992
1058.08274557
1064.85768717
1080.50562052
972.803572584
1078.13222095
1067.25147566
1064.97591456
1054.4536646
1056.67195126
1056.85567257
1062.20525864
1062.84012616
1069.80082618
1074.3601909
1067.46188693
1070.75972534
1068.30196462
1066.2887282
1062.97024269
1067.60107968
1067.09154469
1066.20832566
1068.24724713
979.798406096
1075.98169258
1070.33393289
1072.68602387
1071.18668802
1066.19399381
1071.29221583
1058.15175807
1067.61187754
1072.87831963
1072.96451502
1071.23462765
1075.58940168
1070.24168717
1069.43556283
1063.22469367
1059.23350022
1059.05201638
1068.26096195
1069.1704823
1004.88323831
1076.6190924
1069.78798674
1071.60863351
1067.74783046
1066.89969278
1057.72075543
1055.44278157
1057.30108595
1059.26631222
1063.42943446
1073.09972048
1074.00280504
1070.50428262
1060.21690655
1055.98635828
1052.81947716
1052.30022705
1053.4676408
1057.99711121
998.269596695
1056.76947142
1068.3179969
1081.12209195
1076.21762981
1056.21767302
1058.03545636
1047.02922316
1047.68165024
1046.3918039
1051.61783681
1054.00113038
1064.4000664
1068.78970632
1073.06681513
1052.47620612
1055.07877748
1046.2045739
1045.25739565
1045.03122059
983.82538814
1049.55385322
1051.78814989
1068.06818769
1074.8990885
1068.95709509
1058.32668498
1055.73905807
1044.38930448
1043.66566667
1045.16303329
1052.55968692
1053.01155965
1066.53364896
1075.15095268
1066.90659664
1057.69679894
1059.00056801
1047.97641367
1048.41803017
976.840491007
1048.29629769
1055.29029965
1056.13540496
1069.9234792
1075.67777444
1077.17593059
1064.27256175
1061.44245197
1057.35987367
1055.19710377
1053.08828445
1056.61465235
1061.03301461
1069.17474392
1068.8895336
1066.69008219
1071.82305086
1071.10248563
1060.47976971
986.265553163
1061.85252811
1059.66115981
1060.8516531
1064.92592389
1074.21534041
1072.49085771
1075.76185159
1064.04552874
1068.57120955
1067.84903892
1068.4043323
1069.41436665
1080.8638382
1063.23749691
1070.90496332
1071.56488825
1078.39068007
1065.60062301
1070.62452324
996.035101159
1059.48478919
1060.73439991
1057.46865633
1065.24825587
1064.57684336
1062.40505836
1069.65502651
1068.79717772
1057.34712262
1062.20777281
1055.18574645
1056.35698271
1053.71118476
1061.34358946
1057.89247919
1064.26351084
1072.53445314
1071.44255639
1055.5901307
996.725349532
1058.90832477
1049.3028204
1049.06704525
1050.10074945
1057.00997119
1056.16959725
1062.39797566
1071.77582803
1066.20187041
1054.79924645
1053.83613032
1041.41313981
1041.59102487
1044.98503329
1052.53463725
1054.75181871
1063.56412306
1068.48799425
1066.0340969
974.433846499
1052.93937145
1053.24058422
1041.54315986
1042.44627988
1041.08793209
1050.48854658
1051.2224612
1063.50867552
1070.63327908
1066.31013982
1053.51498626
1052.75890909
1042.78430848
1042.13598579
1042.806917
1050.39836718
1052.79712905
1060.90161399
1069.35071694
981.690118919
1070.68998894
1052.21164067
1055.78580505
1046.35211402
1044.31397249
1047.55618279
1053.42196099
1056.47703679
1065.62757725
1071.50153516
1068.93018744
1061.52900487
1062.87016918
1054.30289761
1051.05057846
1052.5673883
1057.26551794
1058.46370948
1063.95724071
980.69649505
1080.3790336
1070.39686478
1072.14324149
1070.07003142
1061.70616253
1059.55529097
1061.26496236
1063.33888535
1056.26863673
1073.29728161
1064.96618294
1068.99183525
1073.10800973
1064.86443501
1065.56643938
1071.59380177
1068.53462229
1066.7665617
1078.45499558
978.863006705
1072.66740212
1085.9512235
1067.35789439
1066.03006947
1067.06811637
1062.67458946
1061.34863552
1063.15533215
1065.36586321
1066.90229602
1076.84365606
1079.27267035
1075.32419275
1063.89958743
1062.68383267
1053.77366356
1055.81466489
1053.56350576
1060.9368543
990.96502364
1062.27368601
1061.77626006
1080.12010301
1068.52235206
1058.35765973
1058.05813248
1051.12579202
1050.36200932
1053.36472239
1054.06382004
1055.23356826
1067.01844558
1076.40095623
1074.58069115
1057.7220625
1053.10070523
1042.9448482
1042.03631247
1043.83743231
972.162990135
1050.46506652
1054.15991667
1057.43198451
1062.74404998
1053.68554135
1052.78201995
1053.93392195
1040.92692854
1041.95970648
1041.2968451
1049.74210342
1050.08310687
1060.27863878
1061.03838523
1058.53537212
1054.09839761
1051.12416896
1042.94033526
1042.34944139
980.387452542
1043.27818864
1050.85933304
1052.5036612
1060.45522709
1066.20266298
1065.47886068
1056.93774878
1056.00613203
1045.84890723
1046.17844918
1046.82312999
1051.32059441
1055.8205
1068.00159053
1070.7539425
1064.55958798
1062.88774281
1062.12923915
1053.97203814
977.044761241
1050.97512323
1053.80539982
1058.99236907
1058.16223428
1072.1171862
1076.15929531
1065.42256739
1068.04392835
1070.00122566
1060.57068866
1060.8598915
1063.24456333
1063.84515848
1065.25523938
1069.61375774
1071.73599646
1072.36722615
1073.30869938
1071.20654465
971.472423456
1070.97128009
1065.17631593
1069.63069425
1065.03063733
1070.66806852
1068.35202916
1076.0766992
1065.43495272
1063.90576991
1061.75809469
1059.7335837
1059.0221085
1061.30069309
1059.38535901
1062.54418628
1068.66058311
1078.62829032
1076.57090805
1059.32785215
999.966644672
1061.18615368
1056.94767966
1056.2599898
1054.30208285
1056.19487157
1059.2544845
1067.64190708
1078.9989072
1068.13533702
1055.640249
1057.50426052
1048.10576585
1048.22221783
1048.56408071
1055.51554167
1056.93168587
1067.71480575
1075.68268037
1067.19665708
982.659025974
1053.98403147
1055.62802615
1043.00465202
1046.4112561
1044.10650999
1052.36320488
1053.47178049
1060.15277025
1067.29384962
1071.04565487
1053.09698493
1052.5115255
1041.113254
1043.42366474
1042.55914698
1050.38394587
1050.98164612
1063.20930058
1059.75168288
978.124540504
1066.91580885
1053.78850576
1051.86487411
1041.31195204
1040.74140853
1043.81362672
1049.0823039
1051.94594678
1058.74874546
1077.2086559
1073.46350907
1059.11360434
1056.13007355
1047.20446051
1045.86583089
1045.5301606
1051.7204071
1052.74858954
1062.23590527
984.905892744
1073.94221805
1065.15117374
1061.70579318
1061.26067272
1051.79323183
1053.49719956
1052.44698005
1058.7270288
1058.70824181
1070.7384843
1075.14828912
1070.61470526
1066.95941619
1070.50811416
1059.69342648
1061.34631842
1058.37898892
1063.67866888
1063.0123385
971.424682369
1069.39431786
1076.9516593
1078.76275309
1079.98304553
1067.83433554
1066.72955708
1067.3681646
1068.12095796
1066.39473828
1070.42466269
1060.58830049
1073.73832288
1076.63055899
1064.23576239
1069.91514204
1060.88269752
1061.62312046
1058.33706643
1056.30235901
1000.70339367
1065.55211244
1069.75316622
1072.86101944
1073.11618744
1064.30227446
1051.74797919
1054.54725975
1054.71084574
1055.98911746
1062.11135385
1059.0953326
1072.17457054
1072.0714107
1072.68648916
1055.83757599
1058.57635268
1050.7301867
1049.61146096
1052.83166829
988.762797763
1055.16476828
1055.4992459
1064.82345398
1068.36099204
1061.51320566
1054.09612367
1056.81283156
1044.66018198
1042.89403728
1044.67961429
1051.6408847
1053.12405762
1061.98475299
1070.67764264
1068.02067965
1052.12078059
1052.72239672
1043.38736279
1043.30488988
967.911815281
1040.77641385
1050.20815876
1051.48542927
1060.26721824
1074.55079743
1068.53651858
1055.29109973
1052.79060266
1043.8922167
1043.70582408
1041.10711496
1049.62264907
1051.45703104
1063.73913147
1062.90827068
1071.03711853
1057.79677669
1056.79576862
1045.60279805
968.5112724
1044.4591646
1046.16986114
1053.88232284
1050.54466888
1066.04918681
1074.36348739
1064.30894164
1057.18656909
1056.15717803
1050.87708511
1054.65271828
1054.76169814
1058.73076916
1062.99643598
1066.94909907
1077.68295358
1063.45554043
1066.10338125
1066.0740854
975.54933842
1058.43855536
1061.56390965
1061.93744907
1059.96832005
1065.84203053
1060.60345756
1076.77259567
1068.08430035
1066.99075111
1068.42856941
1062.49371327
1067.32512965
1070.91272534
1061.52326625
1071.32695181
1069.78958727
1074.0730159
1070.85015466
1068.45321947
990.588112154
1064.12758894
1062.4794845
1061.92663508
1059.96945438
1061.14172997
1067.36351858
1065.38197436
1074.00905038
1075.0326061
1057.91103054
1057.65877635
1055.57455363
1055.74542642
1055.2324969
1059.26092294
1062.75429274
1064.02974215
1077.49519938
1067.55904379
1001.83352143
1057.78032462
1057.39137661
1051.38316674
1049.47353993
1051.87125898
1054.97595656
1058.45766726
1062.29826991
1071.8680588
1068.15840602
1055.73043661
1050.68702837
1045.4394727
1044.45234621
1043.80370173
1052.92828337
1052.60643794
1063.90811288
1072.90092083
970.391444544
1066.55411549
1054.49651374
1053.73844105
1042.00084496
1042.0333024
1042.52026054
1049.30701774
1052.04171118
1060.04071979
1075.62421053
1069.04599956
1053.96865293
1052.75229002
1043.4162278
1042.8085
1043.7820253
1051.09921685
1051.96678625
1062.93464542
972.332912534
1074.5445701
1072.63044096
1056.63920204
1056.43242553
1046.65723746
1046.27196494
1047.78633008
1055.01838165
1052.64287855
1066.56569854
1073.84043653
1075.31413616
1058.56536537
1061.26852259
1053.4371414
1053.31758581
1053.88624335
1057.54278999
1058.23845173
969.669524944
1067.30354401
1061.93927188
1071.57251171
1066.27022655
1069.33416733
1058.4565279
1049.6151271
1059.82953809
1063.35869721
1054.99877522
1062.07835809
1061.08459567
1067.35208834
1061.44488727
1052.00735632
1066.72782611
1067.61058363
1065.59975929
1063.19383105
983.43815966
1068.82083996
1070.5918882
1077.20434231
1075.21894521
1068.68014912
1064.75474912
1058.85252944
1062.58137511
1059.84587112
1063.0848885
1060.02133805
1066.09408488
1069.75267079
1074.21718612
1063.87947764
1064.49370518
1056.35920115
1055.92438237
1060.20657997
1009.08249287
1057.63115323
1062.95283887
1075.54293631
1076.45960053
1073.04370986
1058.17521523
1058.82418919
1050.51727462
1051.38959645
1052.36218315
1057.6050727
1057.05226362
1071.4677969
1082.24591597
1070.38635029
1057.44285999
1055.65250931
1045.8646356
1046.06709809
973.870549776
1045.66673336
1050.27937295
1053.77198892
1059.92466047
1076.62318709
1072.64381637
1054.31730275
1055.34476319
1043.11390191
1043.68365409
1045.61322148
1052.29035432
1051.75558226
1061.9327521
1070.26781645
1068.89435161
1055.3161414
1052.3142469
1044.49177541
973.660357625
1043.04707457
1045.34288992
1052.50938287
1054.63124878
1064.85015051
1072.91488456
1064.85900133
1058.86715685
1055.93924989
1046.43053461
1047.47960382
1047.51219033
1053.48418351
1055.84825665
1064.58925619
1077.86332405
1072.04331211
1064.7224201
1058.50270859
965.228754946
1052.61894681
1053.84571454
1055.12040071
1053.49864393
1062.35188131
1068.02174038
1073.0806008
1066.45043173
1067.09869394
1065.23445398
1056.23389548
1063.26593401
1062.29045128
1066.16053982
1067.94432434
1063.99065871
1072.44968095
1073.32797085
1071.10196198
973.590085459
1070.79369761
1068.08807077
1063.59534896
1066.96462052
1071.13999646
1072.27515738
1075.11793902
1057.88194435
1066.94075387
1066.70156081
1065.11820487
1059.01457459
1060.02551616
1059.3805892
1067.71242876
1068.93896062
1070.20615245
1072.85266696
1065.46835411
1019.35369056
1067.23407699
1063.58983798
1057.77447476
1057.9108879
1054.68620248
1062.39085746
1064.28631311
1074.48026923
1075.97000221
1061.0696565
1060.90418335
1058.3044535
1053.15287278
1053.80530732
1053.39836082
1059.0718724
1055.7554783
1067.80887439
1077.08557294
979.71173915
1065.44500044
1058.49541958
1060.02127869
1049.23558784
1048.65993035
1049.61922582
1052.93191977
1057.69661099
1064.97354027
1078.57508134
1064.0958766
1057.62634471
1051.21246566
1046.25719885
1045.63754106
1046.40683311
1054.87923183
1053.70524601
1061.35265294
966.811411871
1069.60631181
1072.96861566
1056.71343598
1052.72317634
1046.06879538
1045.03520817
1046.50733807
1054.18660532
1052.54805496
1061.18319124
1061.09892393
1055.71657718
1060.59454119
1055.43014843
1050.45285714
1048.92044346
1050.97749845
1054.17527128
1058.15316261
964.217850585
1065.6211531
1067.09284836
1066.68674978
1058.95556681
1061.60604205
1055.59559371
1055.07686702
1056.85979132
1064.94014836
1062.75589863
1070.21868819
1077.71435395
1068.03743993
1075.05649845
1070.26692349
1064.79342674
1059.43408499
1062.62099956
1067.37132212
971.251806365
1065.88303184
1063.89620159
1076.78676403
1074.35024415
1077.36031728
1069.79332626
1060.17968996
1073.10770367
1069.23671252
1071.52966932
1066.38398408
1079.50190676
1060.88152694
1085.73537738
1069.69957054
1060.11893233
1065.05412699
1065.50976096
1063.49888584
1011.75829372
1056.89379169
1070.78082397
1074.82980778
1081.12470804
1065.89339107
1068.69152212
1065.58186681
1059.63800753
1060.71476129
1058.9135124
1064.68942895
1068.35503409
1076.97814721
1070.17773663
1064.24023165
1065.66530854
1059.02186897
1055.53378689
1055.85802038
999.468473262
1054.04133407
1060.28793711
1062.47904827
1069.3909195
1077.77959814
1069.35162423
1057.95881045
1060.30798229
1051.85296319
1052.42371175
1054.26043858
1057.28911786
1056.10770226
1068.55675619
1073.63321264
1074.02569792
1057.85527281
1056.13901728
1049.64574767
976.460740708
1049.19256851
1050.10721907
1054.61359929
1058.70036287
1071.85373351
1075.88933554
1059.54698364
1057.55767523
1059.34049934
1049.58252993
1050.91295608
1050.84689845
1054.638543
1058.52888879
1071.01350487
1075.76157073
1064.24483024
1060.59077104
1059.04338795
968.056508079
1053.89123626
1052.96416231
1053.60173759
1059.14858352
1060.77318556
1067.6864467
1077.69398762
1064.20570261
1066.45853584
1062.42560619
1060.39909792
1058.85758352
1059.33576705
1064.864112
1060.2630695
1072.74452697
1084.58297349
1066.96168419
1070.52309991
976.18453915
1068.35721893
1062.77972377
1058.73838734
1068.0730969
1071.21985759
1067.61666298
1067.61741361
1085.82108613
1074.03099426
1083.86293681
1062.84429828
1062.75577355
1060.1105533
1062.3596954
1078.9888183
1068.94669333
1075.82058083
1065.99676336
1057.2248697
994.483906821
1077.22190539
1072.95530548
1059.80950664
1070.03524469
1061.59564396
1073.01703759
1067.44549602
1068.95237075
1068.89867314
1070.89812682
1064.66159664
1067.87222645
1060.54558389
1061.17236211
1058.28391368
1057.76994159
1074.83387926
1067.99898719
1071.65650331
1017.58322064
1074.90896421
1063.94535575
1064.27741283
1058.06988308
1059.69461913
1061.49285208
1062.44648473
1070.59912395
1071.21326525
1067.29133053
1066.76951592
1062.71922488
1061.06259407
1057.01420868
1053.81139495
1055.52013336
1061.47456447
1062.35146944
1069.53140159
982.204190157
1066.33097171
1059.97441796
1059.1617676
1060.05145881
1051.49492642
1052.01196232
1054.37990691
1056.97981125
1061.2415465
1069.52503096
1078.30293546
1076.51419629
1061.18979504
1061.09643091
1053.36524468
1052.5555984
1055.48729699
1058.20310142
1056.94603499
962.937939856
1061.63671075
1072.16062599
1070.98342308
1060.81130796
1061.56115582
1057.05174479
1054.05202393
1058.17255162
1063.32204429
1066.66245994
1072.59004556
1084.18420504
1083.10650464
1067.36319062
1072.42385847
1063.29317751
1061.28327446
1059.50608986
1069.20580133
972.938591946
1072.10353938
1077.37009903
1081.69242333
1066.96595936
1070.23697745
1072.6515672
1070.67663761
1068.31021593
1065.46384115
1076.96325697
1073.13961096
1067.08355722
1069.73739046
1068.78310508
1068.69295272
1083.5254768
1066.23683864
1068.14157825
1069.39510212
1000.23344073
1073.47517808
1066.64453911
1077.98597747
1063.63295541
1069.35390945
1071.90260274
1074.92410301
1074.20914153
1069.60715126
1071.02391243
1072.52100486
1074.9631649
1078.51890106
1077.80197969
1063.36095186
1068.71571618
1073.52780628
1064.75439956
1070.28959248
1024.49126089
1065.98030929
1061.91211986
1074.76702875
1068.20563235
1076.64161749
1064.81605347
1064.50042636
1070.20743742
1060.98402879
1062.40951704
1066.98856441
1061.07252944
1065.2620385
1070.88932493
1082.55408083
1082.78993504
1063.5476031
1064.29705929
1061.05635474
996.77370798
1060.40800089
1058.61558503
1068.04361072
1064.7748854
1072.47962599
1074.7493924
1078.87919532
1064.46457301
1067.9412178
1058.03738857
1057.98726407
1058.28363934
1065.94156574
1061.31156485
1070.23772269
1064.10490057
1068.14459037
1065.25177655
1062.38647853
975.280887299
1058.87644661
1060.07358307
1060.71205848
1059.4133568
1061.85344046
1071.93411538
1079.14505038
1075.6965338
1066.54856701
1067.08437832
1058.69758787
1062.75984544
1061.19714128
1061.79987478
1073.22363274
1063.952
1077.6863734
1064.41221025
1076.56643059
986.858128744
1074.29044847
1068.11641991
1060.16444577
1055.25447035
1067.8690146
1070.74124104
1070.58391383
1070.76744876
1068.29167285
1074.0559757
1075.11224481
1063.87543963
1068.20322026
1060.14381026
1075.15751945
1070.52231242
1068.85973057
1082.8404362
1066.63988168
1000.52179215
1071.91464046
1067.88890455
1065.34358683
1072.0037763
1060.34012947
1060.06165267
1062.96092756
1073.19670728
1077.5821223
1075.46393289
1064.74384666
1060.12354883
1063.54516667
1059.33511942
1070.39005084
1064.91246708
1068.20303358
1064.7859457
1076.23369404
1025.40357016
1062.94988693
1067.8105802
1068.32890407
1066.39960062
1071.36766873
1072.34934233
1070.48788638
1074.4747237
1078.51705124
1074.01398763
1059.21607111
1074.53259019
1076.14599646
1066.93457743
1069.73012212
1069.60433053
1065.21141088
1074.63397037
1073.35466726
1015.33963017
1074.39091343
1063.99663544
1062.83337152
1072.52939894
1067.11579637
1066.19590881
1061.63205843
1066.36573109
1059.26267094
1075.49071144
1071.68298012
1072.1961825
1067.32277046
1067.7095732
1062.24020717
1060.25173085
1060.55111775
1066.02751593
1066.3734268
1002.72561329
1076.57398586
1080.0561356
1074.55166284
1068.70491597
1072.86007253
1062.11800354
1063.36718459
1062.42343825
1066.13828274
1065.12497035
1070.91021839
1068.77807641
1064.18815724
1065.38613926
1074.0061119
1070.72955133
1061.95682212
1068.04260912
1064.2896323
995.775028571
1076.23323673
1074.83819753
1074.26433613
1071.25617977
1076.39913307
1067.90651105
1072.01241283
1070.51845334
1074.61367315
1073.38791247
1065.54553006
1079.75894565
1066.43637572
1063.2568883
1066.79495581
1073.81902121
1071.5127763
1076.24659947
1064.21136163
1007.14919207
1067.33457623
1069.52311312
1070.30514399
1073.38124371
1069.08001765
1063.30553092
1060.6936727
1070.83536544
1070.47154529
1071.25881131
1073.46739708
1068.95860071
1053.37559161
1074.08975419
1065.39370199
1055.05373366
1071.44986705
1068.00072824
1058.54072691
1031.84480745
1068.62393195
1077.19483297
1067.67912986
1071.29563753
1065.82388477
1072.45027285
1078.119962
1075.85003889
1071.11127984
1067.45669629
1076.19152874
1067.60580027
1065.88792399
1063.00953887
1070.41780706
1067.67049625
1065.55711047
1066.36119982
1065.7518651
1029.6529477
1069.90544272
1077.82257408
1070.11937798
1074.55898099
1073.43873719
1057.58054746
1075.39558171
1074.84064943
1071.92293148
1066.29992835
1062.08025166
1070.6616559
1066.57359398
1069.75404907
1074.5469156
1074.99772217
1070.30414664
1075.04823386
1074.77447413
1026.60477166
1059.41005265
1068.30345684
1068.5791115
1066.91789783
1061.80248076
1069.92688688
1060.50560998
1066.49805742
1063.7535168
1064.8801632
1066.46275442
1068.69024513
1062.51368274
1067.55631889
1074.92969925
1072.91540963
1079.45947968
1074.34367712
1074.23345535
1007.84857892
1067.94193546
1067.13069129
1060.49251084
1068.67457674
1074.6120588
1072.27320778
1076.89076634
1081.38731184
1062.69842826
1070.19069068
1068.23085771
1064.55949779
1057.90079443
1062.15917418
1073.63809898
1068.8856456
1064.46057332
1081.99403179
1058.17686849
1022.13028267
1068.43472394
1076.67557774
1066.75741052
1071.79722802
1075.44338268
1059.71718463
1066.27575751
1066.16196071
1068.61130185
1065.95116064
1059.58613642
1054.68765298
1080.04089713
1076.30316865
1064.15242958
1067.67447373
1048.47358675
1071.25744925
1072.97449426
1034.4248258
