111204.32495
145014.060516
145256.141879
74921.8592643
138489.502683
124990.710269
166530.264685
66730.7471353
50786.3865336
133371.057352
150251.033294
71040.9904867
112667.68569
76350.228901
125625.288173
104407.5114
51683.8198712
53175.3432796
84371.6898511
156777.114914
114882.415606
111495.079103
71545.1135086
44721.5744037
49010.7177647
107530.254804
63110.1513123
124994.600873
46136.3276347
115360.51021
36461.813805
119085.568801
43049.4723252
87120.6061099
97962.4405056
101849.559616
60349.7030418
105592.278898
60781.80793
158158.959001
95300.7312099
116340.042327
150079.151071
131514.670257
141289.369517
149379.543909
70666.4379637
132235.512842
149009.398247
131820.550601
100284.365859
143481.835745
85137.9326401
151134.949453
139457.197048
91612.0948256
153316.15777
124956.993469
105095.504183
164468.095247
90005.7073346
184726.924442
95913.1993469
176585.959957
111561.27651
126672.270419
79819.4314416
89818.2463473
123715.740965
103650.574157
111326.269304
96873.3789847
114473.779858
81308.5016658
140727.383735
78421.5206278
95636.7093691
90063.8474147
152613.018216
162549.260847
125048.599634
141692.460557
134621.643323
134476.680208
106380.742605
162060.371815
92814.0068198
118224.965645
119848.959732
95806.5096508
82305.2635654
92939.2618862
117534.457812
136858.659619
99198.1475934
116326.103843
85644.052029
95218.3833244
83486.6167116
145952.364734
72231.0719612
62936.2480285
118893.264197
91260.1338829
66493.351407
74715.4818839
81019.9184619
86938.2270551
91604.7560641
99344.01503
124188.764274
93339.5103046
62598.9725102
67133.7737428
56058.1386908
109935.598183
61234.145202
69153.5595727
83583.1389752
160934.871876
87058.0751507
88358.6039123
96605.8590681
106223.905743
124147.790083
107887.573927
93374.8490163
104050.997358
119297.842946
118389.833584
127807.162008
114895.458081
124635.563145
84188.6686952
81399.7863405
133099.211094
150590.248506
147137.740263
101680.241805
195645.771223
85676.9029163
86214.0149103
130062.498549
110772.994458
94452.8497654
88765.4044898
104025.887975
101160.691775
109764.162542
104595.835987
131114.40557
103796.613006
97738.1857822
110245.908321
100507.886217
118622.610548
163835.058338
119692.409845
66629.0657064
199432.080353
189744.526829
113613.908306
111958.829107
109363.672907
124365.832033
123338.266336
172587.88124
95101.8462487
86259.7555791
167782.581652
118916.142917
100234.231862
129130.713008
129986.514638
81712.2205802
135588.747953
97486.8605588
97734.7240252
147402.448446
201585.712291
82220.0356923
72195.9601079
116701.643324
67670.4110707
92417.2642707
78836.0505975
65272.6146627
84908.860621
94454.9447144
52381.894667
85836.518587
62846.6857936
57421.9139395
78367.9649347
76491.9671565
79648.210413
134919.358763
72729.6845632
124320.686871
200607.292275
70214.6068846
125301.757202
80456.0824419
61191.1106445
104143.327049
121917.496254
131900.920797
132554.163014
78873.5304903
66965.352225
127162.741874
82911.7865545
60478.2851908
126630.2712
68694.587175
64929.100322
64724.5113587
74105.4592051
62838.7388737
180085.180488
163807.37828
115695.290392
87655.5085314
158914.975789
117210.980887
71556.9748416
131561.572611
108478.206324
105327.374393
148577.942734
103800.338679
121518.835979
121418.081456
61035.3049578
90156.2564947
167812.553044
108457.311653
108880.989026
102548.001888
200462.79824
112279.34746
137784.973336
160372.488918
104384.788393
74999.5318217
135636.894207
110827.627091
128439.555937
107309.919598
138398.487147
57411.6626421
85830.2038168
118612.169798
65796.7346168
90172.7410321
144325.300166
94171.7994278
127271.064086
36751.611515
204248.409813
110915.894311
98323.385587
90174.5528292
54989.6665596
129320.895687
64135.2564181
134039.829846
124452.564136
100716.923548
90795.90336
98593.1772183
124153.721369
111154.814921
99074.1083523
121162.061695
101520.035058
126992.203445
80497.2754008
88495.3127852
206923.041613
120724.118426
127785.94671
127730.887245
136790.271786
108868.948294
138117.548864
128748.935124
106851.089725
135315.486667
117602.168142
118929.011509
64530.034193
78094.5194907
72054.6642712
107661.877049
124658.456386
159739.669859
121139.460031
158276.125583
199161.317107
99702.3090546
50577.0185982
112465.320853
62919.5984616
128744.9189
104558.558548
131807.584493
44455.4452061
37453.9993668
89692.5084988
114027.234346
92307.4741655
108345.425871
89654.2953623
84729.6321059
98227.8582442
65561.0845279
136582.714265
112772.59599
196863.195327
102142.35155
86981.8228808
96982.4614066
126355.600085
122830.208398
87385.0766959
75780.9320067
119521.419674
143870.873378
130374.660211
112445.681553
119030.125751
145081.292354
163896.982106
102387.500259
103946.563297
88908.4543337
66168.5160851
89937.518871
199203.963298
117706.702935
141580.360378
154374.544815
88483.8707909
91971.1444013
139229.938907
132509.455462
133460.174016
86480.9651126
103904.025527
108686.506554
135355.161663
130425.724158
81611.7205226
104884.483429
95958.1353086
110224.896964
151438.767607
120439.045773
207272.950398
83314.9103022
106864.386059
103915.193777
105242.70935
111162.612638
102202.010036
86508.1312614
80750.5547367
104843.36074
125228.969724
122847.827059
93837.2320011
71820.8960533
153273.725461
67799.9381869
97542.542299
91005.8243754
123800.419956
76572.2386179
209237.179374
94748.758753
87435.345545
50282.1644636
86304.5821724
63846.9204567
55959.4998978
116759.324541
112089.405826
127451.577058
90308.4887865
91590.8926654
72681.6580379
71396.8913115
94160.4383688
117448.517448
72268.7387833
76088.6335658
72324.5253256
93651.5139625
206284.732608
71542.9185661
22726.3650887
135987.761711
41541.5213325
120642.686941
83193.5506543
60198.4277741
118169.539884
65542.9854
111825.953619
30913.8575014
131975.485606
102735.102883
120244.403997
88143.8866284
51884.1378421
92816.5441031
90213.3554649
62094.0240327
199032.070148
719.666225545
950.32641009
945.925774799
678.535783525
814.81151779
728.917788819
899.0928497
958.733614127
1104.27772128
1048.38176889
856.294286307
867.993416697
744.452019625
1009.93726821
926.441527978
1044.18339021
1027.8047341
1109.39846421
695.25983495
204322.903127
93659.0139485
70783.3831415
151466.91697
125167.80649
114977.33853
111458.017815
108559.680753
93645.6897289
111052.89555
99355.8229377
112233.76322
83850.2960539
103624.472001
114935.662071
115486.893432
123223.265929
112227.524442
161818.649887
111463.633137
210512.297905
103609.728475
130373.453996
97365.2696531
121804.308174
140575.436546
105773.423956
125262.974618
123999.012044
108996.121914
132136.598088
93660.1632453
130399.857152
89772.97518
90535.6654284
97787.1020018
100668.253429
146940.391217
85814.8086943
100064.764654
217207.719046
90348.6765439
112801.33104
115575.834205
144348.923373
159221.526102
96097.9665574
112607.368513
126109.905125
99455.4891375
39084.3190325
125765.820478
126024.721338
127360.711729
167409.923197
106691.624629
110815.859174
71610.8829432
97923.6516233
139325.367657
212459.736001
84747.8832263
100352.037096
126664.550818
109100.817032
154899.796959
104285.205617
121539.035472
108307.509396
134016.616765
82964.0882399
148886.8008
129433.984831
72928.5038089
83902.2784111
84223.193876
123180.42625
156964.419161
83609.2277093
128155.66163
201962.325621
74502.4950768
77357.16711
76632.8275387
97716.3683128
126263.118742
94373.81086
47726.1742783
37755.0284661
53573.0399699
85915.4588368
67414.5587007
57418.3907514
68877.7354102
80085.0489414
51063.0638319
56203.1858401
77849.0083795
68727.37733
70460.2086351
197716.260962
105401.503722
99859.5588614
98826.4439989
170601.437972
116395.174404
152298.16619
89031.3405418
84924.3672511
121840.664304
121438.897313
167644.195367
87538.7450422
134663.426831
112176.823312
165121.987187
117256.658702
115771.40825
109943.503579
110958.994082
207780.478826
191.826062086
340.198471484
138.279220627
157.2279207
144.785720159
215.16018396
108.695073704
270.95123441
161.114718077
216.329774716
279.350948416
312.961582915
226.162183694
209.516450087
306.061774032
280.350800656
294.868170706
110.709400814
286.303867878
228904.148201
51333.2981161
155717.737499
121145.879435
74053.5621335
56847.7217536
104827.853106
83617.2214359
141150.821299
41113.3509598
145406.119717
51625.5575784
129835.19832
76863.6648309
52965.889575
95911.7831566
90578.3696454
59624.5934653
90676.7485714
47654.1006205
226486.209289
127028.739485
85906.7941016
115902.819563
122088.087772
95708.6750036
73834.2923138
87505.9578238
115147.128054
122387.844106
81276.0613547
157794.441327
124137.166136
80149.5128869
150512.16666
114247.437407
90054.8862004
75211.9948875
82329.8886085
134509.905062
219701.104582
98605.1520491
137835.189628
154313.302733
107050.156834
115583.527367
94303.7280241
126136.529335
125270.972061
157629.770755
101368.504291
127269.836732
92670.4661686
124312.478415
104689.500027
133022.646378
113660.931727
83191.6628209
94057.2229415
143196.779257
200408.534551
160766.54271
140017.983036
106468.398858
102491.278521
115424.609526
162682.550389
119250.115871
132220.034868
156824.867938
127471.019723
127883.24663
140305.560761
91813.4766304
78381.9468093
77252.0371573
150208.728823
75743.5043636
135322.552725
98325.2331185
212253.30682
102059.425436
83746.69276
93157.7859349
144313.398844
99987.1492283
128189.875057
172621.77462
104248.912119
124620.412126
134964.305209
89255.9287309
138117.98484
88629.5490863
73741.3002843
124968.333822
94261.2000787
98348.083089
128884.994093
110732.255323
234220.826727
88462.6047825
138883.1344
97229.4539679
118243.526168
71947.870485
154162.659176
147120.816244
93882.0245021
141747.715938
133057.851744
98822.9830095
82010.2078823
129116.903965
134067.284971
122281.832617
84438.9329411
115973.198003
65993.0654914
167153.884141
237520.310606
118859.598464
89033.2256477
75711.8923105
98647.6447833
117431.355235
129043.035276
82226.6960572
93420.3970692
122390.226054
112749.722885
119327.735043
85686.3097305
97119.5819037
153489.212911
97701.693499
80741.6289484
123611.553573
100332.836552
100227.735625
221528.103696
87611.6950067
85209.1893826
70115.3883864
84635.7974638
143953.046321
83571.9869588
88687.8701979
88436.348641
83145.9667421
106724.403382
93602.1131696
110895.8487
140002.7421
114904.793299
129189.794727
84540.9977613
87525.677517
114065.84771
129902.264975
212979.055556
63916.2590761
42920.2482086
73312.6136753
71884.8247168
63104.9969797
59075.6624617
59377.0007322
89189.4319354
74454.8013649
60266.9235287
62137.5891489
81500.0798463
90288.7118689
81395.3299822
66440.3064881
78401.2652783
57574.8446517
78119.5764667
75464.7775001
213977.833021
126351.499541
122275.331028
153875.683838
127885.615822
90233.8145925
103840.289261
144828.532633
105023.889162
111761.17153
133685.556414
89586.1492659
113633.585833
93340.9569757
117132.858993
160443.862276
112187.191259
120831.734414
127575.523486
120778.385527
225277.484455
112461.126187
116370.668314
132597.34172
123739.000051
98432.659381
108892.051315
118269.987181
118629.160896
103772.330867
110373.123948
108496.352604
89353.9535014
84304.2182589
99777.0990272
101733.646075
142949.754361
132647.725415
135452.735771
166062.653094
247555.534333
133386.088785
167980.419196
90170.5766069
132802.686686
124744.633888
114181.85344
75881.541496
111233.26313
113862.960446
169164.740516
124724.774931
125959.314737
129838.748572
117164.2579
151379.142573
81554.4821635
102366.729477
94418.2731192
97447.062572
236688.656827
96121.1197166
131237.939664
113165.336137
116925.29397
94757.1450687
111173.492341
110792.000706
127976.320002
109299.269581
88148.2171902
149739.943342
130795.336097
99929.94795
83772.8828986
118158.212066
165404.360748
159043.103427
93585.9675374
173181.647991
217183.54969
138511.971463
129612.012272
152293.134665
152360.937336
133245.70366
171482.235125
110041.684833
79883.9693639
90751.7388554
117669.010383
151402.892444
99196.7603585
125784.973372
84700.6957856
108402.644008
116112.712608
118824.814667
129495.769849
73698.2131385
218648.151394
120426.187376
86552.8851221
43826.8522462
53277.3505423
79891.3272223
79131.3607045
79824.7095161
79415.8212227
46423.8896859
86790.0099622
81770.2562713
85886.5592877
81036.462144
86702.6351632
112746.345516
48738.2702265
121845.72851
49239.6736107
88933.1787382
224427.374908
948.877833473
1651.11320312
622.811482599
5575.08623038
3741.14529828
768.360096631
725.251089525
879.57183848
655.7608086
5010.80981004
4438.66875688
4299.28558849
1967.62698507
3414.99910758
4285.98693418
289.764682852
3114.19838344
683.003172272
3177.29611762
238810.375444
112673.227537
157863.787926
148576.041016
57109.3744156
92487.7173971
125062.798441
86173.1752456
122637.663036
48740.0218438
47521.8321296
113646.137226
121354.602834
114740.341838
48044.3374182
100989.556921
75944.5786253
97091.6265042
115322.412657
107236.547241
231981.514648
160140.732143
143998.292074
81804.0112356
187775.70799
113277.480596
124948.455947
128623.161215
115433.460273
109035.324502
108377.347686
118198.320118
101218.14568
130913.288471
93582.5548927
103376.941349
105050.773163
117729.657036
118411.907948
76930.8075735
215705.66228
21097.7526088
22181.3721612
21305.9529665
17515.3093308
16806.7362359
17308.753618
15355.7024416
16526.4111191
16246.4282375
16599.7819507
17156.0169981
16247.7381781
16805.9180534
9029.99121447
19877.4636209
10358.5514339
17141.7720926
14376.3462061
9300.57056365
207521.513716
78960.8662627
88358.2091389
123517.832673
101377.918839
89163.4283341
84395.0770182
80747.3431667
70732.0619131
94414.7551599
124969.275285
109547.757337
150551.30665
136318.155897
108007.21217
75384.3823866
98829.4944765
106034.487413
77179.9364272
89588.5122145
211739.590757
114493.005195
104917.849528
70183.7805846
63033.742088
124042.733406
125366.397019
95140.5229697
151591.838533
131477.990945
90321.6886235
141332.339138
78097.8133149
136734.753063
124227.883221
91316.6671273
97586.7568594
166886.183797
122829.723311
116091.985771
239966.986502
110764.132396
108666.43819
107689.216217
103199.817001
104399.129674
111327.041513
123148.475864
101901.567151
101314.594198
101559.853745
84710.3515631
76122.4427216
128226.504003
101219.715536
119971.760884
100052.082519
92509.6945617
116028.319393
152126.22081
250510.790366
139774.139203
126395.485294
110137.375973
101224.578797
88944.1947609
105607.883154
99976.1367558
124722.554227
134122.425655
155396.608548
116603.062607
96847.8479548
84339.6788723
101791.100065
77655.2182271
131126.702811
126843.994736
106868.286423
90625.5071043
214945.37682
120372.004284
126937.928852
86768.3927062
131789.371246
107583.540523
111403.951786
125605.322418
81347.3892835
128766.265044
96373.6476427
102600.894322
131356.103665
134923.974557
111389.270801
124049.666115
95633.2681487
89384.5726952
86877.3486808
129899.337533
203672.117476
120294.778642
115541.708974
88244.5182131
115003.671123
100600.415466
127463.934561
140048.346427
173409.845509
110540.167265
83583.4875496
119715.970114
119459.13394
144065.739313
134005.056369
124844.37642
114064.13405
101540.928861
107166.656927
140283.328481
209736.584301
16831.7762764
18161.8699268
16044.9567451
17010.1637138
21209.8284641
50679.3386007
15793.9010049
16665.8678413
16883.0058047
16430.9988277
15959.6575748
17025.739405
16519.3993535
16912.181541
16103.4492105
17887.3640955
16416.0108982
17221.5787065
16508.7660725
234755.228045
126227.559088
158362.829264
80692.5445149
121791.999399
115347.491299
99927.9579447
138728.526752
105532.712696
99389.1692272
100234.27955
103950.25501
82039.4949986
100671.041569
71460.0043274
115199.473322
114335.391508
129675.676917
134712.496123
104035.277089
245296.778848
167961.71059
117539.386508
79462.4861962
137167.314482
109195.180007
137291.889225
77786.0378125
171463.247088
92242.8903509
107226.907318
61447.105719
162796.923112
87183.6886981
92991.7228216
46445.3417178
145724.680725
110958.28276
133853.355166
103140.189882
218350.026782
75459.3185429
96056.9188267
82105.3697612
71841.2183052
63841.6618634
104361.152293
64114.1244029
61465.9598799
78252.2150437
107463.508237
78151.8467579
67431.7177588
64299.9616378
74705.9752997
55633.5767851
67261.2063915
67368.7408539
67876.96774
104888.816092
208407.908629
68537.8736247
50766.3352322
97434.961709
106311.85402
70653.5303688
63499.5699899
107332.079188
122908.372242
124242.849881
92521.8326638
48940.0045736
118137.254043
72067.479006
61654.1890165
51082.2964464
111209.180558
52854.6571566
86337.9159287
46903.1527898
204393.510334
109202.982566
100713.975007
73874.8223006
99309.9744633
158885.912191
96993.8295062
123953.439224
140458.70443
133259.559345
133128.814957
124637.884362
92437.74746
120412.845227
118290.636129
54782.7741657
108859.45389
152059.845578
90775.8534935
130146.204072
230318.502159
125620.043173
97711.1072404
86474.8100922
124829.68586
166870.059854
130440.249176
104282.966914
111325.841315
98514.5609421
145644.737833
147480.689545
163852.169865
62621.6229961
121753.205685
120156.873813
121276.159784
102758.513413
159214.136226
115535.720876
250771.183358
115210.334156
108165.61308
112219.610442
82931.4353846
134715.510558
127217.47339
92338.1223382
117474.100531
117751.249073
110560.634524
118430.360806
102658.062516
174210.471852
87717.6124159
74054.3076542
108186.565293
161013.331636
108239.158681
150817.515401
224269.421463
118.870277434
255.127699118
196.447618124
128.194420798
224.867156551
409.066300366
339.08441146
240.214784843
374.694923524
250.378950888
167.209164707
212.283391002
382.22325812
237.189094747
352.91723028
310.168157157
220.91605818
342.517569935
455.392818397
202423.119814
143299.823747
112936.672337
105114.505103
99657.9151378
135095.15695
114882.940647
149884.396535
90305.1992887
112368.789052
151809.33805
119783.451598
127860.210644
92800.3619821
121440.642311
89628.8759103
90338.8251526
121541.694242
79253.603091
127454.381278
203016.034128
164475.747191
110454.210447
89727.8952248
131081.299663
139400.270562
128707.538106
126518.568161
181801.475241
96677.5323571
75673.5351201
79073.6663203
81844.7289847
120427.816612
82331.797506
81499.4600309
89331.1586527
68902.4298818
139993.359729
74930.8220971
213624.299211
112277.254795
143698.341151
134798.365422
116896.722249
165343.892232
92131.343151
131850.192783
88399.4429181
93913.0521544
120511.456491
130283.400781
76281.4687388
171280.718753
108318.303762
159547.72254
85724.322299
115659.702298
117957.202843
95261.6685739
237032.147328
123152.678249
89959.1626089
86634.6210066
96536.7901885
109401.666428
160395.787779
66181.0982341
153372.337221
115280.375465
135240.747372
81216.2493341
97785.2432306
123136.238779
81544.0230273
127955.516297
102707.052847
71224.2459018
97013.9226974
135164.590987
236211.785272
111189.152684
114536.088336
99750.0169655
128434.133804
123654.501976
108113.636266
114125.270519
113337.676117
77799.459955
117316.951411
98311.0391609
130918.795564
106611.026321
86709.645487
122986.520878
82903.2987637
101641.327995
124015.699053
108564.225888
207448.75967
117349.70281
120944.495265
105434.055672
105092.230721
83935.0884581
171103.009468
63196.3444584
129475.380671
130031.947983
88791.9325612
107428.942054
173380.4507
79933.2500605
152916.073768
109723.837708
103979.003758
72904.5354236
99844.920306
133569.350459
197478.291622
133225.988462
126392.999771
110291.755151
91530.1862864
111427.909309
98318.078388
128851.368912
77165.4905832
144033.300432
68615.9944144
124159.191333
69360.0767177
118904.713638
99801.9541743
55684.9750617
101340.39817
98694.8004029
163664.053812
97595.8436732
206015.311832
53621.4205128
30976.1914725
52905.9623573
73322.4122301
59908.9250987
51179.5976072
32043.7747828
29770.5375265
75053.5557484
68287.883971
21520.9133126
70079.3567652
74142.4742673
13959.7295546
57010.0975551
37886.7872898
53687.8804276
74930.9409666
21032.8510012
233922.071131
27702.5260865
73402.8416499
53961.3625737
67739.6014178
34092.4685511
72276.4034128
35700.453115
63974.9436067
43734.2323047
43907.8589234
31874.1602593
74963.2495757
60745.4158337
54836.7731484
36408.5468537
71110.2450153
85348.186487
55055.7617901
32202.5214977
242423.708702
98889.0500535
79849.9664141
80450.6962242
86808.0165743
61885.0161494
64409.4680329
107078.890978
79561.5483213
72026.105401
80881.3033934
57792.7573618
43963.8653203
80304.9774624
86092.240335
78472.2143934
78612.9452432
64031.0232045
68148.0801047
80508.972859
213988.505891
156866.657234
123563.508582
122574.408644
95663.9603787
85807.5989231
114904.267843
126304.354315
69165.9587634
94303.948406
133760.658195
71489.5288053
97933.1843579
109670.317453
96437.4281434
95083.6931548
78483.327919
65962.5116606
124908.019745
146322.775054
199214.356605
98253.003594
128221.980221
121906.866276
152973.344803
107319.670021
149915.501241
93878.3381505
125212.569853
64664.7951358
75119.3120728
113923.845704
115740.475264
115196.277293
162331.147816
96566.6761249
77388.6572349
121435.234351
130469.722508
113895.070472
196949.806738
129116.431563
123344.100487
92908.5034409
114385.860316
124454.47456
182626.250116
102600.114479
145454.187566
110454.519185
96670.8439093
137057.601302
86782.8310275
103740.610301
113382.803934
124781.812319
127347.889543
161307.537644
60865.9112003
94566.4093305
210437.602171
61557.8438973
55132.011805
126032.058019
60107.3498917
86992.2887269
133444.318057
112251.583585
79801.452144
85464.2227323
69486.6569007
106138.72605
73756.0708788
87820.7102906
99738.7437549
90703.1011004
39305.0140852
82772.2900875
92169.2151896
68110.2112144
221724.068309
107355.015467
97477.4242418
43463.1956783
55501.5221469
114667.810239
84344.4361529
109597.542899
95308.2597745
103039.800384
132575.865473
143304.513476
114950.356276
97654.7858252
106535.44459
116656.327067
99971.8359913
124680.868348
91872.1852874
136765.373001
208049.926733
140651.741495
75311.3421715
82040.4654168
79855.5631843
123712.483368
106786.703479
127412.726055
96021.0662814
110892.881307
104847.153797
85486.6001053
114316.04548
96769.3916066
79939.8369749
130320.081695
146437.349133
158153.083396
138271.827873
81672.3782129
200972.271687
82925.7954657
57492.2569205
58362.435854
136463.814973
92707.7860977
67807.1744525
82846.3492425
72963.3011879
77182.9846185
67622.5054806
68756.1297967
91335.4565742
58546.689015
69096.3051007
109143.151664
64338.3908224
64782.4314735
62326.4742805
82288.7500076
197793.260458
119031.686312
118923.878743
124921.844911
147267.650582
156559.059978
114292.728465
156329.424937
110594.381747
119680.843719
104002.843133
99447.3071354
123498.280951
101013.852837
117932.10786
88714.6716462
95102.921967
71454.5528291
129348.712568
82655.2388839
207377.522555
120497.691091
122004.213209
137866.197341
141272.142013
163856.680642
175062.926301
115236.547008
79869.9471671
104955.061664
128796.190244
82658.8736212
165725.124963
87975.3190213
137572.413402
130472.430109
109206.339303
168238.124591
124186.815212
86299.4938503
224135.110997
79557.3249254
83227.1105287
96173.56951
108025.378604
56260.4548667
82724.7902877
100341.726332
66387.5541165
73386.158219
76562.3679468
98781.1672315
135955.530727
101483.550534
112079.592157
63563.3693958
115035.877575
107003.103244
82852.7576203
97037.3420766
211716.307291
162494.604454
89204.0989057
149578.793959
79160.9552082
81397.7433056
103952.282302
93480.0519798
138954.97483
73255.7073632
96742.7910955
149618.286285
105685.193953
98488.5320849
111114.344123
119157.583291
118761.931138
84091.1867329
159205.155059
158641.204882
204027.795608
105893.472325
120219.950063
80885.8873346
116291.736791
113063.535294
114767.724492
100737.803957
119842.45396
92952.1997977
93440.1557405
145560.967306
112153.504639
138805.045237
84750.9810158
104536.360264
93129.4229106
77583.7948454
102613.68973
90452.082446
188326.56831
86884.3341839
111230.45845
122798.771039
112571.799347
98900.7866956
101928.99277
159255.387339
147121.552398
126334.268687
151556.648529
88659.8697973
111831.686907
116667.724544
161287.215498
105534.910833
138594.116418
90341.2750933
152753.259666
89854.1772538
199574.781702
128044.002727
153431.211705
120040.105925
98828.6654097
86311.9952821
122703.99936
116702.725556
117106.027748
77264.4817762
108221.725521
99097.1719941
109070.977406
146998.605493
81416.7793496
91888.6169871
140889.034654
110585.590517
104186.430104
122936.1923
205968.672569
139083.076799
168411.230462
108087.621835
118977.014159
171835.7315
99414.1292044
90957.5556361
116172.779868
74388.3169411
130342.194301
127189.887771
106237.358076
164151.354278
114542.631967
95904.3134456
110498.589689
129889.442556
146597.97857
97525.9101602
203378.915322
84563.7273613
116919.306859
129573.937675
96593.3877805
163411.032431
95926.4605344
97931.2919191
115225.508388
185258.709456
135191.109303
118528.16994
64157.4114343
114730.829929
119581.297619
109557.970818
97747.6469703
107184.229012
99247.2705229
103273.057167
204191.483471
60048.6808039
121780.239692
66207.352177
90524.9140881
93040.444717
70396.0371162
48795.8647965
54054.0789193
121681.483313
66278.4475596
70019.0022657
114381.649478
119542.047434
69671.9434103
140157.413091
57582.5641405
76562.1463316
64800.8101309
73149.0930257
186185.96188
151769.245578
134776.364523
86374.0666225
90815.1217482
90291.780982
136078.10992
110028.046339
125439.312643
97823.4344328
126082.404354
114948.381395
111795.969009
118387.551967
100575.327454
94214.1750365
116416.614048
122337.685293
93153.9991514
107662.067424
200560.805995
110955.375034
66737.9876268
123240.752134
57640.6098791
72575.5042513
97703.5112807
67793.3172121
95896.6983833
70316.0675092
74651.594144
92323.7499558
62536.9120699
71022.0056683
56047.4995279
75683.3831177
107802.370697
77229.6312863
77825.7812162
137088.904246
207262.703506
136580.667271
107519.509437
175903.191361
131704.973748
132086.266624
108428.051515
110079.097834
100919.357538
150055.556816
81296.9837011
93188.4068341
88306.5114643
124382.729823
98787.0421014
117816.640828
100199.227804
82777.7522958
77695.004331
112029.981779
200601.500999
89421.9219692
107435.99885
89581.2512298
110858.700786
120356.248752
134697.531895
151141.506055
142102.173886
57874.9027723
58890.0464494
108531.316374
114398.547834
133545.657671
167754.40916
101744.933109
96105.9290183
116806.628156
83147.7348553
159856.602699
198959.533198
59381.9310308
49554.0302561
107506.83755
93752.5970378
65096.3263194
76739.4273531
37822.9963886
73884.8973104
90840.3501165
55765.5927445
89387.9471794
42431.7386673
51926.1991736
57912.2559041
99887.3605051
126369.979954
106914.934054
92346.0829321
117055.285267
182247.81291
58662.5915636
63992.8999287
56122.3287768
72379.9965269
72801.1181959
71533.2078868
106679.926796
54699.442379
107927.519176
104485.331018
77002.8531305
55179.8443788
87698.8780275
60148.1850583
48503.7959226
53426.7718061
80411.0563219
57118.7872499
50375.653261
178690.938876
169590.95783
115461.100184
96775.6066682
89915.7409968
105445.295311
149679.393627
119566.004435
123313.255484
85633.7098244
96512.5847259
78699.5122705
172753.339644
103212.591922
108526.945095
107667.787756
113223.980364
131575.647177
177294.444274
115378.988967
197252.289513
165079.504405
130275.148968
75864.2499444
162714.727985
104804.93676
140993.362366
115948.040259
117083.686141
88440.6048947
150007.539139
117275.89415
121314.106141
100001.910662
82961.6917074
110490.968353
83714.0385786
114958.296396
121440.389984
138221.944789
202847.131829
157477.447874
130014.048743
109707.299273
111727.933723
159160.635488
97492.044124
66621.6853606
90944.6228427
168006.209991
112116.35659
120046.653088
125410.932199
135951.720813
98327.2610651
88938.4984328
142788.092237
67916.8750652
154970.720223
103037.058007
196497.676357
111172.195359
130688.191942
132936.731147
80780.3369833
75526.6299999
137667.597264
105186.843049
155287.063424
106708.017163
147399.570969
87993.1636417
165527.044529
164389.675513
82703.5196458
142107.97329
124477.93832
90812.9888135
107451.663605
129651.625708
180228.483796
