159006.571429
202817.428571
221726.428571
138522.571429
211737.857143
161363.714286
240794.857143
111289.285714
140709.857143
212602.571429
236966.857143
113406.0
142383.142857
126710.714286
179465.142857
138022.857143
120103.142857
135127.285714
122192.0
322657.876106
187280.142857
156052.285714
146204.571429
117090.857143
115271.857143
157924.285714
136655.0
163326.857143
150578.571429
169531.285714
92801.4285714
160259.428571
110046.857143
119135.428571
147650.857143
162456.571429
100642.285714
169083.714286
95504.7142857
313823.422685
277973.857143
237480.285714
255641.428571
265447.714286
202415.285714
279612.857143
293418.857143
290147.285714
216932.857143
254024.857143
163012.857143
261261.571429
188659.714286
250960.571429
174777.714286
177576.0
199487.0
190974.142857
227925.142857
311359.826974
230896.142857
242708.857143
159607.428571
230289.714286
197745.857143
187992.142857
172692.0
178096.714286
186483.142857
164605.857143
195798.285714
228436.285714
225802.285714
241749.857143
220959.571429
204268.714286
195635.571429
173589.142857
206308.714286
313214.705674
233986.0
262660.142857
271690.428571
247870.142857
243694.857143
241023.571429
145039.571429
227056.142857
212633.714286
172679.857143
157112.285714
185795.428571
190621.285714
225197.0
147531.428571
181992.285714
123741.428571
106755.285714
287831.571429
323942.251327
107210.0
112097.714286
112668.142857
130756.0
105141.0
105448.142857
112181.714286
111953.142857
122610.714286
108683.571429
154374.857143
102233.714286
120235.0
93920.5714286
80800.8571429
145074.571429
107208.428571
98837.7142857
130743.428571
307631.91844
144953.571429
257880.0
202388.571429
221302.714286
200451.142857
186094.142857
184184.142857
235864.285714
213271.714286
203464.0
157447.857143
184967.571429
177039.714286
181028.0
159818.428571
299829.142857
157775.0
186739.714286
277513.285714
314636.955496
161074.0
200530.428571
218625.142857
165520.285714
196513.857143
179909.285714
222846.571429
177260.857143
192588.714286
217790.714286
189376.428571
206168.571429
189022.0
240493.285714
190809.142857
221723.285714
194841.857143
203056.857143
121851.285714
308626.007136
258066.428571
255198.0
155685.571429
229937.0
259676.285714
189256.0
269415.857143
191903.285714
261326.714286
254470.428571
296406.571429
209447.0
191889.571429
226681.0
161919.142857
168615.0
209628.428571
156667.571429
223161.285714
308843.858608
112291.714286
117203.714286
177168.142857
129895.857143
138711.571429
85258.1428571
123657.714286
130570.571429
127349.0
114982.714286
121599.142857
133734.714286
97462.8571429
103177.0
132532.142857
118721.0
164427.714286
125592.0
159614.142857
313211.422529
91487.4285714
170554.0
176167.714286
106758.714286
124015.714286
104984.714286
160051.857143
154321.0
127238.0
110736.571429
163439.0
130116.0
108827.428571
149133.571429
108647.142857
117909.571429
126562.428571
129604.0
83702.2857143
312158.386323
199562.285714
229774.571429
198193.714286
221454.285714
169745.142857
196709.142857
265646.285714
177116.714286
227649.142857
274611.142857
225717.428571
202145.0
195249.142857
127445.571429
219282.857143
223314.142857
211473.428571
204017.285714
214035.857143
307834.570664
205341.857143
222736.0
230789.285714
133807.571429
164188.857143
220516.142857
165929.714286
191713.0
155933.857143
175841.0
139471.0
116563.714286
177847.571429
104856.285714
176822.285714
233566.285714
153458.857143
219194.857143
112943.428571
291713.374944
213332.285714
167353.428571
219931.571429
131788.0
239016.428571
130001.857143
170418.142857
229906.571429
219967.0
160961.571429
197615.0
170662.857143
181695.857143
188952.142857
200483.285714
174831.142857
289089.714286
176509.571429
173904.428571
289210.570278
199291.571429
184799.857143
218294.142857
224487.285714
171422.714286
218589.571429
182050.0
215792.857143
253310.857143
198410.142857
169882.857143
126864.428571
173122.142857
139881.285714
195700.142857
209918.285714
193224.428571
231921.0
196595.428571
302121.405357
175817.857143
127624.571429
165495.714286
134241.714286
224451.285714
164738.571429
190067.714286
123150.142857
124513.285714
167593.857143
256690.571429
112270.857143
198721.285714
176855.714286
194556.142857
174386.714286
125415.142857
223402.714286
186790.571429
318884.646352
232244.285714
169789.0
215408.142857
206231.428571
236816.0
198056.857143
166743.142857
233458.428571
224191.571429
255369.857143
213311.571429
189786.0
199984.857143
215910.0
238131.428571
220662.571429
239898.0
149538.285714
169979.0
313433.213458
198835.714286
248749.285714
203168.428571
159019.142857
174832.142857
243311.857143
198350.571429
231251.0
181381.142857
177779.857143
200506.0
227099.142857
237861.285714
178969.0
180119.142857
178705.285714
308702.142857
250933.0
186426.0
290444.725604
195326.0
226452.0
238065.857143
205360.714286
198555.285714
217826.0
177448.0
162413.571429
301322.285714
250079.714286
218862.714286
185180.428571
176186.285714
225412.428571
171027.142857
194086.142857
173736.285714
227673.0
144034.428571
275911.239228
154513.714286
197966.285714
123911.142857
128454.428571
121880.857143
141095.142857
170530.571429
184664.857143
229788.428571
167937.714286
154668.285714
160214.857143
157645.571429
159194.857143
177736.0
144595.0
118960.714286
110176.714286
166726.857143
283546.142857
109260.428571
105130.857143
203591.571429
120168.428571
204887.0
180215.142857
145274.857143
209160.0
146139.142857
203336.285714
103325.428571
213716.857143
155515.857143
180064.0
151128.428571
144129.428571
135713.714286
160738.285714
128825.285714
306091.518502
2451.85714286
2782.57142857
2993.71428571
2953.85714286
3099.85714286
3291.85714286
2435.42857143
2297.14285714
2396.57142857
2500.0
2493.28571429
2566.71428571
2944.14285714
2605.42857143
2450.28571429
2426.42857143
2565.28571429
2902.57142857
2989.28571429
311258.113687
167903.857143
263067.571429
275664.428571
227720.142857
208002.142857
282632.571429
185582.285714
176742.142857
226429.142857
225478.428571
195094.714286
195455.0
170028.142857
194707.428571
183303.142857
184137.714286
224047.857143
232841.857143
206477.142857
288706.594534
175294.428571
235333.428571
249107.571429
240325.0
188581.285714
217212.0
186735.285714
189794.571429
154396.0
263681.285714
183994.142857
199523.142857
187518.0
187922.714286
174188.714286
180871.857143
239184.714286
275127.714286
172285.571429
278516.231253
209515.714286
190194.571429
234635.285714
281489.0
234006.0
177816.857143
206813.857143
225446.428571
175023.285714
138148.285714
224895.428571
226999.285714
159477.285714
195987.0
209071.285714
180252.285714
123201.714286
172595.714286
228616.857143
283048.585016
224169.0
187907.571429
251331.0
263414.571429
231520.714286
131525.571429
221555.714286
194169.142857
199275.857143
198370.857143
254083.285714
242089.285714
187996.142857
185452.285714
194107.0
195433.714286
222933.857143
174907.142857
252003.857143
305178.938839
104225.0
110186.571429
97061.2857143
112298.714286
131897.142857
116083.285714
96414.7142857
51885.1428571
75746.5714286
106841.142857
77726.1428571
84270.1428571
102527.285714
107172.428571
80746.2857143
90586.2857143
106235.0
88947.0
89436.7142857
311058.112645
157548.428571
189365.0
209072.857143
261445.857143
201398.714286
204234.428571
175695.0
192191.0
258309.0
177774.142857
187437.285714
194565.714286
237441.571429
204131.142857
196101.142857
192406.0
188373.571429
179557.0
254934.571429
287361.672337
348.285714286
619.0
366.857142857
377.571428571
330.285714286
454.285714286
290.571428571
462.714285714
399.428571429
460.285714286
537.428571429
476.571428571
493.0
431.857142857
504.142857143
490.285714286
472.285714286
298.714285714
523.285714286
273852.510791
141231.857143
234593.571429
170730.142857
127222.0
142356.714286
187424.857143
124182.0
221681.428571
131303.142857
258286.285714
120250.571429
212029.285714
122736.714286
118859.142857
191446.428571
130006.571429
136355.714286
123697.857143
126386.428571
276990.282051
229908.142857
198212.142857
184682.428571
236089.714286
209230.428571
182780.142857
190320.0
188877.0
182728.0
201441.0
199824.571429
304199.428571
163024.0
239912.571429
196957.0
176361.714286
225683.428571
200600.571429
176259.714286
279976.730372
230022.571429
259220.857143
235535.857143
181879.428571
198222.571429
210991.714286
191773.714286
204559.857143
216562.0
153489.714286
195776.142857
176056.714286
189621.714286
282428.714286
222570.0
165821.428571
182916.714286
212529.857143
228326.0
304420.106554
274845.714286
203034.285714
224373.857143
220305.571429
178154.571429
191151.0
189608.0
199105.571429
158722.428571
167495.714286
228315.571429
206921.0
229135.428571
202299.571429
213609.428571
257083.142857
162767.571429
176897.285714
185452.142857
291767.278945
175494.0
155667.285714
170352.571429
230360.857143
222976.857143
259107.714286
175710.714286
169195.571429
188100.142857
222568.285714
251119.428571
238627.857143
143189.285714
207770.428571
181682.714286
187738.571429
285741.428571
189187.0
188919.428571
276949.482464
172301.285714
242213.0
206582.285714
192887.714286
295622.0
280010.857143
233514.571429
208411.571429
204671.428571
213866.142857
211231.714286
160878.285714
203756.428571
247079.571429
213682.285714
176893.285714
222520.571429
171350.428571
183932.571429
275311.827633
184029.571429
195759.714286
166850.285714
190216.571429
197399.0
210820.714286
200068.857143
182387.714286
186682.285714
225986.0
176929.857143
217714.714286
283888.857143
187524.142857
229952.285714
193567.714286
188208.428571
180440.857143
247170.285714
278698.676246
190930.571429
185895.285714
193543.285714
191642.0
222029.857143
166694.285714
190584.714286
179623.428571
250228.142857
221755.714286
169099.857143
270284.0
196237.285714
199411.0
259386.285714
193483.142857
146658.857143
275695.857143
252807.285714
311148.49331
83137.5714286
39466.4285714
75770.7142857
92786.7142857
99313.1428571
69006.4285714
67044.5714286
102514.428571
83414.5714286
56171.4285714
60299.2857143
97082.4285714
74926.4285714
83923.2857143
68758.2857143
79629.7142857
72846.0
84045.0
94757.1428571
305730.917894
222830.714286
215036.428571
219258.714286
183389.428571
184927.285714
181469.142857
234751.0
172432.0
245184.142857
180244.428571
290032.571429
208296.714286
183842.857143
195396.285714
188824.428571
273714.714286
171365.714286
175101.142857
183500.857143
276527.439353
208339.428571
193030.142857
223112.142857
197470.285714
231912.142857
213757.714286
197041.714286
200618.285714
170775.285714
189385.571429
177457.428571
168710.0
162677.714286
187859.571429
191055.571429
192245.857143
180996.714286
254579.714286
272253.0
280331.827773
223796.0
256619.0
187636.571429
158043.714286
259121.714286
195578.428571
209411.857143
218642.428571
255485.142857
192019.714286
183062.428571
175175.428571
184679.857143
177900.428571
241730.714286
174069.571429
186001.142857
184284.142857
263297.714286
277498.033784
180968.714286
182884.142857
201025.285714
214554.285714
266148.714286
203819.285714
206701.142857
173293.571429
198199.0
214564.857143
221025.428571
239421.428571
190242.428571
119954.857143
204340.571429
193980.142857
205430.714286
180615.285714
171526.857143
285814.044295
185226.142857
253105.857143
247421.428571
150976.428571
179606.857143
237194.0
294202.857143
201093.0
159796.571429
283528.428571
217608.857143
210151.428571
208158.571429
154529.714286
208719.714286
187296.571429
292290.428571
168781.714286
207516.142857
303097.582589
177871.714286
131136.428571
151580.857143
126431.142857
146051.0
134442.571429
131779.0
146596.142857
145885.285714
167803.285714
134467.0
135938.571429
175382.857143
142759.714286
177251.285714
117262.0
230591.142857
152908.428571
133345.857143
276813.071364
897.857142857
910.857142857
598.142857143
2843.85714286
1812.85714286
690.285714286
702.142857143
950.428571429
726.285714286
3051.42857143
2366.0
2235.28571429
1109.42857143
1572.28571429
2256.0
472.714285714
1910.71428571
550.0
1800.57142857
273782.965781
228915.428571
261075.0
220792.714286
192331.142857
186088.0
206532.714286
190837.285714
222580.0
98925.0
101937.428571
206166.571429
233578.0
203287.857143
145430.571429
155428.857143
164724.714286
193622.285714
217236.428571
200846.142857
275180.936994
217650.857143
215267.714286
203100.714286
219326.571429
228794.142857
210645.857143
175158.571429
194216.0
186264.571429
177242.142857
234592.571429
228887.428571
261590.571429
234315.714286
176983.428571
230402.714286
223857.142857
221126.714286
199671.714286
280445.567652
23394.8571429
17937.4285714
20660.8571429
14781.4285714
14064.7142857
14199.1428571
13236.1428571
14765.8571429
14257.8571429
14203.8571429
14558.7142857
15434.7142857
13938.4285714
12392.0
15557.0
14336.8571429
14900.1428571
14981.7142857
13129.1428571
307564.803213
280438.571429
298682.714286
175775.714286
226469.857143
209160.571429
195930.285714
204932.857143
135024.142857
283748.714286
172142.857143
184675.428571
272340.285714
221858.571429
253631.857143
209180.142857
177998.857143
222388.714286
229134.714286
151900.857143
282475.264007
205357.428571
232517.857143
196120.857143
150381.571429
200851.428571
195710.142857
226082.428571
216319.142857
251800.714286
163082.142857
246002.285714
192836.714286
209538.0
193867.0
169468.285714
209561.0
239314.857143
192786.0
203030.714286
278749.366216
222655.857143
220620.857143
243825.0
240925.857143
223634.571429
165328.142857
268797.571429
157136.857143
260930.857143
230435.0
198499.571429
178408.714286
225215.428571
266699.142857
179821.0
169535.857143
163352.285714
211868.142857
233306.857143
281627.730717
223076.714286
263459.857143
182563.285714
225258.714286
172191.0
217364.428571
279114.428571
240611.857143
183849.571429
277155.428571
172295.285714
204428.142857
193968.571429
149832.142857
197021.285714
187042.0
213053.428571
182986.285714
180051.285714
275489.296363
246301.0
184589.142857
282113.857143
181310.0
180326.857143
183683.428571
259139.857143
252001.714286
246470.142857
177461.428571
182927.428571
201949.0
221403.714286
221536.714286
297346.428571
168597.857143
193690.285714
145875.142857
175641.571429
304236.361892
274377.714286
210390.571429
179883.0
217174.0
179278.285714
202229.142857
271928.857143
242327.428571
214795.428571
200553.428571
185085.285714
222002.857143
264112.0
229439.714286
188089.142857
165125.714286
184144.0
226950.571429
238055.714286
289658.960591
14097.5714286
15162.7142857
13895.5714286
14877.7142857
16921.8571429
32933.0
15099.5714286
14255.2857143
13954.0
14252.8571429
14066.2857143
15067.5714286
14304.0
14366.1428571
14095.1428571
15242.5714286
13528.8571429
13863.8571429
15103.2857143
278797.565002
174280.571429
202682.857143
176617.571429
198941.714286
198969.428571
270268.0
239793.142857
216719.571429
185173.0
164617.285714
186050.285714
274817.571429
174372.0
205198.142857
229184.571429
236530.714286
164059.571429
212661.428571
210683.285714
277157.091933
234836.428571
179602.571429
209528.142857
231559.571429
248122.0
249288.0
200937.714286
177080.428571
159014.571429
215189.428571
134187.285714
193083.857143
192907.0
151378.0
126916.571429
234517.0
194430.142857
198592.285714
179713.428571
277850.495058
97001.4285714
83081.1428571
91859.5714286
88850.2857143
95641.8571429
102922.571429
96719.5714286
64321.4285714
85417.7142857
113175.714286
95200.0
67596.2857143
92385.5714286
76349.8571429
72696.7142857
60006.7142857
103073.285714
99372.2857143
107761.428571
296928.337657
135649.0
118029.714286
135179.714286
164413.714286
95222.7142857
120469.714286
125241.714286
185198.714286
165342.0
111664.857143
115530.0
194795.285714
144317.571429
97328.4285714
106295.714286
180926.571429
99278.8571429
115834.714286
107895.428571
305293.484361
203625.428571
203691.142857
110230.571429
195979.714286
215946.142857
194364.571429
252463.714286
236927.285714
251772.428571
241193.714286
249450.714286
194557.142857
174360.428571
240496.714286
126508.571429
238472.714286
225935.857143
197477.857143
245266.142857
279217.085393
239935.142857
173108.142857
183152.142857
265883.428571
229188.285714
157750.857143
158724.857143
214150.285714
229695.571429
211328.857143
201309.285714
197257.714286
131294.0
191229.142857
195977.571429
234120.714286
219552.428571
223056.857143
190042.571429
278213.527527
216574.428571
173146.0
211845.857143
184457.571429
215451.142857
188627.857143
180261.571429
190752.142857
187382.285714
168779.428571
223097.571429
224095.428571
207643.285714
155838.571429
143483.142857
209542.428571
221031.285714
220733.428571
195987.857143
276657.533063
667.142857143
587.142857143
631.0
645.857142857
622.285714286
731.285714286
721.714285714
589.142857143
639.571428571
632.571428571
526.714285714
584.714285714
672.571428571
656.0
682.285714286
658.428571429
618.714285714
613.571428571
802.571428571
285941.38496
180568.0
229599.142857
188519.571429
200509.571429
268496.571429
213150.571429
237587.0
238203.714286
221042.714286
216364.285714
221062.428571
188600.285714
178729.0
199040.0
196726.571429
279402.571429
284097.142857
208759.714286
174148.428571
312046.970562
214599.428571
279417.285714
153886.142857
154920.571429
261679.0
269357.714286
197551.285714
234478.285714
164193.0
212451.714286
176723.0
191016.285714
219188.0
180027.714286
193860.0
172798.714286
196717.571429
226316.571429
180734.142857
280330.760772
182382.571429
259952.714286
170446.142857
128730.285714
237802.428571
138068.857143
171220.285714
180194.285714
216164.428571
200637.714286
184083.571429
167924.571429
195685.142857
233242.714286
199239.142857
162177.571429
205559.571429
250641.428571
170583.857143
276679.760919
237261.857143
220898.571429
163967.571429
232350.285714
204066.571429
218502.285714
133055.857143
215721.571429
188223.0
222196.857143
191751.285714
164168.0
222508.285714
160422.857143
219245.428571
165004.285714
192675.428571
179719.857143
239641.285714
277727.282628
240794.857143
217200.285714
221630.428571
234432.714286
227787.428571
179329.714286
204002.0
194202.428571
198275.571429
180000.142857
136452.714286
189208.142857
211966.571429
187331.142857
173606.428571
179587.714286
201129.0
176685.0
228538.571429
288925.419615
168850.428571
245727.142857
193812.857143
143185.428571
189314.142857
181095.857143
141732.714286
217072.428571
182715.571429
212549.428571
205453.142857
211492.714286
170758.714286
208806.428571
171285.571429
194558.714286
119419.0
187919.285714
194748.0
308986.724153
209659.428571
191786.714286
207226.0
176077.428571
197739.428571
187478.285714
182989.142857
128750.571429
255270.285714
143189.142857
253997.285714
181554.571429
237068.285714
250830.0
140408.571429
239441.285714
145985.714286
250794.428571
182988.428571
287152.922043
35008.8571429
28605.1428571
36265.5714286
40575.2857143
48537.8571429
35553.2857143
28609.0
32349.4285714
43851.1428571
40396.7142857
24009.8571429
42396.4285714
41009.1428571
17852.7142857
33903.7142857
40345.8571429
41238.8571429
43366.1428571
26850.7142857
275912.628263
36304.2857143
72134.4285714
62921.1428571
59939.7142857
46301.2857143
69867.4285714
46948.5714286
63055.8571429
49519.5714286
49907.7142857
37991.2857143
72230.4285714
77473.8571429
61257.0
47270.0
63725.8571429
75854.5714286
55008.4285714
43662.8571429
278155.085586
100469.142857
103022.0
89605.4285714
98483.7142857
125760.142857
85881.4285714
129076.0
92909.5714286
69179.7142857
95029.4285714
92449.1428571
54369.2857143
88827.7142857
105690.714286
104486.142857
88866.8571429
99136.4285714
88792.4285714
110000.142857
281814.276806
207876.857143
235349.857143
136156.857143
227322.0
171987.428571
213503.571429
237700.428571
185883.0
199116.428571
269585.142857
143250.142857
211063.857143
217266.142857
206974.285714
207900.428571
172877.285714
139994.285714
194140.714286
210240.428571
310474.963029
191472.714286
213803.857143
249417.857143
253979.714286
208614.142857
165160.428571
222331.285714
175101.857143
191441.571429
195413.571429
200004.714286
223821.428571
188083.857143
197233.714286
172458.142857
204769.571429
182328.0
232149.428571
209899.714286
306963.869313
256464.428571
194961.571429
259240.571429
210326.0
198316.714286
240058.142857
210247.142857
201463.285714
160434.0
232698.857143
141603.428571
158659.857143
296042.0
190489.285714
206550.571429
185622.142857
238342.0
119457.714286
152661.0
287871.732855
158630.428571
145167.0
179686.142857
139018.0
164841.428571
170065.571429
137937.0
119705.428571
170797.714286
110431.714286
199199.857143
97427.1428571
116194.571429
151174.142857
124099.714286
146287.285714
136962.0
114639.0
111362.0
275980.268194
203244.285714
188607.857143
137155.285714
135548.428571
128820.571429
202149.428571
132301.142857
205566.285714
207372.142857
241824.142857
252180.285714
219001.285714
173304.285714
216661.428571
222854.857143
199824.142857
222659.428571
132871.857143
220849.0
289066.624272
221588.142857
169297.0
183300.857143
201368.857143
195135.857143
199656.142857
225320.0
167567.857143
206542.428571
173056.285714
232037.285714
242551.285714
208904.714286
179813.285714
227888.0
263521.285714
211249.428571
264663.0
209668.571429
302725.169196
121683.571429
82017.8571429
109309.857143
169373.428571
142515.857143
97699.2857143
118363.142857
89731.7142857
145902.571429
103631.142857
89475.5714286
130429.428571
91097.4285714
91803.2857143
131909.714286
95535.4285714
118562.428571
105079.714286
90576.1428571
313490.241763
268848.0
199853.285714
184488.571429
260557.285714
235815.714286
234192.285714
247497.285714
211630.0
180898.0
187309.857143
188401.857143
204443.857143
154183.285714
221257.714286
188150.428571
196213.0
174163.0
171846.0
165931.571429
287717.573668
206377.142857
237934.857143
227323.285714
199981.0
194518.142857
238469.714286
218660.0
203064.857143
186438.571429
223892.857143
190762.0
186770.857143
179524.714286
267612.571429
217538.0
204711.714286
235570.857143
189048.428571
265136.857143
277559.942947
81863.4285714
81455.4285714
71724.5714286
97188.2857143
75401.1428571
97417.8571429
93228.5714286
97090.2857143
91535.1428571
94572.4285714
99722.4285714
158987.857143
100088.714286
112754.142857
71594.4285714
110194.857143
94572.7142857
96069.5714286
94839.4285714
284720.498433
198037.571429
161933.285714
252374.0
189786.142857
138338.285714
174046.857143
164402.142857
212098.285714
132276.571429
168187.428571
187321.857143
175471.714286
203098.285714
198829.142857
249626.142857
190903.571429
195438.142857
208207.714286
249740.571429
305863.538359
200752.571429
260837.285714
197050.714286
197406.428571
185192.142857
213589.142857
227150.857143
240768.142857
182760.714286
273819.857143
224238.571429
161185.714286
226848.428571
223501.857143
163012.714286
190094.0
196781.571429
218200.0
173728.142857
313379.144128
173910.714286
189793.571429
182877.285714
202675.571429
199886.0
210291.857143
188777.714286
268852.428571
243950.571429
253729.714286
190007.857143
193491.142857
219113.428571
217948.285714
171557.571429
216056.285714
171634.857143
245719.857143
178631.428571
304950.130804
206411.0
208719.142857
180729.857143
222926.0
151623.285714
170858.571429
186849.571429
239013.0
206031.142857
198671.142857
185200.285714
192763.714286
232174.428571
211058.0
180312.142857
256672.0
234376.571429
223026.142857
197055.857143
285465.909132
229504.428571
235189.142857
220197.285714
221676.571429
205412.571429
175537.857143
199356.428571
197600.714286
163306.0
194686.428571
216710.571429
212627.571429
232538.857143
189748.0
188151.857143
206927.571429
208981.142857
234026.285714
180913.714286
291680.125727
163041.285714
215514.857143
209345.714286
189605.714286
276278.285714
164781.0
222966.428571
216920.714286
239780.285714
272318.0
182792.0
118269.428571
286871.142857
210671.571429
221516.142857
174749.285714
172030.571429
160752.714286
174849.0
302122.842411
131924.571429
199660.0
112945.428571
165889.0
142090.857143
128600.0
110042.714286
114215.142857
145361.857143
129054.714286
106824.428571
176704.571429
127090.857143
119265.714286
144979.857143
100519.0
127448.714286
102049.428571
119130.857143
306418.624444
219263.285714
199530.857143
200664.285714
192082.857143
303742.714286
265206.142857
283156.142857
181067.714286
184729.714286
256343.0
207268.714286
243565.571429
188010.0
197436.142857
140583.857143
259536.142857
193408.142857
202491.714286
186938.714286
314201.662806
160533.714286
89823.8571429
177488.142857
115075.285714
123160.0
149106.714286
120339.571429
144249.142857
96334.5714286
106186.285714
122734.714286
114337.285714
101367.857143
110181.0
143356.142857
147685.428571
108907.428571
133188.285714
168979.571429
300242.21875
204106.142857
168011.714286
230621.857143
226298.285714
233526.0
174345.428571
220105.0
182486.142857
179660.428571
256896.714286
165939.428571
148952.0
253554.0
151770.857143
211811.285714
162324.714286
193124.142857
199698.0
182689.0
295731.745308
205264.0
162784.428571
152013.714286
203425.0
236828.0
238004.714286
196733.0
196234.714286
127374.714286
189132.142857
260550.142857
216876.285714
245164.714286
200236.285714
192695.428571
129656.857143
216504.714286
170569.285714
218265.0
309175.519625
88803.4285714
107017.571429
167116.714286
114086.0
145387.571429
126748.142857
92080.8571429
98297.2857143
112945.571429
98944.1428571
146645.571429
103008.0
105652.428571
110131.714286
155072.0
166340.285714
160284.857143
158902.285714
159361.428571
306405.280639
87181.5714286
86721.5714286
87853.0
146293.714286
96469.2857143
71548.2857143
132742.285714
93218.2857143
136826.714286
126651.285714
108826.285714
89533.0
109612.571429
81948.8571429
100043.714286
87866.4285714
85422.8571429
97415.7142857
86494.1428571
307447.783052
212172.428571
224009.142857
169956.0
179875.0
219182.571429
269241.0
242858.857143
213025.428571
144135.428571
209522.142857
199464.428571
241603.285714
187134.428571
203849.285714
172593.714286
217430.142857
204927.857143
195477.428571
258897.428571
312078.685053
245009.571429
259532.428571
197517.571429
204032.714286
213932.428571
249455.857143
231705.428571
264672.857143
188601.142857
235569.857143
185513.285714
172744.142857
165976.428571
230980.428571
186941.571429
175562.857143
199240.0
132820.714286
218164.285714
304040.46907
261196.571429
192751.714286
194532.0
216392.0
201577.857143
226970.142857
198940.571429
187120.0
195002.285714
197266.285714
167367.0
207740.428571
219540.571429
182166.714286
204225.857143
288786.0
286463.571429
214427.0
167859.0
310978.838078
175135.285714
154386.428571
250262.857143
204663.857143
206605.142857
253635.285714
218088.428571
247786.428571
186860.714286
252942.428571
176372.0
201780.571429
206222.0
195031.142857
251620.0
194656.428571
188589.714286
180425.857143
181771.428571
307248.18811
