854.224376995
981.194222798
981.509226684
979.648639896
980.777917746
981.854767487
984.236895146
985.56819793
983.519204531
978.823084845
978.898612694
977.250734284
977.74482513
978.738312824
982.050305502
984.98662589
981.910864078
977.926829553
977.09369151
974.248389105
975.533106286
977.513147116
979.436883992
982.005926813
984.586893851
982.82946343
977.456664938
976.648565133
974.960760052
975.783403111
977.275312378
981.304255181
983.781801294
982.398790291
976.886139987
976.957405055
974.985761349
975.421428386
977.313918989
968.887723377
980.437893135
982.80014822
984.057170874
978.395201425
978.725596889
976.805160726
977.143613739
978.197564119
981.757367638
984.49506343
984.973802717
980.775827184
980.778129534
978.969589378
980.372509715
981.872216321
984.228027832
985.734667529
987.25521216
972.193799481
983.738068608
983.277743042
982.105534628
983.182486731
984.160196764
985.841676585
987.582815006
983.927916505
979.590619171
978.97746114
977.749654569
978.351591969
980.054340674
982.979682201
984.664440492
981.523851133
977.456403759
977.27827803
974.736378483
968.804558804
975.3610849
976.790174336
980.48070013
983.31102589
981.064561528
974.934436163
973.745970169
971.917116083
973.229175746
974.610911803
978.363240933
981.44406343
979.946221503
973.242936446
971.998874838
970.586835821
971.652668612
973.643284047
977.755138043
940.846006536
981.248860104
980.29846956
972.073662776
971.743856031
971.180469825
971.276182879
973.991269131
978.387697991
981.083185233
981.600479612
975.118656513
974.740743839
971.648887808
973.630332036
975.553678548
978.445426813
982.033947573
983.521963754
978.357272668
938.962590196
976.86195272
975.020958522
976.857373947
977.867861399
981.325862783
983.844125566
985.965931436
981.831586408
980.719515858
979.425113342
980.547420712
981.418745631
984.463731392
985.652887451
980.870152751
976.689402463
975.638043422
974.072788586
975.121919585
952.670791395
976.475719378
980.662374352
983.424756634
979.647641192
974.341968223
973.418550584
971.002376379
971.639163424
973.779785992
977.636887881
981.383569948
977.986802461
971.757336145
970.576669046
967.287581169
969.062231019
971.099110967
975.535964355
979.346987694
938.740504905
976.541191834
969.584196626
968.986992857
965.484747238
966.58865
968.471150552
974.542976005
978.386786269
977.508550875
969.865029202
967.866686567
965.547760234
966.376903247
968.87441207
974.258417369
977.782090026
979.249512953
973.303224384
970.783612192
912.922313609
968.84098183
969.826414017
971.407605058
976.525327285
979.968330311
982.13101165
977.273563189
975.732545042
973.201101816
974.787909857
976.333375243
979.987701425
982.451382524
985.111045955
980.965762953
980.198547927
977.920355152
978.244620466
980.057744171
933.641626963
982.471016828
984.85427055
980.011070596
974.514022035
973.779256161
970.748343061
973.532743191
974.593463684
978.564477979
981.494344984
977.596026554
972.048068742
971.879795587
967.998635714
969.266213498
971.823318624
975.782283215
979.595023964
976.235256643
945.001543734
968.790918884
966.433491558
964.029636127
966.750523067
967.782948701
973.675746433
977.842502916
975.08149838
964.315574675
965.087371429
961.476643043
963.066593242
966.700798701
971.318064202
976.496570966
975.58407453
966.786454545
965.826083766
962.078280234
904.364911784
963.344083171
966.396284416
972.372826848
976.75962022
978.251245625
970.812084361
969.670950032
965.479666883
966.543125974
969.286779364
974.128755023
977.87758614
981.319989637
974.892438108
973.65000324
971.001536665
971.843108949
973.893737524
977.687082902
910.870097304
980.599187055
983.996746926
978.873065415
977.846376943
975.50892547
976.558420609
978.291410622
981.754489968
982.788911974
978.77359456
972.619396239
971.685259403
969.659464633
970.98036989
972.138916342
976.984347375
981.349301813
976.874770577
970.237608696
947.028131854
968.812136275
965.55557115
967.939323377
968.902917586
974.621642672
977.923128238
974.990990279
966.032384416
965.565261039
960.804138492
963.358705003
966.33585575
971.265410506
976.205526896
973.756269131
963.672679662
962.802585445
959.229640859
960.461942783
903.117450955
963.722396361
969.789289422
974.830384316
974.59197406
964.037302144
963.471304743
959.375445384
961.701083875
963.711503574
969.632260221
974.696340246
976.442445885
968.363915639
967.640679221
963.221009103
965.27197271
968.473972727
973.185663424
976.945916397
900.907870883
980.054279145
973.152998703
972.044134241
968.700166126
970.518095393
973.222276913
977.498941024
980.404207254
983.964427184
978.056582902
977.220318859
974.012262476
975.636342191
977.174129534
981.010045955
982.90451521
977.225955311
970.315797017
969.952959117
926.941855832
969.31074026
970.158365347
972.982848249
977.311863901
981.496413212
976.422098509
969.276192208
968.594042857
964.18191293
965.692662118
969.122536364
973.536756161
979.4927965
975.411046693
965.410528915
965.499471085
960.729966168
963.202735371
965.78445744
914.437529915
969.824465931
975.684227626
972.547199092
961.967890767
961.055111183
957.152128255
958.886874431
962.152423277
967.970332901
973.974848249
973.199728275
962.398098179
960.628885566
957.054841249
959.547681848
962.750768531
968.014591175
974.059108301
975.408806222
892.790720792
965.584005195
964.617181818
961.380712614
962.292448343
966.09864026
971.991658885
976.334301361
979.543332902
971.826941634
970.60543024
966.926026623
967.82894549
970.702179637
976.395849644
979.094435881
982.934881553
976.784037589
976.045456254
972.602623865
899.70690448
973.844880104
976.3026779
980.688036269
983.038321036
977.749871679
970.040839714
969.591042829
966.727802597
967.765430889
970.688364698
975.419060272
979.559431995
974.46620674
966.091071429
966.165092208
963.348169051
964.031984405
966.227096104
971.444061608
932.801577603
976.338675308
972.215979248
962.076424951
962.707752926
957.706740403
959.656552375
962.14805783
968.403344581
974.347269131
971.208981193
958.939152146
959.607278465
954.596713542
956.494207031
959.306849805
967.042996104
972.463826848
971.804950065
959.188354356
889.741422442
958.220073472
954.539894531
956.793288224
959.939125488
967.186080519
973.208883268
974.580909268
964.361521767
962.940946069
959.152886142
961.114295189
964.555845354
970.995125892
974.980445885
978.147452073
970.795144711
969.301203115
965.148021429
967.377783766
886.048393258
970.014968202
975.063165262
979.041954016
982.211634951
975.636100454
975.34719585
971.489159533
974.243042802
976.285445237
979.493733161
982.318726861
976.739397926
968.851345879
966.959446463
964.762831169
967.202886364
969.436976639
974.214473104
978.952152202
933.010815324
974.71179118
965.366234416
966.415938272
961.483316645
962.613736192
965.600800649
971.681437095
977.204459494
972.624597925
961.507124837
961.006510403
956.918720703
957.910267404
962.310721066
968.795768831
974.298296368
971.867388709
958.030910865
957.467245283
897.632981518
952.839738762
955.117560547
959.588082628
965.930281169
972.473485733
971.225357977
958.588927131
957.241728692
953.34990228
956.753056641
960.074452536
966.714557792
973.001540856
973.973121271
963.113642625
962.245118986
957.293361744
959.620227568
963.691712151
875.571503645
969.98283647
974.249546338
978.299684585
969.939051265
967.529822193
964.711785575
967.067125974
969.706676833
974.725703176
978.295259715
983.043406472
975.6483221
975.187098573
971.961598573
973.977366407
975.997499676
979.881665803
982.090097735
976.729027868
914.263611038
968.120328358
967.901458144
964.667907792
967.051519481
969.035508112
974.015672715
979.228514896
973.712155541
964.351977258
963.815033138
959.627258778
961.884877113
965.348488629
970.882815055
976.468596241
971.871998703
959.801493498
959.270581274
954.604319661
916.54349343
957.312391021
961.767844603
968.082397403
973.801904669
971.50580013
958.109478204
956.632795055
952.372002606
955.537391276
959.06966363
965.856118182
972.024311933
971.05545425
958.590000651
957.330249187
953.460060586
955.577752604
958.706583875
966.338977922
877.197141816
971.837123217
974.259507134
963.446270955
961.832084525
957.026305791
959.821330949
963.389251462
969.356783907
974.52062022
977.407110751
968.614726801
967.644441921
964.364467836
966.526877922
969.345504867
974.639657809
978.238755181
982.404295793
974.627747894
896.312236651
972.828162022
969.76336965
972.576791829
974.258948153
978.395279145
981.229422006
976.037103694
968.104875406
967.73101039
964.525629221
967.49316039
969.493968202
974.070082307
979.355884715
973.875822309
964.793788174
964.064207927
960.212815995
962.295188557
921.344503937
965.479127355
971.171959766
976.670288399
972.047205577
961.070125488
958.969061118
955.934825521
959.107513988
961.801197659
968.212081818
974.111876783
971.259094744
957.514144437
956.797299284
952.797710749
955.361948568
958.885482759
965.965827273
971.36914786
892.967070627
971.14741791
958.186765127
957.146080026
953.178495114
955.740200521
959.388996747
966.011511039
972.497811284
972.617590791
962.463295647
961.481401821
957.529126871
960.719715215
963.742153996
970.001765737
974.504132858
978.08758652
968.632593121
967.102787151
881.899093254
963.507637427
966.328547403
969.001920182
973.994860661
978.238845855
982.1128
974.748373299
974.264804925
970.95753048
973.561841115
975.05460337
979.295963731
982.340377994
976.64134932
968.692177158
967.66995133
965.657137013
967.075433766
969.039580143
917.607120158
974.040965651
979.10992228
974.212383917
964.709409357
963.570525016
960.425325098
961.828105913
964.725121429
970.857819715
976.161590408
971.403068093
961.068028609
960.236762029
956.449839844
958.291262199
961.41636736
968.391290909
974.104142672
969.870284695
908.927066447
956.815634353
957.046540013
953.452336156
955.970130859
960.043268055
965.45457013
971.990536316
971.292863076
957.464784645
956.442996096
953.424271661
955.042867187
959.003060507
966.146945455
972.668487678
974.301131647
962.506796621
962.93676658
957.969603774
872.18834572
959.086508453
963.372361274
969.526630759
974.557685677
977.893914508
968.405677482
967.767985075
964.722463938
966.522091558
969.188634004
974.740774465
978.223232513
982.464998706
974.271124433
973.60009138
971.200518158
973.476003891
974.85645431
978.801055052
902.665364954
982.095042071
977.299563837
969.089037638
968.530916288
965.288311688
967.946646753
969.842681376
975.145923526
979.861859456
974.810119974
965.31837037
964.373191033
960.769331599
960.645166992
965.977933073
971.530537613
977.420475049
972.599223735
961.085069571
927.231461992
959.70270156
955.804005859
958.120977879
961.562020156
967.508675535
974.233303502
971.570796236
958.700236174
957.394504229
953.000673616
956.10360026
960.176689655
966.190448052
972.442294423
971.269360156
957.959837996
956.676320755
953.46050684
955.5885
872.867558355
957.968473342
966.405082468
972.588023346
973.564847699
961.72162833
962.388661248
958.115033182
960.556043563
963.25882716
967.366531473
974.238665587
977.551682642
968.89888514
968.117897469
964.418562053
966.245215584
969.507432187
974.418432923
978.22374158
893.340582838
982.432265372
974.44680687
974.153060272
971.118701038
973.626405318
975.2539151
979.152007124
981.727073786
977.335412184
970.115816353
969.073867618
966.141164286
967.380550292
970.136368592
974.986426442
980.048987047
974.287160078
965.832437662
964.878460039
927.45100983
960.75053186
963.162404808
966.152509091
971.467268482
977.388932599
972.329160182
960.757562419
960.276814044
955.780928432
958.742175667
962.409898635
968.880120052
974.513432555
971.19533463
958.612195059
957.982235524
954.542713542
957.35449447
959.342421977
888.422240582
966.795938312
972.918280156
971.102639429
959.646555628
958.977098894
954.983002604
956.500344177
959.140758127
967.484714286
973.822044747
973.958991575
963.790302144
962.199472385
958.811133377
961.552243823
964.705703704
970.191898767
975.438234608
978.01961399
891.684647952
969.445675535
968.561799481
964.842675325
968.617747403
970.29946658
975.26996954
979.26080829
982.924979935
975.793910564
974.642121841
971.949743191
974.01167834
975.953965003
979.76220272
982.493537864
977.732966321
971.050535019
970.235482803
967.809102597
921.563243438
968.194055808
971.044590791
976.35119313
980.667456606
975.027110823
967.63015974
966.32277013
963.244865497
964.393427922
967.659000649
973.392424125
978.38430525
973.653153048
964.358126056
962.226674464
958.799476903
961.922859558
963.879196881
969.906413368
911.571209868
974.733569669
972.461741245
961.397217165
960.690858257
956.027155599
959.094776187
961.549714564
968.144814406
974.134478599
972.466140726
960.842777633
959.723513654
956.489848406
958.980327912
961.751403121
968.600576249
974.599280156
974.962348023
964.749427922
889.079713342
964.952128571
961.148086476
964.27000065
966.90766039
972.795283398
977.333800389
980.293003886
971.530615434
971.575061648
967.213844805
969.378718365
971.942867056
977.033051847
980.527617876
984.57067055
977.581517174
976.420094621
974.748886511
975.30913221
902.524499011
976.700849644
980.843878886
982.292506796
979.126680052
973.037114786
972.182988327
969.544199221
970.180718547
972.940023346
977.314406736
981.476132124
977.011058976
969.089090201
968.289807917
964.877151299
967.191975974
969.383026606
974.03104731
978.43173057
945.814129243
974.99350162
965.700990909
965.519418182
961.215154746
963.346484081
966.298041558
971.697574578
976.583618924
974.375072633
963.287144899
962.142215724
959.077458686
961.015635891
963.856076023
970.219782609
974.745015554
974.399790668
963.544321637
962.306471085
894.007564644
958.364553316
960.981274382
963.546159194
970.639955873
975.225321452
976.956482826
968.125062987
967.290577273
962.096248213
965.346675763
968.23482013
973.351471466
977.39722035
980.115729275
973.311272374
972.211773022
969.00905451
970.45101233
973.047070039
903.77576366
977.108388205
980.845287565
983.589390291
977.639145078
977.045133506
974.534645496
975.491961115
976.930108161
980.549397411
983.635164401
980.353988342
974.69023396
974.003690013
970.947767834
972.664758106
974.927034349
978.091731218
982.065361812
977.931479275
943.226259308
972.024421155
970.822860571
968.303321869
969.259612589
972.249675746
975.966662994
979.604835492
976.919347375
969.13516353
967.576813108
963.706239766
965.976431818
968.394280337
973.507808042
977.86854569
975.649992223
966.910722727
965.542855195
961.928354356
914.21017477
964.299333983
966.290807143
971.382406615
976.31707129
975.227549579
965.917112987
965.179484416
961.277474642
964.565576348
965.888855844
971.97427821
976.72236617
977.595034326
970.567449059
968.990192083
965.615618831
966.834756494
969.856267359
974.79973234
906.475845395
978.438722798
980.817643366
974.490733636
973.286675308
970.804532771
971.903204929
974.737438108
978.30924158
981.120353398
984.818790291
979.285624352
978.264255829
975.757795852
977.739292936
978.981694948
981.533638188
984.27296246
981.356389644
977.138653921
936.228865925
976.339914452
975.282872892
974.893004537
977.505707064
981.315470207
983.607142395
980.737946891
974.652403111
974.55866083
971.107988968
971.771477302
974.3712393
977.607990933
981.432438835
978.592400907
971.436589494
971.126353666
967.457218182
968.586164179
937.442212418
971.145419857
974.992475697
979.460856865
977.284023979
969.088576249
968.941077223
964.405414286
966.85954026
968.723354315
974.355027868
978.513790803
977.362198834
969.112992213
967.789475665
965.073747238
967.574507792
969.749377677
973.925436163
978.228087435
917.760627953
980.191197539
973.26951751
971.979915694
968.717258923
969.963608696
972.925635538
976.962215165
980.194441062
983.126754693
977.669532728
976.827891769
974.32835668
975.081997408
977.501756967
980.146676813
983.052768932
985.759845408
981.532075777
980.435084197
925.322637197
976.929865933
978.706268135
980.600684585
983.161961165
984.492764554
983.474574757
978.560338731
978.226471503
976.117461439
977.704735751
978.590117228
981.418420712
984.567845955
980.337100971
976.067648736
975.84042385
973.578093385
973.938792612
976.368078419
949.366589693
979.830716321
982.78501165
980.440018782
974.476628405
972.922950713
970.899037638
971.628549935
974.085109598
977.457193005
980.877937217
979.25400842
971.854935798
970.878428664
968.172232317
969.851214796
971.902304799
976.346692806
980.553906736
978.955811528
931.659590314
971.822306096
971.05721725
968.632988968
971.722026606
972.281119326
976.960116008
980.147797411
981.294285437
975.636099157
974.228821776
971.340349546
972.86582166
975.241773817
978.345849093
981.812020712
983.858252427
978.809664508
977.987853627
975.660771873
923.998349508
976.98647116
978.504622409
981.45560712
984.132300324
987.173281371
981.925957282
981.613212298
979.55821956
980.164216181
981.57818123
984.037405825
986.170109961
985.522015524
980.703016839
979.694311528
977.918746762
980.048332254
980.384707254
983.127717799
958.417820313
985.47580207
983.799014239
978.292553756
977.885187176
975.630458198
976.88441024
977.840978627
981.645631715
984.319264725
981.732555987
975.965913156
975.047257939
973.500511025
974.389707712
975.98262022
979.801661269
982.851440129
980.826849838
974.356544394
956.788266927
973.51216537
971.54693061
973.958529831
974.552659754
978.247766192
982.219135275
983.661055016
973.99948801
973.705517822
970.918907912
973.560359274
974.751215165
978.584793394
981.997891262
984.582913916
977.280470512
976.281618924
973.698793908
975.173305898
941.507562378
976.758904731
981.094462435
983.591236246
986.58990621
980.779523964
979.954373705
977.252143782
979.527191062
981.344446891
983.557256958
985.083113842
989.13633053
984.016718447
983.470721036
982.482187702
983.608856311
984.198483495
986.800369987
988.339256792
959.641429408
