515.688177874
229.751090454
230.128941635
239.454590734
232.113836746
225.834464054
205.594980926
188.862224855
211.384309633
243.314923897
243.986210242
254.374124459
248.831760923
242.099200179
220.716552446
199.51667259
219.418785981
252.337146707
255.640030799
297.255528818
268.266344711
257.804450561
248.859651169
228.464948357
206.834379818
219.546181127
259.234852656
262.402987599
273.652764895
268.213475692
258.900544957
233.62606602
212.661775317
220.714443229
260.158395802
262.769073734
273.726524667
267.623627339
259.032992391
338.895263403
235.994919825
215.4869254
208.41438767
247.99416781
250.313206545
261.291575436
256.553717095
249.520364458
224.697856336
205.696166856
195.019761165
229.648868473
232.665233734
243.091690771
235.875262233
227.403124751
207.040293385
191.822408293
175.327440544
315.799634094
208.742743504
211.326453174
220.865024952
213.879355648
205.629987881
188.977078079
175.465913104
209.93036326
239.713195307
243.296250415
252.746324936
245.807935612
238.42440294
216.725950988
198.037659005
223.456353251
256.001638159
257.059395095
269.457971451
340.398980041
268.499870134
258.910920155
234.896555784
211.240315307
231.256064131
269.475796939
275.821019755
285.16288131
279.87240608
271.715805531
246.634928648
223.467075779
237.515848746
278.535070489
284.816218966
294.178800129
286.400185367
277.851617658
253.682529517
441.209213511
228.283484627
234.884685535
284.740905396
287.070489252
291.655932585
287.211971051
275.664161772
249.704605468
228.502734914
224.904722754
267.566417761
272.427751076
287.415851412
275.635298747
266.518533918
246.852277538
220.883016016
210.037829685
248.027518096
444.504669135
255.142563841
266.688285339
258.93987864
249.206268653
225.696688567
205.607422477
187.377264822
223.515875574
228.818440726
240.011788571
237.469105496
223.433947215
202.420712516
188.904451233
229.588471565
259.124929722
264.663286349
276.483187278
268.426169126
408.609438052
261.505472007
233.417097308
209.670706494
240.899021758
273.946454728
278.530120789
292.969657408
286.156177824
276.796694717
252.3266497
227.398340975
249.202376675
289.802148768
294.183622475
309.632528474
301.283412473
291.889361191
266.433585541
240.817778351
453.575890815
259.600257444
298.69128065
303.97195771
319.328292154
313.223034583
302.442223482
273.457931473
247.887966455
254.855759182
298.819265641
304.989659357
317.536163441
312.516226119
300.626177579
272.688727103
249.211652041
240.631454414
279.803487026
290.64219905
497.444457073
302.812144873
296.168779399
286.857608222
258.96257386
237.317206528
220.831324288
256.098379573
263.76125894
278.823801001
270.777848942
259.876204128
236.27107883
222.217310288
198.170930206
232.380277247
237.579779725
251.528175118
247.016356742
236.105296022
458.322293597
216.691429454
199.677274914
237.226790383
270.910170649
274.926788898
289.21908648
278.303708038
271.599517497
245.926848787
223.485123923
251.607280345
285.641401844
288.482667983
307.147654245
299.066790138
288.25104798
263.276125047
237.314088788
260.258449144
427.400046514
302.451899311
311.410555252
325.907721848
313.179504936
307.418093607
277.402721149
250.865463253
267.341824483
315.920068187
320.033398747
336.515243767
326.886598864
312.654277406
287.593658777
258.625722099
264.435848302
312.279762003
317.350461735
334.697828547
504.647326262
326.961462827
312.274636654
284.115836433
258.676182116
252.475382055
292.716218121
298.297798651
317.854798627
312.863940796
299.255898453
271.601856376
248.849048072
229.803066515
268.549152076
274.815384787
290.937365084
285.402393179
273.493689669
250.285927993
495.219455458
231.011932341
205.531323866
243.546707566
249.475040159
264.585566498
258.138993451
246.972373443
227.426248176
209.809698955
244.908083726
281.297569925
286.191721706
299.222104909
291.895746969
282.202145703
255.696874725
228.69262848
258.249625106
295.980710409
422.670332843
301.920760586
318.818540353
307.006659669
298.931053704
273.005104091
247.860692643
269.006842854
314.220289143
317.571743934
337.200914891
332.580487925
314.852128394
288.058888145
260.869586631
276.181134302
326.421255014
328.94929576
346.761321288
338.354927197
504.18990168
325.506726812
296.574756516
268.458444824
274.079606097
326.013654306
327.010175678
343.121502907
335.717474982
325.265879122
296.766867667
268.452409275
259.265166161
304.91032362
309.850312936
329.408521547
320.363307515
304.90298007
279.059625918
257.037693
506.772460308
237.488731877
278.984065259
284.866056762
303.4209079
293.705295388
279.777858938
253.452841218
234.533936764
208.297002708
250.640376133
255.556742683
272.136173495
264.402470369
252.626725967
228.52299915
212.86261615
253.760044374
291.726476945
295.575949138
466.557591115
304.828148249
297.397412273
284.457416703
259.145118669
230.655330507
264.416326922
304.186539818
307.710025414
326.403622467
318.316179453
304.816832321
279.391903417
248.767434686
271.423782864
321.493603906
322.675732447
343.521253572
331.757710269
319.260074241
493.231686741
298.497965382
266.768504198
282.831452576
336.233091616
338.115681392
355.406114536
347.628063283
334.874356564
305.993305147
274.712216828
281.413830725
334.237455287
340.059280969
354.526771633
346.483018373
332.958896598
304.992686015
274.451844972
266.422351301
511.529772746
316.732598067
321.074560588
336.83238973
332.231812012
316.055940568
285.072885779
261.126197203
240.88630699
286.673167097
293.780763732
310.950554353
304.641048009
290.330109315
261.35035999
240.756754676
214.065931766
254.72452914
262.060386344
280.605665713
507.06847687
274.607816169
261.20977719
236.233167567
215.306307123
255.093081216
296.793533201
299.536144847
313.009322856
306.353870285
294.395756368
266.549695549
238.404672281
272.018950996
315.316822309
315.957194964
330.820420621
326.042904066
314.144364753
287.407912685
457.863195874
259.480587896
282.599116426
332.62591512
332.09976295
350.876998043
342.875181076
332.169948266
302.970991875
272.620623827
288.632246646
345.461701158
345.320245676
361.531886742
355.502262455
343.739467421
312.187651062
281.745530489
287.533977465
344.93901047
509.018775503
348.39735354
362.467799798
357.822353976
341.703386022
309.916281595
279.706684303
271.856811639
323.307741521
328.631863121
347.456782638
336.356007678
322.611043346
292.610190094
266.81221348
248.120016596
293.507776698
300.475957819
318.872829965
308.872790999
512.745168543
296.2953867
267.28618777
243.404700096
218.102235196
264.59732476
269.855923556
286.852155747
274.712940246
262.427658319
239.415719854
219.320720366
260.647076475
303.195058237
308.052631464
321.34261418
309.86799269
299.771015408
271.527392124
242.139756891
456.828966836
276.189075465
319.865139342
318.980133926
338.193248207
332.258173666
318.355493738
288.898299108
257.668341444
283.985995132
338.625930586
338.115393027
356.88641224
351.396444874
333.423373749
305.70043434
274.396200688
290.298029281
349.811393961
354.059002888
507.171043912
370.683121098
361.888874382
344.325832597
314.945891559
282.469353544
289.234336866
348.685508373
352.52645462
367.221366907
356.327478117
342.303652242
312.895263602
280.443195598
274.203504256
328.957249677
333.13006588
352.8782386
342.011621222
326.406782828
517.506841797
297.16053131
269.941896277
249.258991317
297.414554357
306.310839645
322.027692259
310.537016963
298.217728019
270.950515716
246.790035733
216.599945912
265.148073724
271.586484871
286.322577747
277.323097936
264.442852353
241.161195902
220.633327745
260.204448246
491.253911205
305.483656447
305.868244523
321.026712122
310.877509124
300.963147903
272.731510623
240.7815834
275.864437409
322.439775832
327.256667987
344.117462237
333.329899477
316.765412904
292.328798412
260.039742918
285.767037686
341.739606794
343.346103332
363.020690849
486.350718092
352.997594373
335.481038996
308.228650762
275.659297992
290.718953737
351.650561886
354.478327444
369.474910087
360.539987137
346.014012921
316.256677041
284.850577501
292.280907528
349.593853953
352.903376636
366.795952855
358.613050719
345.451859143
314.084158821
514.433916055
285.70288612
275.101805041
328.345178571
335.113634668
352.835832487
342.313454308
327.457135495
298.507672244
270.650448716
251.870553027
302.305307654
306.704644587
324.212887986
313.388430196
300.468533136
270.634868841
246.937616916
218.012113269
271.093202888
510.233395529
277.262264093
293.26200526
280.174918352
270.236797178
244.40387664
223.695239613
261.17984279
302.908911192
307.924154145
321.146410951
308.692001748
298.377701647
272.359245666
241.050695749
275.533870049
322.868697608
325.298245087
342.422249362
332.98931438
480.921367286
318.906759689
291.015033039
259.169387454
286.561466995
338.038152396
345.255967623
359.415949662
347.711023152
335.146987763
306.457357118
274.582934169
291.459634823
351.22851376
353.009028066
368.425540067
358.58558724
345.815540443
316.335584588
286.302172584
507.859909825
292.920003208
350.491443604
353.36433461
367.153302738
358.714804656
344.894994041
314.462372625
281.829549431
277.185382718
331.261054852
335.647510858
350.918986973
339.477568278
327.641310112
297.140867557
269.533969525
250.764016106
302.464667861
307.466300573
514.59352109
327.116391737
312.867379127
301.121040333
272.691901042
246.748811851
219.627741841
269.706216813
274.056541963
290.660425423
278.64868478
267.577433555
242.233772856
219.341109149
260.288250732
302.185190223
308.371833371
318.288180407
311.455938785
301.145995629
485.797466262
272.83134993
240.710752878
275.18790148
322.764225873
326.726592395
340.969052987
332.199403487
320.033468005
291.563132033
257.146536455
287.726151984
338.178222449
340.418065827
357.752384667
348.759412613
335.828439853
305.082263809
274.719955843
293.566619373
494.619806041
354.014443536
352.495730916
367.875302769
359.544554045
342.211403767
316.581466087
284.628107876
292.173433644
351.898913732
354.965677433
368.471449155
361.352395372
345.798360682
314.987362198
281.472482687
274.607186443
331.190303524
332.289553112
349.293443444
518.546217043
345.03402553
327.314957787
298.644144619
269.447612691
249.633642804
303.145537716
307.493131407
322.571536565
313.715797254
299.436171847
269.932312389
245.818242487
218.205485175
270.830523766
274.77986178
289.362314272
279.197394628
267.744163179
243.324116994
501.373176068
222.23537867
257.826267327
302.04733628
305.261578436
319.407989004
309.024065881
298.17393124
269.294914947
238.635479414
273.787483548
320.727452677
324.91611699
341.108480648
333.961861689
318.403997535
289.774607849
257.069113175
284.046002387
339.485778699
465.895896902
343.331691277
358.370276996
348.850370423
335.298824355
307.329712503
273.752835105
290.33391823
349.51578769
351.404844169
367.656787217
357.509612043
341.675316716
314.888330549
281.694802909
291.033435729
350.109558689
354.004394983
369.292950253
359.847568164
510.685353213
348.421691562
313.783503076
282.382229854
276.046259394
333.764799708
334.694531153
352.128930714
340.183683176
329.103903257
302.52953921
270.709383753
251.407957885
302.914889991
306.451335062
323.525281597
314.269280644
299.456648031
271.92041387
246.909732036
509.105223905
219.404347809
270.033722694
273.647490725
289.42635633
277.662327376
268.131377183
242.309763501
220.989409734
255.916064435
297.551854722
301.588262594
315.451002809
307.537671534
295.501711052
266.363885507
237.599438236
272.64400079
317.821026117
321.438970374
474.011340233
336.982953754
327.953775416
313.865767696
284.572899179
253.031622045
283.544185149
336.475425433
339.044796544
354.737501853
346.582915444
331.804591414
301.929871084
271.506586756
289.010653879
346.724049308
350.064574757
363.262256914
352.735794428
343.744842567
512.21793237
312.194039435
279.421480963
289.756820237
344.752085817
348.088252999
362.754383394
354.793723079
343.370085121
309.640188571
276.570113143
272.942034614
326.232782678
331.905014813
347.836072041
335.696423227
322.045375911
294.149168895
265.439525875
249.299836764
510.911839404
300.568278197
302.993611234
320.092260403
306.377611172
295.829157134
266.625214079
242.160646255
215.608308737
265.007659384
270.887659085
285.687167774
275.715415917
263.133206674
238.706571885
217.900202896
251.61985876
291.169527309
295.642595589
307.741093882
480.495730602
302.395879803
289.226651553
260.657448682
232.336707414
267.515603986
307.527618379
314.576078747
328.718137202
321.211722079
307.981085945
277.850104595
249.059939843
276.857950854
325.167867082
331.732305823
347.137100873
335.552951773
324.812152442
296.724150387
492.935911291
267.53403651
283.964695404
336.555336608
339.76689089
357.021710963
345.188360851
335.629571781
305.720920491
274.613429565
283.861515532
338.511914086
343.914744925
355.011549534
346.401861853
334.787589216
302.250119589
272.607380595
268.163310499
319.105347953
511.943280881
322.38824284
339.282178194
328.617595432
315.756860794
286.088462122
259.831682825
239.652083041
289.801249415
292.475064013
312.764518449
300.832041692
288.400986933
260.156119966
236.906444768
208.124749898
257.919474663
263.458147482
276.449631973
270.657419911
503.769714814
258.931679897
233.858591513
216.83705604
242.623405281
280.853768873
285.666856362
298.837317454
293.224272356
280.446058036
253.932144936
227.261028358
258.636861153
300.106108522
304.719072172
320.184506876
311.182094973
299.72944971
272.50963005
245.472192663
425.44887611
268.629950528
316.835248737
318.893857104
337.197309929
327.923069194
316.081973298
288.308908491
260.373325832
274.402038365
328.431457095
332.858206691
347.271500019
338.570633117
326.204713121
296.02859227
268.827871484
272.937336074
327.558857611
331.350171678
510.704345839
349.530253707
338.193725251
326.010629753
294.155008026
266.777569217
256.529146332
306.593210014
310.733217927
332.512855423
321.241217181
307.457449072
279.157572386
253.167836855
234.766200941
279.952729099
284.40394022
301.614939734
293.940669351
279.825716754
501.538782814
256.954783879
232.455188719
208.428815981
252.693276548
256.79878831
271.774144986
264.312382987
253.809374283
230.08015099
209.710288
235.118828327
270.872632836
276.287855178
290.081250141
282.930002912
271.981694941
247.030996377
220.868411865
249.142677871
432.951684361
287.223980134
290.252851159
305.561074702
300.369825045
285.437097758
262.695795253
238.382612288
258.525537268
300.719368508
307.266832259
325.235742879
316.195964717
303.405907588
277.640124473
250.465702803
264.553194304
313.715047825
318.800334429
335.639807225
492.332851376
325.016423537
316.007531744
287.76994309
260.803739015
266.902427155
315.083954965
319.406329412
336.931626557
322.694684323
315.347203419
285.637681349
256.822536174
250.511684254
294.014101785
300.953578341
317.915529841
311.295293987
297.644370346
269.374525249
499.395755557
247.053452643
228.831995027
277.021000071
275.710302323
293.313581965
285.65634049
269.62060657
246.607355478
227.408923713
199.810185654
242.154187235
246.716399248
263.381820926
253.836821236
243.270552685
223.364870767
204.089121187
226.105429144
257.989973981
447.965620303
263.167089716
272.005814371
268.626322264
257.114430657
232.139435408
211.126268993
235.855656766
271.461628112
274.747023862
293.045965846
286.008462673
274.928580554
251.54919942
227.267170918
247.772295195
290.130834415
292.818035474
312.829928235
303.919080803
447.641386158
292.205586777
266.683477068
239.859472266
254.945934064
299.942031502
302.355645997
321.627553958
311.669154941
302.38147052
271.940886672
245.714824278
254.741057126
300.553375869
305.86607147
320.573719377
310.157748285
297.134970685
273.086405445
246.845607892
486.201307226
239.027634838
280.847073312
286.525311464
304.523248701
296.759185835
283.901552692
258.111064849
236.183174982
216.940885338
255.632569682
259.804647943
276.284995879
269.756441846
257.109989036
236.99702222
215.341753929
191.979350541
229.877973889
235.734446309
465.766691597
256.447029529
245.344027888
232.781257567
214.136882871
198.288323847
212.509507993
245.47270281
248.945466437
262.153281039
251.591423005
245.664523593
223.389522998
201.202747504
229.842404054
262.599431579
265.297380649
279.027489612
272.546638718
260.364307725
415.492975707
238.763116378
215.34085938
236.082982125
274.664392605
280.092587067
292.871000945
286.488344996
275.827047103
252.687202443
228.706058588
242.092449159
285.783154464
290.542866143
304.598100698
296.684998533
292.935058708
260.336337514
232.18705525
243.292199257
459.978348188
287.925794408
290.047444147
304.105018509
290.393526644
284.933738432
257.935317742
232.327893721
227.680809764
266.4625953
273.258172707
289.159103606
280.76995539
267.726069789
245.573403822
222.042369324
207.106490403
244.771746605
250.387317184
265.689747414
474.808997842
256.806453905
244.655617303
225.950839382
205.65829495
175.44433801
222.341684252
226.206087963
239.751586506
231.985710051
221.927938305
204.242316764
185.563177252
190.571070367
233.652609029
238.524846663
250.545928135
238.26904232
235.112002659
212.494359903
382.234165131
191.890862143
206.979392254
249.261174671
251.93229808
265.068697962
257.657745348
248.910558835
224.707713092
204.37895364
223.279320717
263.906667206
267.662248857
279.763886677
272.94320556
262.045716178
238.307572815
215.191997763
228.584497184
270.311493185
388.104100706
279.164504041
289.861807642
277.450791304
270.948750333
246.615573629
221.119327231
211.186343884
273.977855115
275.852859844
291.207263587
278.652934094
269.775663093
245.768796822
220.984655585
201.233813148
254.780472783
261.374921494
275.869623845
267.364323847
435.869732757
258.082485413
231.312772419
209.922745237
183.978609931
233.503224748
238.406061988
252.338386812
242.168444841
231.16652015
212.540724933
195.052563224
162.648831577
209.593178346
212.488147595
220.909685696
213.899625231
206.785089995
180.526584346
171.80638124
379.909348831
