500.052262437
229.438792642
229.446997795
239.21587637
231.937222395
225.644070225
205.221057992
188.534767786
210.883069725
242.751486742
243.917182903
254.148492211
248.501797601
241.581924683
220.368071582
199.365967683
219.049214041
251.940794111
255.241162409
296.454292357
267.914916763
257.410956109
248.575145251
228.177207921
206.649827802
219.039546426
258.489592225
261.684406628
273.038761883
267.914899627
258.489829547
233.162581008
212.268162415
220.360194701
259.559716089
261.686878462
273.040281259
266.89289147
258.487029163
338.424041443
235.610651522
215.011573898
208.07601767
247.364108312
249.705305366
260.633083119
256.33238766
248.497349445
224.282152917
205.218074293
194.771621257
229.372333919
231.932967862
242.7497786
235.608240845
226.913208834
206.649168583
191.68379758
175.273614314
315.008765212
208.066208553
210.879867254
220.366302117
213.646136806
205.220752249
188.528154934
175.27043684
209.486127964
239.216609836
242.750597426
251.937860626
245.071186405
238.020828457
216.367319233
197.804803841
222.986990517
255.243619829
256.336002215
268.940061871
338.521136596
267.934556053
258.497021053
234.394543173
210.883605679
230.693910062
268.947095449
275.027818741
284.638159628
278.931122652
271.044406769
246.220900301
222.986834742
236.820087387
277.961013119
283.696914915
293.874692401
285.570448952
276.988713296
253.047544816
435.59789653
228.183213613
234.393736612
283.692425943
286.499647794
291.169368048
286.500704047
275.024127505
249.703703529
228.186372932
224.283836089
266.894424699
272.044753982
286.505604879
275.029289766
265.866045257
246.217059808
220.365858392
209.483085295
247.362419126
439.220997988
254.072408366
265.866464445
258.492144648
248.497375691
225.568786505
205.221779848
186.93641719
222.987934856
228.11556437
239.215632537
236.750471289
222.988896112
202.314342641
188.535090733
229.373851134
258.496045682
263.789278993
275.027483634
267.999161599
404.582608234
260.630582898
233.169222132
209.487700915
240.405847113
273.050536414
277.965015695
292.080362237
285.576220393
276.010880931
251.941568487
226.919746492
248.501266933
288.433592119
292.978438567
309.421515907
300.03657059
291.179708429
265.86868456
240.403752709
444.859033268
258.500715145
298.303527958
302.704389607
318.378890798
311.881183948
301.765555254
273.052418852
247.37001096
254.153425202
297.425824817
304.321836422
317.589046315
311.877866262
300.037447513
271.97118634
248.498485624
240.402910702
278.936762004
289.26858074
484.404390862
301.759900708
295.6587886
285.577824757
258.495057461
236.819615553
220.368122854
255.244630974
262.744420052
277.96416344
270.038758848
259.5640071
235.611799772
221.682297045
197.865551218
231.931820819
236.820046104
250.820623571
246.217095959
235.611603023
451.110820687
216.365551279
199.363494088
236.824051352
269.959057033
274.040232493
288.349973241
277.963565051
271.043101655
245.074051244
222.993827482
250.75489848
284.639120822
287.514190969
306.087898638
298.294942355
287.51579502
262.745425432
236.822456805
259.569346271
423.339276792
301.764615743
310.2497885
324.580822754
311.969990768
306.09352506
276.996020015
250.827029705
266.90196199
315.111111092
319.081028722
334.316501617
326.090785838
311.881090685
286.50082755
258.495721337
263.79543431
311.062271066
315.110946752
333.593242792
492.278216729
326.100344566
312.699445966
283.702390452
258.503528416
251.942329119
292.086898528
297.423156535
316.710022892
311.069956036
298.298776823
270.965643912
248.498169936
229.443101261
267.922560532
273.958535893
290.264802932
284.638433948
272.969859037
249.627421401
485.563373582
230.619870798
205.220110189
242.750705269
248.497185872
263.789503024
257.416221955
246.216666801
226.845120145
209.482348242
243.91158534
280.853329582
285.57268189
298.29573843
291.173678687
281.807898218
255.244693182
228.184896847
257.417392732
294.775251934
419.159666815
301.770699427
317.590833551
306.094652909
298.300565115
272.048222831
247.362549908
267.925093471
312.691816828
316.704253385
336.47735122
330.576542804
313.58348716
287.429692483
260.627759991
275.027674128
324.574511758
328.345227755
345.645517962
337.192312009
492.855811456
324.582007131
295.662685523
267.925007852
273.045918952
323.81038264
325.336397288
342.808884258
334.313151262
324.575781132
295.657896998
267.928437204
258.497523921
303.467921028
308.593636837
327.693403533
319.159601006
304.407492166
277.962858464
256.33729956
494.207652842
236.829342514
277.962262699
283.698085027
301.75979027
292.97934836
278.933688727
253.045665237
234.394623237
208.072257266
249.625273369
255.243682604
270.962937796
263.790312844
251.864076629
228.118417817
212.269629839
252.97291344
291.088524303
294.768098975
461.017827511
304.404376809
296.544099194
283.688788037
258.490569573
230.690020207
263.777959889
303.554045068
306.925343503
325.331448571
318.373490095
304.4046821
278.929234865
248.571957416
271.04630653
320.72225203
322.27073673
342.902531608
330.662026227
318.370189846
484.073772564
297.424426165
265.949281558
281.804359352
334.319710931
337.191692736
353.733977944
346.324893263
333.598260444
304.320213146
274.043261968
280.849175337
333.596667001
338.612928434
352.975194804
345.642532861
332.13655296
303.472583573
274.042042865
265.868010018
498.53228403
315.901242724
319.856781443
336.486168331
330.576788492
315.113038628
284.640057133
260.631988533
240.403809998
285.582715157
292.983946038
310.244015681
303.468724199
289.273998114
260.636280901
240.404308257
213.650819911
254.157415473
261.691244249
279.897761826
494.511260884
273.962006213
260.632423824
235.617236076
215.014994568
254.151017999
295.657224664
298.292772359
311.874871456
306.002871176
292.980602691
265.8660606
238.024516365
270.968098025
314.307187136
315.106929824
329.182946349
324.57347628
313.506817616
286.50729782
454.291956806
258.497746859
281.80822773
331.315784076
330.667182258
349.687838985
342.209556054
330.577293278
301.764411373
272.051615204
287.432650166
344.187266462
343.593336563
360.74681728
355.026179537
342.116850949
310.244421438
280.851585602
286.506248045
344.185274422
499.243997875
346.233113859
361.997737302
355.574147755
340.024679577
308.589141078
278.933777682
270.963978266
322.275702756
327.597321234
346.332135536
335.04101053
321.498915085
291.175104938
265.866901761
247.36072732
292.984406757
299.165839523
317.502727024
307.759709823
500.020734408
295.659933476
266.900022253
242.7527648
217.711936586
263.791437201
269.020016757
285.571756352
274.039709252
261.691784352
239.219398768
219.043600302
259.568718533
301.759813368
306.839367907
319.855245297
309.422561325
298.297842506
270.96630728
241.580669061
452.145162131
275.032370665
319.075927531
318.374467716
337.191411974
331.305860001
317.496599507
288.355735201
257.416710366
283.698300161
337.905528412
337.903896528
355.666256985
349.685849933
332.136150693
304.402638548
274.03750738
289.351184858
349.01367323
352.324443895
496.679076502
369.385454363
359.492326994
343.588412422
313.50064258
281.804636769
288.352487332
347.671499707
351.661450263
366.984891347
354.37154613
340.721804076
311.879238219
279.889801546
274.042537278
327.601068381
332.13455549
351.010388947
340.715636314
325.331456259
499.063774147
296.543419296
268.949687126
248.501719345
296.54515465
305.16232295
321.497965003
309.42008683
297.419489372
269.961171606
246.222990979
216.369164116
264.832259212
271.043960887
285.569372034
276.006357552
263.790299452
240.402350535
220.365351694
259.568838709
482.597097983
304.320783953
305.168565343
319.859625799
310.24738132
300.039620912
271.973436369
240.405812483
274.950176972
321.50350964
326.092313251
342.809741356
332.864685548
315.194685421
291.178418487
259.565379931
284.638823853
340.719470288
342.115848438
361.371508342
479.027235719
351.012001138
335.046245083
306.933974117
275.028157261
290.272088021
349.687618477
352.982918238
368.794843526
358.864351862
344.961229699
315.911247576
283.702186061
291.172694792
348.349590286
351.668172001
365.775309379
358.230300173
344.864204601
312.692217834
499.23670953
284.643171553
274.049241233
327.599756399
333.597686727
351.671360119
341.419076284
326.846421773
297.425521728
269.960196812
250.750279985
301.757433524
306.004209041
323.043081682
312.691047301
299.16809128
269.953612429
246.219784086
217.709852976
269.956729843
497.561676864
275.936430008
292.00080426
278.936956537
268.948311869
243.921080962
222.992479705
260.636869878
301.767035893
306.933617786
319.859834352
307.763485106
297.422348867
271.971245062
240.402679352
275.032210218
321.503340415
323.809534919
340.726237814
332.136897756
471.814898358
318.382103459
290.271583367
258.497978174
285.578872164
337.196631065
343.499709278
358.228565258
346.328631466
334.322762722
306.094075555
274.042731397
290.268064686
349.68492899
352.329979835
367.596603633
358.229583074
344.96328175
314.308017271
285.574697249
498.529879053
292.086184429
349.018534735
352.327227769
366.988071931
358.227107964
344.276364192
313.503208915
280.853813038
276.014596956
330.57372437
334.318375842
349.681783789
338.614599471
326.845832687
296.541476436
268.944151018
249.705540635
301.760774238
306.843052411
500.162637908
326.09343037
311.878326419
300.03736879
271.971214948
246.227803187
219.041724408
268.942859073
272.97307701
289.269741503
277.960504567
266.903789264
241.578533831
219.042307179
259.56454189
300.899536371
306.842053921
317.496142256
310.244878727
300.034659365
478.162029136
271.977635277
240.40410693
274.041330641
321.500283249
325.337688411
339.321392185
331.313235843
319.074408665
290.178252663
256.33190155
286.506315626
337.195454147
339.317656411
356.3137111
348.35113568
335.047212382
304.404978936
274.039862879
292.895979084
487.961595142
352.327086862
351.010286258
366.987613834
357.587827551
341.517137738
315.913535769
283.704144406
291.176278913
350.355136051
353.633971941
366.983892221
359.496618332
344.961526687
313.503526503
280.85272862
274.041381349
329.831506221
331.407861385
348.353998465
497.255248135
343.502134025
326.09537203
297.425985633
268.948660827
249.630679303
302.621756912
306.006273511
322.275432667
312.695643862
298.299707879
268.947684473
245.072145953
217.700537842
269.952765411
273.961260833
288.353379398
277.962804089
266.898453509
242.753975308
493.679784805
221.685176684
257.422319861
300.899579093
304.315820306
317.499170884
307.759062844
297.420686904
268.944912056
238.025679148
273.050140077
319.942591165
323.806269375
340.018446729
332.041822955
317.581083475
288.355341521
256.334066152
283.702553794
337.90332697
462.645074145
342.115573082
357.595322175
347.676255294
334.320859284
306.005305316
273.049191143
289.354363913
347.677219296
350.347442881
366.993603858
356.958238012
340.822323506
313.505611655
280.856459282
290.269742647
349.020192925
352.333209705
366.389914425
358.86572961
498.038722739
347.583787391
312.698619325
281.807689192
274.948724981
332.046601068
333.596876661
350.352845634
338.611347163
327.599111443
301.768041104
269.9582207
250.749122065
301.758290587
305.164642687
323.044220621
313.500101106
298.295592503
270.965755999
246.221721038
498.42358043
219.044218465
268.941567228
272.964604241
288.356553776
276.988893928
266.899205997
241.581341678
220.370605152
255.246021547
296.541834324
300.902163861
314.305454235
306.84376157
294.775633119
265.87220248
236.818570522
271.971512293
316.70624499
320.72271104
463.186935326
336.491333314
326.846804296
312.693176921
283.700391921
253.045892649
282.752891315
335.759366494
337.90258406
352.97706437
345.650906193
330.571933357
300.89900667
271.039454548
288.350878833
345.545870753
348.343209653
363.22786636
351.007753802
342.801939254
499.827386461
311.063403233
278.932336548
288.349145783
344.279069719
346.995342072
360.742921207
353.631791079
342.112789929
308.592833214
276.006774599
271.966029108
324.571118922
330.571494928
346.319593534
335.037447736
321.497665918
292.976593874
264.830627882
248.494926635
499.089538434
299.173861974
301.763221804
319.075674474
305.249893343
294.771021431
265.873575963
241.582154471
215.013664342
264.834432088
269.96114611
284.641812998
275.03118676
262.7460413
238.02434395
217.71246747
250.747842392
290.185093209
294.766686178
306.928652191
472.727270871
301.767501436
288.360071877
259.56905998
231.939239579
266.90766749
306.934637844
312.69307654
327.603719504
319.855284879
306.930731426
276.987257767
248.572381333
276.008222224
323.808544314
330.572934347
346.320821058
334.318959182
323.811904144
295.659660856
485.952134583
266.900813785
282.756996597
335.04696368
338.615688384
356.314783185
344.283538884
334.322063617
304.320805426
274.040153958
282.754583705
337.905039309
341.424934972
354.28448786
345.645116321
333.59295262
301.763602832
272.049314028
266.899775149
318.286666291
499.737893525
321.399171691
338.606575881
327.59803222
314.298304755
284.631690565
259.555847466
239.200563311
289.270627433
292.078055038
311.881145204
300.896434156
287.429445633
259.566221262
236.820565845
208.072392709
257.417559152
262.739835639
276.01049902
269.952403888
494.543034865
258.495611142
233.174602986
216.367874262
241.58312015
279.891035149
284.641338382
298.29709524
291.997079802
279.894285542
252.974935926
226.915647082
257.417794354
299.170108238
303.466696806
319.073303841
310.24202276
298.299028645
271.967748577
245.07263772
422.511977397
267.925895109
315.113839131
317.503971547
335.763315035
326.848227032
314.312019361
286.507585776
259.571220716
274.043527228
326.851894764
331.311138784
345.645971136
337.196004318
325.337460437
294.768405664
267.928113559
271.970436083
326.091415535
329.838091917
497.799108701
347.576571305
336.480447364
324.577849333
292.983446554
265.869372149
256.338445429
306.093102568
310.24675292
330.574548921
319.94746701
306.091435436
277.963663582
253.052194689
234.394973504
278.937945099
283.702430265
300.904308025
292.983641869
278.928921342
492.397494381
256.336105137
231.934326678
208.076477426
251.862848476
256.335871714
270.969716358
263.791528471
252.974114779
229.373902475
209.482459947
234.393984588
269.958834864
275.030795489
289.268116663
281.805860453
270.965449131
246.222752214
220.36963803
248.498939638
430.211088279
285.658337232
289.274309431
304.313571374
299.171243399
284.641460052
261.69204721
238.026204843
257.420274248
300.034790684
306.841648756
324.574135889
315.110433365
302.618308749
276.99215386
249.702154155
263.790795804
312.694817307
317.497478005
334.321908688
482.783804499
323.808780505
314.308495776
286.511536115
259.568904674
265.874588394
314.310273092
318.289471001
335.765964617
321.506225718
314.313736993
284.640209428
256.339699668
249.631108663
292.977687609
300.035950743
316.701362975
310.241593715
296.544141359
268.941436864
490.475357938
246.221342635
228.1136637
275.932953362
274.945961696
292.079476579
284.637862901
268.942644416
246.218875726
226.846751688
199.364314378
241.57987647
246.22243813
262.743052464
253.049499428
242.751754709
222.988971703
203.775023335
225.566295864
257.416623172
444.181343642
262.741219832
271.045086218
267.920079631
256.334971991
231.931590734
210.882974204
235.612366464
270.965809297
274.038993096
292.07531434
285.575406574
274.037121757
250.746684337
226.844264655
247.363734964
288.349026045
292.083100111
311.875734275
302.608180527
441.683672335
291.180147912
265.873267889
239.218668048
254.154554887
299.174610054
300.899236574
320.635258844
311.068162533
300.902812519
270.966042513
245.074235385
254.073084352
299.167325071
304.314221578
319.943886827
308.591522556
296.543895063
271.97201504
246.220439871
477.477202532
238.020003019
279.8924724
285.575527633
303.467962843
295.655740694
282.753759674
257.414616917
235.612354085
216.366713113
255.24373075
259.566841947
275.026957479
268.939215909
256.333077502
236.818230527
215.013690197
191.681765948
229.44022725
235.610194272
464.677635565
255.16542555
245.075931104
231.934986657
213.644647121
197.805482952
212.265185676
245.070880234
248.500980203
261.688605733
250.747649263
245.0719319
222.985855575
200.846639075
229.372451358
261.687907232
264.825917018
277.957624456
271.968929235
259.563943507
410.703031608
238.024192792
215.014070467
235.616536726
274.04450732
278.925861958
292.077692932
285.574570068
275.03234286
251.862354464
228.113306116
241.582936946
284.638533994
289.272037459
303.467947299
295.660922915
291.997050082
259.567181351
231.93558005
242.74770171
455.097397418
286.511608325
289.2710813
303.46748836
289.356676865
283.697937497
257.419376842
231.864670363
226.844580795
265.868117827
271.970962529
288.349262069
279.894058079
266.898240128
245.07214083
221.680317723
206.650404879
243.911234699
249.626702423
264.830436021
468.391781329
256.33283539
243.913462311
225.567019263
205.222913439
175.274890197
221.680771939
225.566574388
239.21394933
231.863903782
221.683790375
203.762152886
185.321460525
190.114747579
233.167922148
238.022848313
249.621339173
238.018940232
234.393332141
212.267937595
380.214591073
191.685042521
206.652978798
248.499128293
250.745572471
264.832951492
257.418710817
248.502462616
224.282137062
203.774881697
222.985804447
262.745821866
266.90020399
278.929832156
271.968298747
261.694669475
238.022613737
215.014832255
228.113153402
269.953781239
385.696032849
277.967963395
288.351549437
276.009516835
269.958915367
246.226035893
220.367438866
210.883235975
272.971630827
274.944913812
290.185323094
277.962580931
268.941202218
245.072718078
220.370205842
200.846809961
254.152038373
260.633469889
274.946065673
266.896012188
432.889758021
257.413935084
230.691117053
209.479301053
183.690061913
233.168683531
238.020944136
251.860130362
241.575874155
230.693325868
212.266779411
194.767058964
162.648272622
209.479149872
212.262947849
220.360457654
213.63991272
206.648363972
180.371409723
171.77035479
377.877669803
