490.314060505
945.176046632
945.160389896
939.997510363
943.886090026
947.118526554
956.856215534
963.99588163
954.263122977
938.045278497
937.411305699
931.542087492
934.828320596
938.711620466
949.729333333
959.437636246
950.384979288
932.835042774
930.885962411
903.472234112
923.112787427
929.589703176
934.751002592
945.79796114
956.193310032
950.364295793
928.913320804
926.98445431
919.809972763
923.105469864
928.923988334
943.21820272
953.604603236
949.720003236
928.273898898
926.98733895
919.808879377
923.746095269
928.920802981
868.922861039
941.953029145
952.348755987
955.55472233
935.448819301
934.115464031
927.633375243
930.24157291
934.818040155
947.789396117
956.837575405
961.38425097
945.174205178
943.855940415
938.02656671
941.91094171
946.442060233
956.177693851
962.675510996
969.147901682
889.092770928
955.537937217
954.243809061
949.707055016
952.945480906
956.833454369
963.948864812
969.129187581
954.88728479
939.975180052
938.035034974
932.826863253
936.752542098
940.623315415
951.6719411
960.112964424
948.433872492
930.883327933
930.231712897
922.46436941
868.85297076
923.121519119
928.929353208
942.571658031
954.260547573
944.520677461
922.43461698
918.515605707
912.035250324
915.916447471
921.10238716
936.116359456
948.448118447
941.289764249
916.571879377
912.701223735
905.509168073
911.388129702
917.229957198
932.187812054
746.531832026
945.841878238
942.601766839
912.68277821
910.752727626
907.457806619
910.745988975
918.525081712
934.125807518
945.824576425
947.802022654
923.743057032
920.451237354
910.74114332
918.520027237
924.395107583
936.098686528
949.723476375
954.909138511
935.449976036
739.973426797
931.590750648
924.420604666
928.937166559
934.809467617
947.135818123
956.844735922
964.632474127
948.414750162
945.854332686
939.98998057
941.328412298
948.43956699
958.130565049
963.977739327
945.206809061
928.93983733
925.700489955
918.519553826
923.066033074
794.776848761
927.6738814
943.256229922
954.910885437
939.346824482
919.828887808
916.596040208
906.793674886
911.398401427
917.885446174
932.846640311
946.483840026
934.82770272
909.395070084
906.156404932
893.77012013
900.976455548
907.469404932
924.425587168
939.358278497
729.360930674
928.977927414
902.262092148
898.956912987
886.54374269
891.816216883
899.673880597
919.82895655
935.47485557
931.546078419
902.90020636
897.741726152
887.207012346
891.827787662
900.977065542
920.538562541
934.83684456
939.369336788
915.954119326
908.813566148
625.382013149
899.682322518
904.218609994
911.402837224
928.955259235
941.284834845
949.736220712
930.884703824
926.362026572
916.57538716
921.776790532
928.292681141
941.935310233
949.082460194
960.084016828
943.864973446
941.276573187
933.473697991
936.106373705
941.936753238
716.733473168
951.690548867
959.453554045
941.280954016
921.811628645
919.180791829
909.452280156
916.561175746
921.116048638
936.760747409
948.477397411
933.512896373
912.036203632
910.035499676
896.340831169
902.254021415
910.034306295
926.347777706
941.289231865
928.296530136
767.103349869
899.689012979
893.127064935
881.333592593
891.736195582
896.354971429
917.220725681
933.475097861
923.768239145
889.208546753
885.996049351
872.827511053
880.055404808
891.812692208
910.751819066
928.96185094
925.721878159
892.460181169
889.219167532
873.469427828
589.34115339
880.080936972
891.178403896
912.701422827
928.961158134
932.846206092
906.815062297
902.910026606
887.922781169
892.475441558
902.267846204
921.181888529
934.833609456
945.186379534
923.125375891
919.245692806
908.115341337
912.059931258
919.885755023
934.192506477
620.786462196
944.559989644
956.85580712
938.037702073
934.807070596
925.704320156
929.590086196
936.091851036
946.485907443
954.887691909
937.382562176
914.63309987
911.392146563
902.24502401
907.440741726
913.984184825
930.881519119
945.818651554
929.57798315
904.846203115
773.633246084
899.699397145
887.206833008
896.364829221
902.270341986
920.472088197
935.46934456
923.124885936
891.159988312
887.916761688
870.862946684
876.147331384
890.432001949
910.094726978
927.642263772
918.532431907
881.344363873
878.085304094
862.315900455
870.216719116
586.033691903
881.383928525
904.228647631
923.12964744
919.83105642
882.008288499
880.717614685
865.031072822
872.832278283
881.354464587
904.215456197
923.11831173
928.950208684
898.351286178
894.398237013
878.667537061
885.888276803
897.64383961
916.573119326
930.254909916
577.852839262
941.304080311
916.58092153
912.69104799
899.668445165
906.144817651
915.912316472
932.17465068
942.583677461
955.551107443
934.160195596
930.882209332
921.162561892
925.692802333
932.865066062
945.849620065
953.613831715
932.21473057
907.505733463
904.845258274
694.755441678
897.667953247
903.570324465
912.692638781
928.944578743
944.528101036
925.704644848
898.290827922
895.703015584
880.692830409
886.545107862
897.658892208
915.943237354
934.764130914
921.123186122
884.582468486
883.277574399
864.920743006
876.06243173
886.531558804
626.694684418
902.934203764
924.383361868
913.981114137
872.809420676
870.219962939
854.434559896
861.672083279
873.469717165
897.724214147
919.191428664
914.642359274
873.475278283
868.923660598
855.17633637
862.32912622
874.771223017
898.378866321
919.190925422
924.4297628
541.3772
888.589119481
885.333807792
870.874944083
876.152550357
889.212308442
912.060297665
927.665685677
939.359901554
911.406911154
906.19243608
893.116137013
898.371700195
908.805904021
927.656479585
939.360992228
952.986965049
931.576122489
926.99833895
915.303535668
575.888559947
919.256784187
927.667007777
941.92686658
952.323089968
931.527198963
904.200094095
902.256271252
891.80666039
896.415478261
906.145591175
924.407598185
940.651220207
921.180414776
889.862120779
889.200916883
877.363329649
881.349997401
890.515569481
910.749501297
710.009749836
928.995534673
914.023185473
875.511022092
876.071227568
858.445333116
865.585803513
876.157664717
899.670432836
920.493715305
910.118605058
863.714311443
864.280782043
847.265568359
853.128182292
865.674438882
893.108120779
914.649979248
910.75277821
863.716175553
531.466182838
861.793671651
845.966102865
852.565821731
867.616293888
894.413483766
915.936363165
921.170945561
883.297167641
878.751633528
861.705702017
872.172878414
883.951236517
907.441468527
924.413358393
935.475233808
906.147390006
901.605892927
887.271296104
895.069544156
513.677379379
904.219935107
923.771205444
938.050516192
951.045209709
925.693438108
922.410831388
911.399899481
919.178815175
926.998055736
939.994566062
950.396882848
928.301419313
899.65953926
895.763296561
885.320281169
893.764848052
902.253336145
921.16826766
938.714601684
714.597835625
918.557033074
885.976415584
886.536253411
870.189464889
875.499940221
887.264097403
909.433673152
929.588029812
912.688276913
869.571814044
869.577476593
852.476805339
858.436732596
874.777620936
897.658765584
919.187261997
908.752689163
859.078662329
855.825569291
559.862163036
838.066326384
848.581347005
864.281975927
890.517679221
913.989362516
909.455708171
860.376767729
856.474478855
840.63689316
853.766908203
866.955085176
891.807382468
915.29256096
919.183478599
878.744309942
874.753604031
857.123545869
866.953905722
880.692634178
467.301799867
903.589032446
922.507707712
934.827396373
903.564528228
897.08808501
883.962093567
893.760217532
902.906948086
921.832038237
936.11741386
951.676335922
925.056999352
921.109241245
911.398005837
917.872154994
925.702856124
939.342034326
949.739559871
928.300563837
632.189731275
897.738787151
897.088545101
885.314068831
893.104438961
900.961732641
920.531813351
939.349725389
918.571696047
883.953039636
880.043220923
865.027421977
874.125938882
889.184451592
907.467437378
928.309685029
912.051399481
866.980354356
865.679360208
846.623977214
644.681310775
857.136428107
872.183257477
895.718909091
918.542378729
908.100889033
858.420120364
855.179275862
838.707341368
849.222518229
862.978057254
888.572298701
912.706500649
907.456481506
859.734824984
856.466666884
841.959583713
849.880747396
863.077697009
891.176923377
469.96570444
912.065677691
919.191245785
878.736807018
873.456142393
856.463047495
866.305942783
879.387727745
902.89898767
921.821961763
933.530532383
899.677087605
896.438696301
882.660959714
891.179842857
901.613697599
921.823416073
936.12828886
951.055987702
921.833662994
551.875794331
917.966444588
906.882667315
915.960483787
922.490318859
937.417615933
948.458784466
927.67430849
899.679983128
895.710428571
885.337066883
895.064483117
902.916891629
920.522285159
939.358586788
918.551653696
883.962487329
881.992755686
866.97763394
874.776386866
666.799574147
886.566126056
908.113386113
928.953066105
911.399440337
870.220076723
864.371043563
849.860574219
861.670951854
872.824327698
896.360125974
919.194416991
908.115359507
858.447333767
855.845472999
840.017872313
849.888742839
863.002786597
889.884314286
911.426998703
541.385172937
906.830249838
859.092007807
855.842432661
840.669166775
849.884281901
863.633829538
890.528661039
914.661169261
917.889735409
876.145784276
872.816459688
858.427567339
868.910362159
879.398135802
903.55926671
922.475276734
934.130518471
899.668444517
895.792588579
496.151068783
880.059593242
891.815711688
900.962344581
920.519009073
936.109689767
950.386045955
922.457901491
919.867006481
908.796503243
916.58164786
923.753473752
938.695361399
950.383375405
928.301761504
900.308711875
895.765409474
887.266975974
893.109311039
900.962136924
647.531231779
920.548961115
939.350595855
919.173381971
883.938287199
880.699930474
868.252031209
875.495964912
885.970538312
908.151310636
930.269651977
910.762269131
870.220514954
868.258319246
851.821216797
859.732213403
872.178744473
897.655563636
919.179121271
906.228331388
610.652266447
855.830310995
857.121865322
840.648742671
850.518330078
866.242553676
888.580658442
912.698899481
907.451480857
857.789175667
854.524459987
840.659160912
848.573379557
862.97582108
890.515193506
914.650958495
919.193159533
876.795048083
875.424857607
859.728023422
446.71715063
864.387421977
880.063041585
902.907808566
922.47358976
934.181955311
899.025999351
896.420830629
883.289691358
891.17178961
902.272881246
922.4651186
936.751515544
951.040357282
921.83433895
919.245050551
909.459020104
916.588743839
923.774555412
938.049548575
581.169682477
949.120102265
929.60571873
900.304809864
897.709173264
887.262787013
895.051907143
902.89550292
922.465551523
940.647564119
919.820780804
885.25222807
882.002720598
867.617017555
874.850611436
887.207302794
909.474801556
930.25561698
912.704124514
869.582760078
690.824933159
865.705656697
850.548778646
860.373997398
872.829429779
896.445197274
919.851284047
908.757232317
860.375900455
857.792119063
840.674648208
851.173921224
866.881983084
890.518086364
914.649171206
908.099665801
859.068074821
855.827363696
841.312476221
849.227270833
454.357539125
860.490179454
891.181638961
913.992846952
918.582411536
874.86225731
873.476917425
857.769847105
868.92319961
878.757271605
899.700452953
921.828432923
933.52969171
899.656056457
897.07178196
882.650798571
890.516333117
902.254634004
921.171003889
936.129204016
542.69209967
950.418926214
922.491046014
919.890255995
909.468935798
917.23969585
923.775324692
938.707536269
949.754124919
930.895421905
903.563192732
900.30716353
889.858036364
895.757137573
904.843249838
924.40873234
941.298185233
920.518524951
887.898369481
884.589510721
689.502805374
870.882680104
879.381202729
891.152353247
912.684839818
932.189172391
913.323559014
871.505259428
869.558496099
855.184856864
862.353827586
876.150350227
900.314291369
921.114836576
909.444094682
862.41470026
859.726817827
844.652728516
857.114837345
865.023458388
519.613746861
892.487422078
915.950197147
909.455422179
863.639619388
861.020422902
847.259733073
854.526088484
865.676917425
894.408492857
917.874996757
920.510614388
881.328854451
876.134567251
861.660377358
872.148161248
883.929720598
906.142116158
925.053751134
934.812272021
533.784724571
901.648116158
899.688791045
885.970414935
896.995446104
904.868622972
924.427263772
938.71017228
952.335223301
925.064588464
921.842397278
912.052108949
918.537267834
926.351993519
940.646244171
951.037704854
933.530492876
908.15390013
904.857193381
895.710254545
664.170427822
899.697035691
909.485614786
928.304644848
943.891693005
923.787423202
895.69733961
891.161490909
878.755360624
885.33647013
895.704731169
917.22286511
934.79100324
917.8688262
882.000231969
876.163651722
861.688387768
872.833776333
882.01757245
904.2160305
619.211268421
923.797254699
913.33820428
872.166023407
868.909313394
851.821000651
863.632331815
872.8150013
897.720906554
919.180863813
913.319129053
869.578740572
866.329297139
853.870786597
862.323506831
873.469091027
899.667859182
920.483714008
923.781595593
886.624181818
521.940420079
884.040603247
868.92443433
878.746921378
889.864419481
912.044374838
928.294334413
939.998707254
908.807653696
906.803997404
891.838105844
900.309676833
910.104386511
928.288100454
941.284890544
955.568328155
929.593421257
926.357786779
917.885620623
921.822948153
575.59423797
928.961463383
943.257189119
951.689913269
938.707776554
915.27095201
912.047179637
902.264391304
906.861863813
915.280195201
932.232997409
946.474266839
929.600888529
901.626738482
898.372554186
885.969881818
893.10428961
902.270807917
920.530445237
936.760141839
768.395688642
923.144416073
889.221787662
887.24793961
871.51806502
879.383097466
889.862713636
910.750632944
928.303819183
919.182033074
879.40725601
875.510896036
862.341007807
870.225877763
880.700640676
904.866504867
923.131254699
920.537773169
880.047582846
876.822385965
549.606447889
860.49979974
870.886287386
881.349847953
906.16280013
924.422739469
930.253513934
896.353699351
893.107320779
876.163103964
885.256025341
896.351127273
916.589815175
932.199429682
942.59936658
915.943195201
912.699014916
900.32774562
906.166107073
915.949237354
588.670059908
930.254055087
943.89872215
955.5625411
932.870554404
930.226725859
921.17763059
925.715244329
932.229287565
945.207007767
954.897176699
942.580102979
921.811657809
918.532537613
908.795267834
913.981035019
921.185444588
936.112634715
949.739403883
934.807481865
755.822915741
911.384550292
908.830131647
897.723270604
901.620389358
912.059035019
927.018680493
940.64967487
929.603550227
900.96640623
895.776963011
881.347573099
889.211768831
899.007084361
917.219385214
934.13501361
925.712552819
891.138956494
887.259035714
872.807929129
631.53434954
882.016524366
889.877324026
910.759254215
928.305472456
924.418625405
889.859606494
886.616655195
871.522485046
883.956152047
889.871032468
912.070817769
930.26451523
934.194525907
906.162057755
900.971936405
887.923085065
893.119509091
903.576512654
922.477266364
598.814028289
936.138691062
945.865071197
917.936128321
918.582113415
906.806064244
912.055983787
922.469598833
936.115958549
946.494236246
959.446156634
938.68446114
936.105360751
926.347848995
932.175038885
938.045073187
948.438945631
957.49486343
947.13563754
929.588005185
730.64041792
926.361477641
921.127214656
923.107153597
930.234163966
943.859130829
954.250702913
941.927602332
921.163836682
919.168602464
906.780546398
911.404959792
919.18567834
933.519089378
946.513332039
935.482804404
909.462046044
906.797208955
891.819151948
899.021500324
735.424789542
907.466728748
924.424226831
939.98970272
931.527830849
901.59673913
900.280791694
884.654425974
892.446246104
900.283628812
921.16205768
936.751626943
931.586114637
901.602590526
897.7200305
885.253079922
894.407170779
903.561572356
920.536929358
936.102841321
649.751992782
940.66310557
915.293744488
911.401800908
898.370033744
904.193153796
913.338243839
929.589040181
941.940443005
951.677219417
930.882732988
928.291846403
918.518178988
922.454187297
930.230267012
941.272002591
952.323194822
962.689534282
945.160107513
941.933484456
685.768655534
930.947606218
936.768819301
943.871183938
952.963333333
960.095358991
953.584287379
936.749666451
934.816345855
926.98885094
933.514875648
936.755569301
948.44498835
958.797324272
945.209656311
926.992791964
925.048070642
916.584613489
920.523257291
928.299195075
786.151144162
940.663098446
952.346685437
941.937656088
919.169242542
915.925135538
906.786760545
911.402968872
918.526333982
932.866248057
945.847580583
938.716564767
912.048195201
908.824061608
898.376177158
904.207249838
906.87188716
928.305395334
943.895531088
938.044814119
708.24072644
910.767940337
908.807184176
898.363094744
908.734055808
912.687290532
929.588614388
943.916135922
946.504385761
924.408394038
920.519320156
909.448963684
915.28759987
923.755890473
936.761231865
949.077829773
956.196331392
937.410534974
934.164007772
925.048228775
676.174202623
930.257515878
937.411944301
947.116648544
956.839763107
969.159085382
949.068335922
947.122545631
939.979455311
943.898115858
949.080513916
957.481324272
965.276745796
963.336608668
943.214286917
940.648700777
934.159685881
940.641994171
942.580707254
953.617249191
825.626559245
962.71326326
956.204517799
934.802771373
933.51031671
925.05473558
929.585988983
934.807112047
947.780203883
957.492255663
948.427337217
926.357900194
923.774771873
915.928892996
920.529395334
927.007346079
940.646453368
952.325530097
945.851817476
921.826035645
819.137347656
916.598378729
909.448243191
917.882190013
921.832843811
936.122551813
949.734167638
954.26084466
919.870574854
918.569464679
908.147533074
916.587557717
922.466036941
936.750110751
949.735346278
958.797972816
931.533728451
927.647060272
918.571082307
923.767745949
751.256747877
929.601362281
944.518095855
954.889139159
965.915188228
943.22379987
940.626365285
932.866176166
938.688604922
944.489858808
953.602376052
961.354595731
973.648972833
954.865930744
953.569172816
949.698288026
952.942749515
956.156124272
967.183309185
970.420172057
828.359896552
