0.513623472052
0.0645035970466
0.0622531642716
0.0718821281755
0.0631073443092
0.0575420190028
0.0465494257665
0.0452625161191
0.0511148995668
0.0686203053401
0.0689100171841
0.0779127483691
0.0797572074022
0.0716508086521
0.056979013144
0.0461013102549
0.0560121391954
0.0746398739632
0.0785966535926
9.10640013119
0.0888661102393
0.0935428998025
0.065582611957
0.0604115978928
0.0487267857416
0.0525605602273
0.0878625709476
0.0908113552513
0.0940547344137
0.0877888056378
0.0909332907653
0.0715594710158
0.0554719507117
0.0558766207924
0.0917945646173
0.0863661828894
0.0963838740888
0.0913175803321
0.0906168975212
1.61808701963
0.0682625005654
0.0503953367648
0.0454238018193
0.0762451607686
0.0700482996585
0.0702482620973
0.0808205197178
0.0858181776278
0.0597339014646
0.0458748368093
0.0407168664969
0.0592586225467
0.0612185956337
0.0679549507914
0.0726222719196
0.0565793436365
0.0466596392079
0.0410039704353
0.0340500010056
5.47024244537
0.0474658844059
0.0489242557526
0.0576585162446
0.0535875599055
0.0485984233715
0.0392942617622
0.033801938604
0.0442988802922
0.0624706529477
0.0684963007932
0.0742742072656
0.0770861140985
0.0679388224086
0.053153071681
0.0443151779823
0.0534163435257
0.0760526597883
0.0802543019622
0.0886331915056
0.718279800492
0.0897742850903
0.077560364275
0.0632388559096
0.052570071844
0.0596422109862
0.0800692211704
0.101972835433
0.104765811732
0.115430539453
0.0998307907543
0.0804790425846
0.0603220624498
0.0666420182661
0.0988159976077
0.111122065591
0.112032651221
0.113187507846
0.0989687460201
0.0776072575257
1.23984815781
0.0650361309813
0.0687704024368
0.0960861578491
0.098039807238
0.118182902001
0.108195363875
0.0974199493715
0.0763267111801
0.0692757574816
0.0640006142078
0.0794579378166
0.0918356380668
0.101533239524
0.100846619435
0.0831549004397
0.076811402611
0.0592561939784
0.0697429151767
0.0745313625847
1.24098681627
0.0721435280435
0.0784435787019
0.0797741983318
0.0735933043548
0.0695666539938
0.0543270461871
0.0407416316082
0.0525474868619
0.117680978569
0.0697715702851
0.0651783517314
0.0554481448784
0.0453537420685
0.0678870417141
0.0513128019639
0.0778770203273
0.0657283309923
0.0901433910228
0.082216500409
1.06082415186
0.0800012440348
0.0560216077201
0.0437948874598
0.059696436947
0.0897299237486
0.0923151829044
0.112647597877
0.0986932676907
0.0929175884369
0.0692506943481
0.0568009835497
0.0706538794011
0.0985359663199
0.109334281406
0.116038813888
0.0984491667998
0.0923339316775
0.0729294514899
0.0654271656507
1.22272301627
0.0732110529598
0.106564926904
0.100524119847
0.114087003483
0.114381624152
0.102518780527
0.0909354439738
0.0715126603561
0.0682274066875
0.126157641583
0.107420566788
0.109088021121
0.108331128194
0.102847380319
0.085753303625
0.0700779976277
0.0575618366177
0.0927590512962
0.105960425309
1.65503604271
0.125808719593
0.111920925744
0.0982416273245
0.0697890662097
0.0584024404119
0.050376847612
0.0698770295226
0.0759487475605
0.0932910829961
0.0849612453548
0.0734056287085
0.0586480299959
0.0523650931813
0.0419406554939
0.0593585841806
0.0661731041981
0.068354493283
0.0679636784011
0.0656544420094
1.33997131276
0.151962830426
0.110842909082
0.127478018681
0.132056260814
0.154517564914
0.0897563169897
0.131022902061
0.135706341595
0.134929865865
0.0545053435897
0.129072275596
0.143217763148
0.17452468604
0.16996700698
0.1475334044
0.141304477275
0.155787496872
0.14646883106
0.132033582728
1.10025477632
0.170998480778
0.163467278867
0.186391465698
0.167763931683
0.212830194625
0.163532678223
0.149441301472
0.152186786907
0.163440002898
0.185358754153
0.124649654082
0.196550856798
0.170645233847
0.155622015877
0.155800152446
0.149760910523
0.168603796796
0.112548059749
0.148514191753
1.76374707298
0.129403340744
0.120136955726
0.110524675319
0.086844365949
0.0681544707071
0.104279256379
0.125239935482
0.128643124799
0.116182331749
0.125220726091
0.0853004564267
0.0754812814743
0.0621623599387
0.0874733292338
0.087644869304
0.100516219979
0.106076765692
0.0898356747586
0.0783778208154
1.6604697035
0.135366815662
0.0806802338503
0.0965345387968
0.100016962787
0.107234114978
0.103554143971
0.0976691405889
0.0858661777638
0.0868152055623
0.09892940798
0.117400113302
0.117175651256
0.122072949619
0.15047283136
0.116915570328
0.0948223011046
0.0688937792165
0.0995195551082
0.109492864957
1.05523387434
0.11777300457
0.115015077644
0.112299482536
0.143058826369
0.148848119032
0.159676920371
0.146673536321
0.194719464026
0.163932696985
0.164631045616
0.184243741638
0.158985610259
0.15620839457
0.153040443136
0.167556557653
0.203807130372
0.208113661613
0.211858131275
0.212435007476
1.75056652883
0.199125341774
0.115239418705
0.170885607492
0.202686246297
0.19068891562
0.182178741994
0.211669184093
0.193001206872
0.141818549539
0.170158902219
0.112743735312
0.0724761571823
0.116394951179
0.177445218658
0.188486621622
0.175709171897
0.167546964575
0.158600301007
0.174223044449
1.79516072932
0.0687578336587
0.096046413571
0.100124290897
0.119594876761
0.117776102623
0.103031932177
0.0808269008583
0.0676868309841
0.0586134641471
0.079626670122
0.0808309548421
0.093232255824
0.0831833672369
0.0833013042317
0.0593219067559
0.130978755119
0.0782683409139
0.103667613843
0.100392550672
1.30659060209
0.122971248836
0.120218863769
0.102486096982
0.0762392629914
0.058830276892
0.0798791125736
0.116065983157
0.0997001719768
0.12504901133
0.10790794141
0.118224462194
0.0891815235654
0.0673098312012
0.0867319434835
0.126452207662
0.128564813046
0.157010829305
0.12413837634
0.121536912584
1.60231601268
0.121551186347
0.0835348920013
0.0891387075904
0.141809948206
0.137550485526
0.161629161779
0.17469641945
0.142748532062
0.121717022176
0.0923144463452
0.0975055050034
0.142193175289
0.143116980729
0.156529863036
0.172679807947
0.141594738173
0.105852636808
0.0914508797071
0.0770259447869
1.84601564732
0.138903454669
0.143421403893
0.157103815202
0.162726185646
0.130065829896
0.110574604116
0.0889792674161
0.0830452786065
0.100670455519
0.158765397197
0.127730865874
0.124653790206
0.121729384061
0.0947822113387
0.0833213564564
0.0604855546796
0.0839292490369
0.0841212083894
0.120782994626
1.84558419856
0.128002982226
0.0773385781343
0.0586834882426
0.0487392804776
0.0693231194421
0.10343037628
0.112411120697
0.116256500207
0.119851218555
0.102535505577
0.0773507282095
0.070694267566
0.0900611204966
0.120630608823
0.115414801867
0.130583848858
0.136488291884
0.130827473323
0.0918857924884
1.19518641969
0.083219202632
0.0980172579072
0.130210292284
0.122080879484
0.167008175658
0.152647577974
0.143594080877
0.121181986456
0.0965566001901
0.099754511603
0.163984183428
0.155542782251
0.157938945657
0.184629051171
0.160902632559
0.11102274979
0.103846610266
0.0973854581809
0.168323764002
1.92508722034
0.161519929388
0.219544041727
0.175818750904
0.166183210853
0.120029770089
0.101584523602
0.0873252706063
0.141118529068
0.157655717589
0.182603053298
0.141752765291
0.127236203927
0.113904256142
0.0885230110674
0.0730396031103
0.114883611551
0.128822648458
0.132610036427
0.125852007817
1.95049547118
0.113066709357
0.0925721887957
0.070857004376
0.0511793060485
0.0863530131995
0.0861499339055
0.103420564113
0.10232276153
0.0867074367785
0.0641283674744
0.061103154798
0.0737313751759
0.130476069738
0.115899439841
0.141376142616
0.139879319351
0.127893278261
0.0876345347665
0.0754634445905
1.18333504706
0.0875513864612
0.123825163942
0.117163745231
0.13781167903
0.155745563666
0.124391135476
0.0873269718002
0.078506454653
0.0948701816226
0.147283617556
0.147646095397
0.180221283164
0.180007440728
0.158793736559
0.124796068011
0.093124957756
0.106943740212
0.194813616659
0.168111155323
1.94710977618
0.196670210282
0.183731977957
0.169030083161
0.127711826627
0.0934291091367
0.0943554748881
0.155687052074
0.182460913182
0.194421172079
0.179892562867
0.167668963984
0.108814112552
0.0979187860255
0.0866054236754
0.142470654502
0.135635532948
0.172634630595
0.148187499914
0.141920027304
2.07324567272
0.111451716931
0.0947750003617
0.0739520511252
0.115133047186
0.126231695414
0.128424509977
0.135439749563
0.124208018721
0.0880574719942
0.0729084773276
0.0433101583142
0.0734337188558
0.0896534481488
0.10083691237
0.0996447461648
0.0855221032782
0.0628264551674
0.0521662312457
0.0787442247879
2.12866476326
0.173964469474
0.121812497513
0.134502106857
0.122745048445
0.117158328326
0.0950807989582
0.130705799092
0.09197728597
0.139910735859
0.147619655859
0.161841212789
0.158596860846
0.120032791833
0.118860670377
0.0862815976289
0.102353427127
0.167701361487
0.166432489776
0.180280767876
1.36022417135
0.175466855801
0.151634864427
0.123745173554
0.0995417041823
0.102132297418
0.165516822271
0.188119542087
0.191122866486
0.182300453353
0.174001483615
0.134068989474
0.100418482344
0.10118733011
0.185371663594
0.163460946134
0.18388553878
0.181261116781
0.160146490951
0.121195006019
2.12296651103
0.136061834122
0.124351481341
0.180979954287
0.171750781032
0.172744693555
0.180086799205
0.175814654976
0.123286141804
0.128860995449
0.114351952024
0.15114891017
0.150655570761
0.164067350728
0.161860723599
0.152722457082
0.126376817261
0.117895277932
0.10578882569
0.22140239255
1.68435866759
0.0945396879229
0.115586982271
0.0999730750207
0.0885008379166
0.0708725534137
0.108692407329
0.0921489372812
0.13522130489
0.131510351829
0.13647160451
0.130750653461
0.128473923326
0.0816078417483
0.0673263088699
0.0963574953572
0.119991913178
0.126477523064
0.153470895045
0.127061403327
1.35808671361
0.126657292948
0.101098501339
0.0716939826033
0.100532218931
0.145905184053
0.16668629379
0.181607619826
0.14839552612
0.146975045674
0.127266711817
0.0975314482454
0.106656238545
0.154368079806
0.159884432049
0.205275992261
0.187166660858
0.183251958822
0.128721992067
0.111248388137
1.8872949454
0.102105146373
0.170079955941
0.194829830583
0.184598593226
0.232792729187
0.19659936168
0.119315289961
0.0991876789566
0.0898228913327
0.150886521227
0.151916023519
0.172708468972
0.132951074743
0.147162431573
0.128133948729
0.088488142863
0.0691321761692
0.120056292398
0.118578586957
1.96110975896
0.152714665151
0.135556860256
0.12333306561
0.0909419670535
0.0648772100147
0.0525729842502
0.0839942927848
0.0842659643664
0.101096984372
0.0934558466618
0.0773314103566
0.0733403650781
0.0498261136775
0.0789502134007
0.125605211861
0.117949084492
0.124966745635
0.131342966372
0.128191057387
1.43042830968
0.105310236494
0.0963588651255
0.11534167105
0.147303546
0.150017654569
0.151174277748
0.225342824596
0.141069858998
0.128671914778
0.106514772146
0.121131081932
0.166828638646
0.162089490691
0.193825695783
0.166420050115
0.160592894524
0.149395736549
0.113217834839
0.124188179515
1.51549200537
0.173942244435
0.178564420747
0.183353068643
0.172015785781
0.151640167572
0.136652484868
0.0938617866356
0.107608716396
0.170953181687
0.174430381869
0.196994013351
0.195467664733
0.178797309025
0.119805901584
0.0989478986387
0.0927473045388
0.145634686214
0.140129258011
0.172023792622
2.05226501891
0.169689547851
0.163658139917
0.132138733668
0.0969559504258
0.0689007845392
0.122212127657
0.128510381001
0.151282134063
0.127308790526
0.132585378468
0.0798548758424
0.0789526229045
0.0576589444211
0.0862170004868
0.0877150001338
0.103077744345
0.0981959820831
0.0865744059076
0.0715641223481
1.58844840361
0.0539941361362
0.0791102634691
0.126512477039
0.111569027015
0.137708165084
0.129081920233
0.116630280603
0.0871728899204
0.0684634243908
0.0954316394302
0.122656374232
0.149443398608
0.161694550514
0.14025683756
0.117548490421
0.0998866576395
0.0860529636258
0.100043736441
0.157845985694
1.98669449671
0.173383958517
0.172705268861
0.185899075597
0.172183833134
0.201463123745
0.186187616216
0.152491675262
0.178364403119
0.184594855761
0.200575517445
0.199556136224
0.235560256112
0.168218330522
0.188165374327
0.153133416905
0.196891099138
0.211523587283
0.209328321519
0.220189278674
2.01400053505
0.185609619551
0.130473603612
0.111285168462
0.0927296379908
0.144767335207
0.164552934018
0.156501754186
0.128717014317
0.1564217142
0.103356426744
0.0904549548062
0.0737471639992
0.110302125439
0.112984896987
0.124864750191
0.138666208819
0.108187802806
0.0871205650573
0.0780463641695
1.813403554
0.0632429026849
0.0981722839581
0.108379648712
0.152574128808
0.115112351886
0.0986045510973
0.0894519235887
0.0611961720679
0.0806170748597
0.114058179852
0.128320970588
0.125779174277
0.129189074225
0.126406149546
0.0939346825606
0.0831030563348
0.106884438245
0.139324329582
0.131083641523
1.36206660539
0.142147350916
0.155504513363
0.130468964462
0.101245789575
0.0857607687071
0.0999699507777
0.145277495264
0.153283249739
0.158711558132
0.196976514646
0.150041478614
0.128497438396
0.0943062263127
0.10302034945
0.164800030637
0.184390129524
0.204102888481
0.182454243887
0.170298498309
1.87729391355
0.145919177721
0.137173117049
0.131038731084
0.17885085052
0.19677081026
0.184865725096
0.209015732027
0.184846040361
0.200438252033
0.134969634816
0.123029152273
0.167243709347
0.178956762116
0.18715942601
0.171182187679
0.163641897127
0.126373740969
0.127291256736
0.107402869185
1.86306968176
0.121804162495
0.129313368137
0.128740054786
0.135022488883
0.116449952306
0.08500454724
0.15925637119
0.103490042959
0.0843720142676
0.0973994259077
0.109077818726
0.113135212799
0.100865818735
0.0716518434787
0.0652042724847
0.0837624967904
0.115515379471
0.119196143128
0.141306623238
1.4198238811
0.159537146653
0.110539431602
0.0937962499545
0.0661425723836
0.087030932403
0.12427083897
0.208592209726
0.155921165089
0.176445413607
0.142851519271
0.185857118045
0.141040218744
0.148416940402
0.209380394529
0.210516858944
0.269795895764
0.211646734662
0.176017156134
0.160768198588
1.59043903632
0.15293910525
0.205046403993
0.205311301322
0.163983613878
0.217247460186
0.168544076964
0.159746190207
0.172493805441
0.16172666999
0.160975414553
0.212697462319
0.168355992267
0.20623780053
0.211330092825
0.187789757686
0.130686133215
0.159217337432
0.158702104973
0.181847105322
1.82726572175
0.135239050291
0.194803116495
0.147753190297
0.1270640403
0.0875042219291
0.0847671478493
0.0661768732564
0.106374274444
0.119340065944
0.114420440903
0.128715750849
0.11014569661
0.0687194077444
0.0603690528337
0.0430525742779
0.0731357283772
0.0777347739161
0.103349877501
0.0819554857474
1.76837179892
0.160964745911
0.149322927982
0.0668415775705
0.1889896984
0.10589671348
0.144149850812
0.18264063661
0.147946405599
0.1680375501
0.179759813943
0.142487686101
0.150502521353
0.174321158745
0.173137558262
0.193138846787
0.187704998871
0.159408385349
0.141870246316
0.156023948997
1.0469972236
0.0826152196808
0.136559673581
0.120501379912
0.17656597979
0.151729633361
0.138938305387
0.0976570578322
0.0815970810414
0.0885276314665
0.13361543649
0.164380291452
0.175775379662
0.164365020944
0.158883088829
0.100536811252
0.0902230722758
0.0867936850116
0.14668467853
0.162591034155
1.89625420528
0.178724992768
0.156762675224
0.145959322386
0.0999783060273
0.0843540530046
0.0780237620048
0.120336896955
0.121018979303
0.147700485128
0.124891515946
0.127935937291
0.103758112428
0.0762428335107
0.0590706670437
0.0986238671588
0.0971288390283
0.120609818699
0.110958572763
0.102015696534
1.6032662013
0.0793811509409
0.0677232075822
0.0458223942666
0.0776277823501
0.0711209158629
0.0879685000181
0.0857571544335
0.0864213654296
0.0627250964586
0.0515887244668
0.0591649934381
0.085104839168
0.0918761397259
0.115925957046
0.102812401489
0.0882548888027
0.0772604595507
0.0563080103548
0.0730667569823
1.08602750333
0.109861424622
0.105925669308
0.123604050341
0.114312166482
0.0994094003144
0.0780115028295
0.071184758538
0.0746227844275
0.111280187319
0.118060767296
0.129522901341
0.143324782955
0.116071105882
0.0958744101814
0.0724994227952
0.0739975148196
0.129977636129
0.135069031854
0.158410829731
2.10109146244
0.142191402718
0.140879195697
0.101354863703
0.0821879756667
0.0799724454986
0.129348426283
0.125563385122
0.165578050046
0.136839638836
0.132087194348
0.108179940325
0.0778688059202
0.0746127587245
0.0999578849685
0.112410712794
0.125198846016
0.129612827598
0.118563847849
0.0928272600744
1.66049737688
0.120145844254
0.112706268818
0.122440023514
0.138655784859
0.139370501121
0.141481875801
0.128633193058
0.163093093488
0.110330693077
0.101223540006
0.0959113026079
0.112526636457
0.12118773965
0.0995427071196
0.114645177632
0.109165086893
0.101012696246
0.104669244093
0.121173735862
1.17951550843
0.0910942806426
0.0861046631492
0.0732946642584
0.0817795652053
0.05776338423
0.0445491376585
0.0595207615047
0.0845232491876
0.0947122696416
0.11396802923
0.102235070841
0.0981189991538
0.0707057979206
0.0574097322003
0.0663396256141
0.0991770390066
0.0956521633499
0.120735697352
0.130026628905
1.21993872624
0.17432291206
0.084756034847
0.148158606486
0.151281082293
0.174528567865
0.172370354778
0.186084991509
0.181168130898
0.181385506984
0.115127301337
0.143507625678
0.175950581434
0.170060160176
0.169304283707
0.187372712212
0.171739984927
0.110703350679
0.151117013519
0.147211123615
1.45599843432
0.062942012862
0.0941743516318
0.104160748811
0.11460059931
0.112941917277
0.102827991908
0.0713945347184
0.0640035015713
0.0449546683077
0.0704510805668
0.0849585250123
0.0906037025599
0.0821926221955
0.0739945540997
0.0592228022496
0.0520785140115
0.0332494785109
0.0511037700553
0.0630282503908
1.443194062
0.074683036778
0.0726949489045
0.0633266047108
0.0481186610041
0.0436052169174
0.045111441853
0.0719954019416
0.0699787363343
0.0762341155473
0.070608062739
0.0716569255913
0.0524196106442
0.04685901987
0.0554786785108
0.0834460033165
0.0805011392602
0.0966833417383
0.098360707327
0.0873867545026
1.03876098892
0.0638583984824
0.0512068194718
0.0593556858119
0.101900577926
0.0907542810128
0.132190307137
0.160726310603
0.110047974793
0.0759184287425
0.0648485875028
0.0723216238363
0.0980335922789
0.112570562837
0.121350252069
0.118480947999
0.103170577975
0.0801604758722
0.0666002189498
0.0713272421923
1.26933006853
0.107859636246
0.132380373797
0.152254925103
0.119730962841
0.127287623686
0.112282445108
0.0997581860369
0.101923145804
0.111417416727
0.11066211055
0.131125757346
0.122725069075
0.109808203628
0.100587989472
0.0866876561814
0.089883533578
0.108099980672
0.0986800820865
0.113837573687
1.37541443304
0.080354592437
0.0704153540766
0.054953089466
0.0481170958241
0.0234574672025
0.0500267946549
0.0515390702935
0.0614769170731
0.0608718613582
0.0531068673822
0.0466131802268
0.0356129659594
0.0296379978008
0.0589342486614
0.0618203149343
0.0783305510438
0.0646801810405
0.0587976765108
0.0511812650123
0.939926339926
0.0411927167775
0.0436344236993
0.0720204484343
0.0683744924478
0.0823363664826
0.0814913764217
0.0751460063123
0.056309542991
0.0460038673209
0.050595014692
0.0751806681028
0.0815901947792
0.106840003742
0.0968312305065
0.0917380829067
0.0661366590936
0.0464081035006
0.0514783635463
0.0950376535817
0.94922260675
0.0867074716362
0.105296457677
0.0986864210958
0.0902659529883
0.0674273727119
0.0597908864624
0.0333280895904
0.0799255091019
0.093628007372
0.103476787478
0.0979008666821
0.0877182209531
0.0643298842954
0.0548428922006
0.032683098981
0.0702093493942
0.0794556815969
0.0942776163687
0.0811461797138
1.18441233111
0.0863543500464
0.0603360988285
0.0513363388998
0.0267884551689
0.0597566932968
0.0655988369052
0.0767952095651
0.067477868888
0.0599144530406
0.0439289654068
0.0366943987028
0.0232163438772
0.0435021982249
0.0423969197122
0.0481969608175
0.0515916682688
0.0442185842623
0.0245928932728
0.0311494294819
1.4969934512
