0.0770824468085
0.0377720207254
0.0363050518135
0.0384339378238
0.0355699481865
0.0316515544041
0.0291669902913
0.0292994825356
0.0319857605178
0.0372027202073
0.0335433937824
0.0347627997408
0.0371949481865
0.0340965025907
0.0316517799353
0.0287210355987
0.0315229773463
0.035171095269
0.034976668827
3.36693385214
0.0387355800389
0.0409222294232
0.0309040829553
0.032442357513
0.0292148867314
0.0298142394822
0.04067595593
0.0401652624757
0.0406608300908
0.0390550874919
0.0411983149708
0.0384028497409
0.0320252427184
0.032396763754
0.0427770576798
0.0390661049903
0.0414571984436
0.0414316267012
0.041745301361
2.00195714286
0.0373303108808
0.0300705501618
0.0281747572816
0.0395123056995
0.0349825016202
0.0342235904083
0.0391594296824
0.0423562176166
0.0330394822006
0.0286226537217
0.0267328589909
0.0341702265372
0.0358069948187
0.0365531088083
0.0397046632124
0.0339870466321
0.0288841423948
0.0269379042691
0.0239954721863
2.84831602855
0.0292071197411
0.0294466019417
0.0331870550162
0.0315229773463
0.0294453074434
0.0264877102199
0.0238337645537
0.0268569579288
0.0322623056995
0.0326444300518
0.0350408295528
0.0368678756477
0.0324365284974
0.0297436893204
0.0276177231565
0.0312142394822
0.0362443292288
0.036615683733
0.039041477641
1.77341195582
0.0416098509397
0.0377705767984
0.034646373057
0.0306453074434
0.0338814766839
0.0377926117952
0.0439306095979
0.0420518806744
0.0470285343709
0.0437944228275
0.0399086787565
0.0328724919094
0.0349183937824
0.0442295719844
0.0494584954604
0.0447073329007
0.0473521400778
0.0436374837873
0.0378327932599
3.6839620915
0.0340174870466
0.0366042746114
0.0453054474708
0.043331387808
0.0450545100584
0.0431374837873
0.0427237354086
0.0364711600778
0.0367538860104
0.0345236245955
0.0382896953986
0.0429883268482
0.0465823605707
0.0459357976654
0.0403687621517
0.0409980569948
0.0333229773463
0.0307061488673
0.0414617875648
3.73270326797
0.0384695595855
0.0380615683733
0.040217757615
0.0384067357513
0.0336090614887
0.0303527508091
0.0246921086675
0.0311779935275
0.0337378640777
0.0382655440415
0.0353909385113
0.0320951456311
0.0280873786408
0.02782923674
0.03011197411
0.0382410887881
0.0318476992871
0.0405953307393
0.0372003891051
2.91905215124
0.0387478937135
0.0320809585492
0.0270077669903
0.0339520725389
0.0422042801556
0.0422866407263
0.0445048669695
0.0419299610895
0.0411459143969
0.0356441996111
0.0329313471503
0.0379475388601
0.0450188189487
0.0457994808566
0.0457474025974
0.0386249188838
0.0384795587281
0.0359941672067
0.0356943005181
3.79051602354
0.0371600777706
0.0461959766385
0.0420272727273
0.0420467836257
0.0469012987013
0.0406664503569
0.0419734111543
0.037981865285
0.0355515230071
0.0516930564568
0.0455431537962
0.0400025990903
0.0442311688312
0.043834523037
0.0418431626701
0.0376755181347
0.0339663212435
0.0456712062257
0.0514656290532
5.65504404997
0.0520337443219
0.0482173913043
0.0470667963684
0.0372618276086
0.0353128238342
0.0314129449838
0.0359520414776
0.0404601425794
0.0443605706874
0.0402088197147
0.0385625405055
0.035774611399
0.0315773462783
0.0276181229773
0.0360492227979
0.0387422279793
0.0376772521063
0.0384119170984
0.0390323834197
4.16042212042
0.0349844660194
0.031216828479
0.0378620466321
0.0373758911212
0.0417924773022
0.0390687418936
0.0373722438392
0.0393469520104
0.0367189119171
0.0310414239482
0.0393303108808
0.0461549935149
0.0430817650876
0.0418487012987
0.0426547696301
0.0415885788449
0.0415119896306
0.0392778497409
0.0422981205444
3.3512924282
0.0490577547047
0.0468116883117
0.0526335282651
0.0409766081871
0.0531980519481
0.0455875486381
0.0392864549579
0.0442663642255
0.0462954545455
0.0555902597403
0.0421566970091
0.0561708901884
0.0447025974026
0.0469254215305
0.0440758263124
0.0399513933895
0.054488961039
0.0468837662338
0.0524681404421
6.28874917709
0.0495464587394
0.0486532467532
0.0503865110246
0.0417252106286
0.0367725210629
0.0490785204413
0.0504406229721
0.0535701298701
0.05135
0.0511232965607
0.0407867790019
0.0389559585492
0.0357953367876
0.0417193778354
0.0411633182113
0.0475768981181
0.050037613489
0.0427336357745
0.0424417098446
5.86677514793
0.039067961165
0.0298226537217
0.0394443005181
0.0387998704663
0.0414044069994
0.0410479585224
0.0392007772021
0.0349618122977
0.0301061488673
0.0389009067358
0.0442879377432
0.0445103761349
0.040756651525
0.04838935756
0.0427042801556
0.039300712897
0.0349345854922
0.038157485418
0.0359266709929
3.32675065274
0.0448312783907
0.0376270305393
0.0388662337662
0.0473264114212
0.0421588845655
0.0425660621762
0.043388852884
0.0484409090909
0.0474487012987
0.0535325097529
0.0505477582846
0.0400935672515
0.0455726329442
0.0466299416721
0.0462399481193
0.0602027290448
0.0538135152697
0.053007156799
0.0505403120936
6.53600855826
0.0563560753736
0.0450655418559
0.0460291639663
0.0514520103761
0.0616855100715
0.0510298895387
0.0623250975293
0.0524063719116
0.0555120207927
0.0509565217391
0.0462346079067
0.0395158781594
0.0523679428942
0.0549422077922
0.0579096228869
0.0485035737492
0.0503357142857
0.0494980544747
0.0457517822424
6.65774967062
0.0362143782383
0.0438073929961
0.0462911802853
0.0495055158988
0.0497151200519
0.04196692607
0.039958522359
0.0373639896373
0.0300919093851
0.0406774611399
0.0407543745949
0.0442495139339
0.0396273493195
0.0424138601036
0.031440776699
0.0347941747573
0.0407234455959
0.0458080415045
0.0419078520441
4.50839056356
0.0502097402597
0.0470376378975
0.0436018158236
0.0384938431627
0.0356101036269
0.0400874918989
0.0464727272727
0.0377857142857
0.0451429499675
0.0387628330084
0.0466077922078
0.0442555123217
0.0368178872327
0.0419221789883
0.0478635477583
0.0439168291098
0.050544567339
0.0418452535761
0.0420435347628
5.74582577252
0.0528234912395
0.0405570687419
0.0429422827497
0.0495370611183
0.045421976593
0.04876953125
0.061014964216
0.0489804941482
0.0517216093446
0.043859922179
0.0476939040208
0.0525195058518
0.0539850455137
0.0517495120364
0.0627052700065
0.0543511053316
0.0468786502271
0.0446037613489
0.0409436163318
7.08559867987
0.0536012987013
0.0597649350649
0.0554122236671
0.0638349577648
0.0547662337662
0.048121919585
0.0433279325988
0.036704015544
0.0461271076524
0.0497164179104
0.0512207792208
0.0518721609345
0.0540946822309
0.042902786779
0.0398199481865
0.0301307443366
0.0409338950097
0.0416513285807
0.0548359273671
7.12222002635
0.047574206092
0.0416429034349
0.0358834196891
0.0312822006472
0.038064808814
0.0463069435432
0.0461810512654
0.0477584415584
0.0511518494484
0.0440506164828
0.0405294880104
0.0404805699482
0.0442819183409
0.0485292207792
0.0428454545455
0.0412977893368
0.0513092917479
0.0531941558442
0.0435525291829
4.40727111984
0.0430991574854
0.0486621271077
0.0498667966212
0.0405156046814
0.0480702667534
0.0555309043591
0.053522417154
0.0473874107722
0.0459007782101
0.0499584954604
0.0546905071521
0.0484814573845
0.0433938802083
0.0598645833333
0.0566898569571
0.0470480519481
0.049093385214
0.0483249027237
0.0604070221066
7.24974455446
0.0544128738622
0.0644733072917
0.0634918672739
0.0622191157347
0.0514662337662
0.0484857328145
0.042412184057
0.0590168940871
0.0625172189734
0.0665094339623
0.0485539661899
0.0506179337232
0.0526041531473
0.0431198963059
0.0387202072539
0.0517118754056
0.0543556132382
0.0522084415584
0.0533837662338
7.72572504957
0.0499675535367
0.045782242385
0.0398711139896
0.0311605177994
0.0393752430331
0.0430920881971
0.0516718547341
0.0485531776913
0.0420920285159
0.0391334196891
0.0362181229773
0.0422598833441
0.0595801427644
0.0528546398443
0.0633142857143
0.0626448051948
0.0570168721609
0.0436941023979
0.0412648963731
4.44146692862
0.0457256809339
0.0504376623377
0.0431910331384
0.0475019505852
0.062987654321
0.0502350649351
0.0435311284047
0.0412216461439
0.0465058365759
0.0562672301691
0.0502119635891
0.0554661458333
0.0648568640208
0.0574791937581
0.0554571428571
0.045944228275
0.0508857884491
0.0637364996747
0.0608575146389
6.90038151815
0.065390228013
0.06049609375
0.0625204944697
0.0551649350649
0.0450395590143
0.0473294422827
0.0524098893949
0.0690136629798
0.0642429967427
0.0611614583333
0.0583276983095
0.0492954545455
0.0480998702983
0.0467788586252
0.0599889538661
0.0539408322497
0.0675250487964
0.0591475942783
0.0578589993502
8.30247316103
0.0523348475016
0.0472994167207
0.0426975388601
0.0516158338741
0.0538163530175
0.0529701104613
0.0552512987013
0.0544918883842
0.0441179520415
0.0424190414508
0.0290394822006
0.0377738172391
0.046215304799
0.048859922179
0.04935538262
0.0428904731043
0.0381522020725
0.0327048543689
0.0432948801037
5.64080091984
0.0617800129786
0.0548838416613
0.0561324675325
0.0559922077922
0.0531025308241
0.0427893713545
0.0398167098446
0.0438314970836
0.0551260558804
0.0623827160494
0.0619356306892
0.0601079323797
0.0485568551007
0.0548883841661
0.0416273493195
0.0489338521401
0.0673472041612
0.0593504551365
0.0582708333333
5.52117345598
0.0675341574496
0.0578628088427
0.0575454545455
0.0499630350195
0.0480648929267
0.0628451528953
0.0725647364997
0.063861237785
0.0604368489583
0.0666597267404
0.0592571428571
0.0488923476005
0.050175210902
0.0744879635654
0.0598301886792
0.0575394136808
0.0620904947917
0.0608472041612
0.0528655844156
8.38994764745
0.0513521400778
0.0469293125811
0.0644580896686
0.0591918075423
0.0594866623292
0.0586423927178
0.0638687459389
0.0509493835172
0.0451594296824
0.0409339378238
0.0571901362751
0.0567787151201
0.060261208577
0.0582701298701
0.0571291369241
0.0448755670771
0.040960492228
0.0338692556634
0.0493707064161
6.81626235992
0.0481335061568
0.0582360570687
0.0512548638132
0.0472216461439
0.0414475388601
0.0375300970874
0.0472559948153
0.061678780013
0.065037012987
0.0593668831169
0.0587090909091
0.0592933160286
0.043101749838
0.0380304404145
0.049897535668
0.0524671864847
0.0537244964263
0.0572522756827
0.0526248374512
5.25636089239
0.0490318388564
0.0507819597664
0.0400518470512
0.0507509727626
0.055677503251
0.0627100130039
0.0606145833333
0.0503565387118
0.0523953185956
0.0567538961039
0.0481115434501
0.0524003893576
0.0550338321405
0.0567521145088
0.0654853420195
0.0598287760417
0.0670136629798
0.057074025974
0.0539286640726
7.71627986799
0.0512511356262
0.0601633051399
0.0715627846454
0.0580136807818
0.0642252604167
0.0723929733247
0.0530844155844
0.0489597924773
0.0463398184176
0.0586114359974
0.0603524057217
0.0637332465843
0.0503459037711
0.0616595191683
0.0586340038936
0.0456532728451
0.0401963707064
0.0555418559377
0.0545366645036
8.03970833333
0.0662449642625
0.0547201298701
0.0537741726152
0.0450162022035
0.0359624352332
0.032959223301
0.0440168502916
0.0431892417369
0.0493300907912
0.0479267185473
0.0426506804925
0.0429404145078
0.0328970873786
0.0439747245625
0.0593685918235
0.0553471771577
0.0504564935065
0.0588681818182
0.0587702790396
5.40723900197
0.0413460790668
0.0377733160622
0.0449059662776
0.0531617933723
0.0597199480182
0.0520630689207
0.0686224821313
0.0518655844156
0.0514922178988
0.0446195722618
0.0484448767834
0.0573023407022
0.0525760728218
0.0625475260417
0.0547599219258
0.0549525357607
0.0549350649351
0.0475564202335
0.0503897535668
6.1965375
0.0639199739753
0.0656213402733
0.0610403908795
0.0579921875
0.0558926480156
0.0598019480519
0.0467062256809
0.0530558079169
0.0678093689005
0.0632199089135
0.0654990228013
0.070736328125
0.0685901106051
0.0539883116883
0.0489332036316
0.0482762645914
0.0617933723197
0.0559765929779
0.0578568640208
8.67529595222
0.0621371911573
0.0656114359974
0.0577949383517
0.0475955930006
0.0383387305699
0.05561064244
0.0551057754705
0.0627277452891
0.0547805194805
0.0575068137573
0.0420317563189
0.0418542746114
0.0322200647249
0.0434698639015
0.0452151652625
0.0501906614786
0.0471673151751
0.0449559300065
0.0396470207254
6.41531949934
0.0342355987055
0.0431464679196
0.0593543153796
0.052532770928
0.0596922077922
0.0590525974026
0.0549591174562
0.0444050550875
0.0400505181347
0.0470771725032
0.0527121507472
0.0637576348278
0.0684538361508
0.0608252111761
0.0500805717999
0.0514124513619
0.0454478289047
0.049784695201
0.0629486345904
4.91963302752
0.0699349804941
0.0579856770833
0.0591216655823
0.0635429128739
0.0585386112914
0.0526608300908
0.0560953926022
0.0677404033832
0.0662186076773
0.0634625407166
0.0611080729167
0.06180611581
0.0590512987013
0.0534571984436
0.0591693705386
0.0649765777489
0.0719160702668
0.0632149837134
0.0652955729167
8.61810344828
0.0671202860858
0.0571487012987
0.0550985732815
0.045736228127
0.058701754386
0.065844603381
0.0609024072869
0.0488563068921
0.0657179987005
0.0491336794289
0.0466059624109
0.0419987046632
0.0521894873459
0.050233614536
0.054644574399
0.0607603896104
0.0502160934458
0.0449967595593
0.0451638601036
7.29462046205
0.0345948220065
0.044837977965
0.047226830849
0.0552626459144
0.0536653696498
0.047430330525
0.0425926165803
0.0337948220065
0.0412054439404
0.0534049318624
0.0599085009734
0.0559220779221
0.0548890330954
0.0518462037638
0.0439669475049
0.0404378238342
0.0478088139987
0.0569311688312
0.0505094217024
4.86680209699
0.0548810143043
0.0688115659519
0.0565266233766
0.0497029831388
0.0433402462735
0.0497827496757
0.055811443433
0.0606521456437
0.0552589459987
0.0687169811321
0.0591085120208
0.0585366645036
0.0472600518807
0.0514974059663
0.0634596879064
0.0711060507482
0.0688111979167
0.0636798959011
0.0653120936281
7.52125578321
0.0589818181818
0.0555395590143
0.0562918287938
0.0607742355237
0.0734684450228
0.055373046875
0.0716636304489
0.0654843953186
0.0549525974026
0.0523009079118
0.0452119248218
0.062534762833
0.0734087069526
0.069768379961
0.0598823146944
0.0611104613385
0.0534445165477
0.0503292287751
0.0444468911917
7.3377992074
0.0562401038287
0.059922128488
0.0514844155844
0.0579032467532
0.051941596366
0.0408431626701
0.0434566062176
0.0319721682848
0.0417517822424
0.0477673363577
0.0541789883268
0.0503158236057
0.0503039533377
0.0383639896373
0.034
0.0432940414508
0.056042153048
0.0539409474367
0.0600305194805
5.27029133858
0.0629883192732
0.0543677042802
0.0445061568373
0.0386081606218
0.0445236552171
0.0538714285714
0.0610298701299
0.0642547108512
0.05965
0.0648714285714
0.0528754863813
0.0449060272197
0.0507250324254
0.0609239766082
0.0658076673164
0.0724098893949
0.0596430429129
0.0614606887589
0.0560246593121
5.95280065789
0.0485294880104
0.0556848249027
0.066733420026
0.0654434330299
0.0672506510417
0.0589219258295
0.0545929778934
0.0563004542505
0.0513099870298
0.0533112840467
0.0682912873862
0.0656079323797
0.0613929733247
0.0642875731945
0.0614369310793
0.0558267358858
0.0485084306096
0.0484685677252
0.0587883116883
7.32643989432
0.0608136363636
0.0638036410923
0.0621630929175
0.0568779220779
0.0463566796368
0.0452611795204
0.039378238342
0.0552944228275
0.0576768332252
0.0521720779221
0.0586664503569
0.0553015564202
0.0394225534673
0.0386347150259
0.0304084142395
0.0413791315619
0.043652624757
0.0541374837873
0.0439935191186
6.71536585366
0.0468418664938
0.042914507772
0.032396763754
0.0420136010363
0.0527036316472
0.0531258106355
0.062253082414
0.0562788586252
0.0520687418936
0.0467759067358
0.0381651554404
0.0450635126377
0.0607981829981
0.0555866320571
0.0622233766234
0.0591720779221
0.058250486697
0.0471814646792
0.0432169689119
3.45924086162
0.0429669475049
0.0611350649351
0.0544831168831
0.0705312093628
0.0639636127355
0.0614668831169
0.0490869001297
0.0452248865846
0.0452632944228
0.0582774528915
0.0725568551007
0.0694248536109
0.0619278283485
0.0713885640026
0.0509104477612
0.0475677252106
0.0445884640311
0.0662358674464
0.0723125406108
7.17198614776
0.0717022106632
0.0646144343303
0.0623794671865
0.0479325113563
0.0447867790019
0.0426163318211
0.0572207792208
0.0558954545455
0.0591338531514
0.0551747888239
0.0600467532468
0.0529254215305
0.0424594944913
0.0370207253886
0.0508274967575
0.0496939040208
0.0564133679429
0.0560785204413
0.0512133592737
6.38328505596
0.0431970187946
0.0396690414508
0.0285074433657
0.0422098445596
0.0399876863253
0.0445262475697
0.0463882047959
0.0457351036269
0.0357009708738
0.032203236246
0.0368218911917
0.0451717433571
0.0482431906615
0.059055771725
0.0528125810636
0.0449740764744
0.0437661917098
0.0350433656958
0.0421573834197
3.64391966035
0.0552764438676
0.0524364461738
0.0556164828034
0.0539636599611
0.0503955901427
0.0426260531432
0.0403225388601
0.0401736876215
0.0512900713822
0.0555386112914
0.055114359974
0.0639422077922
0.0513634003894
0.0494293125811
0.0413324692158
0.0398308489955
0.060137012987
0.060312987013
0.0653849154746
5.69712483574
0.0621949317739
0.0634103896104
0.0507594033722
0.0447602073882
0.043314970836
0.0606090909091
0.0595266233766
0.0651723016905
0.0546790123457
0.0605194805195
0.0553573281453
0.0425813350616
0.0419170984456
0.0492186891629
0.0543471771577
0.0574149350649
0.0595935064935
0.0561096690461
0.0480758263124
6.31236710526
0.0438724093264
0.0393223300971
0.0467148412184
0.0487517822424
0.0563452303699
0.0552405966278
0.0493882047959
0.0418808290155
0.037857605178
0.0291993527508
0.0423452072539
0.0404514248705
0.0453169151005
0.0425644847699
0.0423711139896
0.034755987055
0.0305812297735
0.0367805825243
0.0451516526248
4.07796664487
0.0490440699935
0.0456063553826
0.0416124432923
0.044490602722
0.0360952072539
0.0297546925566
0.0376062176166
0.042898250162
0.0494688715953
0.0539987021415
0.0512743190661
0.0520680933852
0.0414760362694
0.0360964401294
0.040225388601
0.0511271076524
0.047357560026
0.0562948051948
0.0602478909799
4.03005686275
0.0615704088254
0.044222294232
0.0423490932642
0.0438930654569
0.0566164828034
0.0577936404932
0.0566642857143
0.0611902597403
0.0617813108371
0.0465366169799
0.0442221502591
0.0469876943005
0.0569682024659
0.0569208306295
0.0575828460039
0.0586551948052
0.0522277741726
0.046453661698
0.0462169689119
5.3152480315
0.0387182642487
0.0500077821012
0.0520551232166
0.0546281635302
0.0542621674238
0.0525110246433
0.041685029164
0.0386204663212
0.0304608414239
0.0398677900194
0.0455690213869
0.0479357976654
0.0443959818535
0.0405651328581
0.0369566062176
0.033003236246
0.0244967658473
0.0330304404145
0.0386379533679
4.87251277014
0.0422176165803
0.0419248704663
0.0390971502591
0.0308414239482
0.0291106080207
0.0288064724919
0.0415323834197
0.0414449481865
0.0424614387557
0.0401664507772
0.0423335492228
0.0338478964401
0.0307171521036
0.0352757281553
0.0468781594297
0.0441211924822
0.0515123216602
0.0507096565133
0.04767595593
3.15820156556
0.0391191709845
0.03268802589
0.0370414507772
0.0503677042802
0.0482775616083
0.0553913043478
0.0552775616083
0.0533035019455
0.0406632124352
0.0359275080906
0.0404902849741
0.0497438391699
0.0579546044099
0.0547748215445
0.0574003893576
0.0523054474708
0.0440550874919
0.0388562176166
0.0399740932642
4.42523232984
0.0500317769131
0.0582217898833
0.0623069435432
0.0512809863725
0.0562062256809
0.043712896954
0.0370912621359
0.036484789644
0.047546338302
0.0463668178872
0.0599630350195
0.0545648508431
0.0465042125729
0.0432247409326
0.0349307443366
0.0310161812298
0.0428601036269
0.0418380829016
0.0458282566429
4.98526163934
0.0437478937135
0.0405569948187
0.0353650485437
0.0298323624595
0.0178906856404
0.0325721682848
0.033396763754
0.0375142487047
0.0360912621359
0.0344038834951
0.0287475728155
0.0255420439845
0.0184514877102
0.0366392487047
0.0395330310881
0.045875
0.0396386010363
0.0372169689119
0.0317838187702
2.56907617188
0.0278531694696
0.0243877022654
0.0420913212435
0.0391670984456
0.0441697990927
0.0449760207388
0.0424158031088
0.0345605177994
0.0302045307443
0.0325294498382
0.0417018794556
0.0438924173688
0.0553761348898
0.0497018794556
0.048893713545
0.0407480569948
0.0309029126214
0.0336770226537
0.0482482177576
2.66977213542
0.0458028534371
0.0547723735409
0.0503035019455
0.0475223590408
0.0400660621762
0.0356511326861
0.0201022653722
0.0414679196371
0.0475599481529
0.0552840466926
0.05203307393
0.0489319507453
0.0389060880829
0.0347404530744
0.0196038834951
0.0402812702528
0.0448211276734
0.0490686973428
0.0453052495139
3.68484715872
0.047550874919
0.038079015544
0.0323126213592
0.0184301423027
0.0370777202073
0.0403147668394
0.0442493523316
0.0408069948187
0.0375194300518
0.0294932038835
0.0261222509702
0.0164210866753
0.0275915857605
0.0281585760518
0.0295805825243
0.0321501618123
0.0287113268608
0.0175821474774
0.0226888745149
2.50307417046
