39.8973469335
4.39627788163
4.38970917123
4.43617020043
4.23765365982
4.13999105336
3.73732689729
3.50015381994
3.9544698866
4.58288462668
4.41940292876
4.72250258811
4.38861558828
4.20678799816
3.91344907023
3.43303166763
3.92668842629
4.51642997258
4.70678665849
11.1983098176
4.98640827526
4.57340191441
4.13743242192
3.80859006687
3.20201748893
3.5701113542
4.78803542306
4.70468395132
5.40174656781
4.84843776006
4.63729233241
4.15567097473
3.5537848125
3.86948621454
4.85013242502
5.00108917874
5.25184532963
5.03811166249
4.7104782643
10.2681483674
4.56674054894
3.62086055335
4.08107851647
4.79959799852
4.9716477378
5.17736656722
5.12651698348
4.75947598622
4.25026961785
4.09009293366
3.23979930581
4.49118415874
4.48777121624
4.63677761395
4.49839256345
3.67230583742
3.98290269105
3.25845212079
2.81847541351
8.76487431411
3.55946442268
3.60929919695
3.76211532248
3.69842601711
3.37260177028
3.25194018618
3.31163033847
3.70503731522
4.23193237495
4.35666530997
4.78962132046
4.43973816767
4.26681955506
3.89083331326
3.53099314945
4.15454697222
4.55637239862
4.739994936
5.25341100054
9.81772668777
5.10398574824
4.7059881607
3.97937663824
3.63708044254
4.30252818327
5.27699082005
5.37898190047
5.34636165755
5.21979422733
4.99585299033
4.66240429054
4.19473219788
4.38491830363
5.61413080712
5.7504083046
6.06504766297
5.76208887133
5.48717030396
5.0074140838
18.459283286
3.81010499686
4.11858736236
5.72924207659
5.79921797193
5.57281147057
5.33210497623
5.05341270134
4.464406478
3.79488936947
3.85934547567
5.16350590251
5.48238754906
5.79351579643
5.14154505772
4.77217045202
4.4895115514
3.62325144798
3.45741531057
4.54930193916
18.5606972348
5.09435759482
5.39599959225
5.08996978539
4.59943850785
4.26237151414
3.7896986888
3.50786814991
4.22805212411
4.39011125546
4.52951453637
4.04616797537
3.77955904277
3.65305573303
3.4638794756
4.39410272521
5.18204459737
5.08558106192
5.64181211308
5.26658775152
15.4290074242
4.93365055459
4.26967065717
3.61398056658
4.4844256669
5.51792946424
5.81665643432
6.04870445638
5.75935107853
5.41750382403
4.87735436633
4.1281613408
4.92618841433
6.07556833595
5.95461704164
6.77056403595
6.25692366552
5.74368619093
5.47627032562
4.44230042077
18.3158988893
5.02769221408
6.30914037761
6.53780692261
7.30304058511
6.92137566692
6.00966644407
5.62707370125
4.4885049431
4.80946344031
6.24962184085
6.64354209984
7.42154318784
7.08883861049
6.18808642919
5.5017547028
4.69551860641
4.51291101796
5.68351552474
6.07938265382
26.6184567397
6.55412730004
6.27188189785
5.82889338709
5.3345204527
4.81515459475
4.42458545425
5.20406054985
5.47210792525
6.00306835284
5.69473618845
4.94674169726
4.51700334309
4.22115740289
3.83623505734
4.45755214028
4.6054778494
4.83394735423
4.80850564147
4.42816985992
20.5752837538
3.93493790647
3.90376241761
4.33867445394
5.29550363167
5.67336291946
5.92638606693
5.43412682372
5.08706874554
4.42386950676
3.83691358649
4.96708669934
6.00300607367
5.97349556319
6.60497243524
6.21295451419
5.73504804017
5.29956939712
4.3288623366
5.13917583943
15.9911855158
6.61862876463
7.18831698306
8.0451029858
7.07287472092
6.53544518369
5.89860083454
4.71936060787
5.45367712958
7.27078732713
7.54082432643
8.31337594212
7.84017589452
6.57886068948
6.06085249831
4.89975533876
5.20162575738
7.16568112787
7.35481576781
8.21916911768
28.2421920763
7.8031300882
6.66070151204
5.87786355696
4.89647490767
4.66179336459
6.08465267828
6.23513795823
7.29931583594
6.94273599926
5.92918090094
5.47053960762
4.85619468448
4.04441375155
5.10107097214
5.52196970832
5.94712058174
6.0094743782
5.36417948715
4.71134021347
26.4267926077
4.40709728706
3.85292458684
4.51187024362
4.81852395789
5.19270202163
5.02456823653
4.50325650396
4.06566756
4.08512597821
4.76990170763
6.22394350659
6.31653237282
6.49021398038
6.3846277807
5.74928830453
5.20181590861
3.9211468064
5.33387890045
6.4616375477
15.0243399337
6.49213997854
7.38424141949
6.55661917432
5.9963064258
5.62803890531
4.49774548174
5.38196913124
7.12224306122
7.3091815326
8.58991603851
7.91048458726
6.97112411555
6.45462438302
5.15914507691
5.99581840299
8.04985006263
8.25917570028
9.16246099509
8.36584967337
27.6114493955
7.43044477474
6.33076520439
5.13100760728
5.64375520073
7.93435388405
7.99142909846
8.90773606924
8.05626916396
7.53522716016
6.3214578597
5.30808329653
5.02130058538
6.72537277536
6.93378636443
7.97899625956
7.31027517038
6.14635483283
5.78087119155
4.80425866974
28.0024352889
4.50515575379
5.60417002172
5.94263664884
6.40068908449
6.18224115258
5.42997091415
4.82460649359
4.50179824533
3.84840271034
4.75895824393
5.164410727
5.53138013333
5.36072187576
4.83232918282
4.43519211634
4.33396075077
5.00957670153
6.43620431545
6.55872794146
20.7237375521
6.78989174085
6.23098304188
5.4657821972
4.88323024464
3.70686855787
5.10487467257
6.45495149115
6.74903198663
7.96244632071
7.16435038157
6.21441656729
5.67399008106
4.27415902066
5.79019654821
7.65015352057
7.91470696228
8.85808550277
7.93083161824
6.93850102447
24.1639186492
6.82323893442
5.52130186017
6.32810453688
8.56175557143
8.58277054398
9.98805890081
9.15404185234
7.91187352731
7.02009135794
5.69498696527
5.6752095642
8.17318639152
8.60659241721
9.41988519161
8.89213139389
7.61523833426
6.846696184
5.23193296281
4.96999967533
28.7037470706
7.37050823497
7.57670734086
8.23098290877
7.98420467846
6.72316387415
6.0133903768
4.90725360008
4.27677617997
5.87815739522
6.18178800317
7.03488894396
6.60346988999
5.87799808396
5.0517739811
4.49929967806
4.11590911368
4.87647485328
5.30810941038
5.91114610323
28.8557102918
5.57343288588
4.93617935032
4.15488258637
3.97344316699
5.12308435311
6.41969068052
6.40251368206
7.28342422198
6.87039328905
6.11588694363
5.33545584272
4.09239688739
5.57493364593
7.31614389879
7.23453966939
8.07326896215
7.84415138127
6.90437198742
6.08211692745
17.8522227347
4.88635630865
5.92569253745
8.28828099758
8.23098488238
9.4927337205
8.81015351199
7.84140349998
6.3825007946
5.30003574202
6.09434648879
8.95704645693
8.94554169277
10.1116373786
9.07145145225
8.08212053231
6.87725932982
5.42338394199
6.15334898169
8.74922928948
30.4148583308
8.89838283547
10.0775622708
9.33864220252
8.12992176484
6.90199641129
5.58092889697
5.79222058951
7.76006411695
8.05962090818
8.87952475236
8.06770061892
7.30391559179
6.03646435485
5.27336621153
4.87167666836
6.2189193696
6.31991455852
7.15774154305
6.79741023397
30.85681974
5.93243104273
5.4148540904
4.37617406632
3.79044282276
4.99526448432
5.66350433018
6.13416820581
5.66554045835
4.93812834524
4.4874865318
4.23820787971
5.46059941665
6.69401920844
7.3061161716
7.91189952704
7.02388304665
6.31481893591
5.66755530604
4.44440178874
17.6011197287
5.86701874425
7.45301772174
7.4909566576
8.36825391674
7.91382962662
6.89811005231
6.22909211745
4.64631982066
5.89492548756
8.41342943859
8.43286129207
9.59245757752
9.1089514254
7.80068650871
6.85790982546
5.54391667973
6.36554365794
9.14191823312
9.48177783941
26.7368980665
10.658023301
9.35028513769
8.17953098298
7.16835442005
5.68048333507
5.97796179077
8.66859997742
9.5018466399
10.4249472497
9.09803869133
7.91339290266
7.13307268235
5.58649256912
5.77174582875
7.92262295007
8.11155642358
9.46820834278
8.47556314976
7.23267430615
33.4495912884
6.51194581102
5.63089891558
5.12188209516
6.35906006431
6.94905662312
7.70253481522
7.01229611078
6.21704790008
5.72557413945
5.03982134855
3.85213303203
5.07975671658
5.58294298495
5.76185237565
5.62011682043
4.78431945046
4.32706772656
3.79698207081
5.42752539488
23.4087417147
6.83746239942
6.97849890412
7.49594176018
6.99472286705
6.33099090681
5.54282964995
4.07568557193
5.71219857506
7.41700915622
8.01268934619
8.57868147697
8.0008161161
6.86551137966
6.15386295504
4.90430786673
6.05890205751
8.50575943603
8.52406687922
9.36074018692
21.4479879933
8.89449548707
7.69984755441
7.03785246438
5.50668673363
6.06964183735
9.14857064379
9.29802016723
10.2264515874
9.32601767043
8.2701468192
7.15650813201
5.5357341329
6.36885285648
9.18367649635
9.1982447608
10.0150829861
8.93287205782
7.96926618267
6.83958613356
32.5836551772
6.0143957172
5.7006600534
7.69296222445
8.07632746251
9.07072837847
8.30364803832
7.3846359998
6.34546369869
5.52362450183
5.13499775131
6.64399576335
6.80724952567
7.81553404722
7.04204564651
6.25860471659
5.59544596332
4.81060483764
4.21438959998
5.67277124449
27.3809170736
5.90564620673
6.43390343403
5.85407285729
5.45356902585
4.75951722825
4.373904847
5.48593102709
6.81159945172
7.27166258394
7.7017096245
6.75709367686
6.16535039312
5.45145082013
4.03105661624
6.01587713327
7.69618693035
7.78298399091
8.45972085356
7.89748064901
20.1010072092
6.85275674045
6.2025324618
4.7280202373
6.10498483196
8.15687020955
8.6086117498
9.13460704444
8.29646715381
7.59409277964
6.94962328475
5.57536842103
6.24024067193
8.88033142331
8.86544839416
10.0569287782
8.8814595173
8.14146544423
7.17552078429
5.95749480963
28.3135624262
6.48189809998
8.90121724481
9.43979938895
9.78482297511
8.92537521837
8.1967947793
7.13116323603
5.89995248618
5.86714063135
7.91418038027
8.36614878353
9.08090292687
8.17870245687
7.4824076484
6.45089323929
5.55210448184
5.14369946125
6.64961933039
7.01478274428
31.1552962035
8.01517262615
6.81060068962
6.10249352395
5.60814998489
4.81751534745
4.17780355471
5.61725435274
5.88627851554
6.18705921205
5.82836121881
5.42114927787
4.82553246136
4.41432877818
5.53750977352
6.77631692804
7.30473995508
7.51805570642
7.03644389435
6.46048469408
21.9199841205
5.57404438803
4.25947166276
5.79426564287
7.46624433247
8.00933632341
8.23282342827
7.92509225119
7.08361216643
6.08071901435
4.86731874639
6.29979427079
8.410033034
8.13783077288
8.92105261611
8.49887123475
7.80034037484
6.66948162481
5.63545780843
6.4508594919
23.0551736759
9.39734049198
9.21480402686
10.0106101384
8.94949060903
8.04984771337
7.40731266608
5.93491072758
6.38205018604
9.32895585367
9.10530207197
10.3093511443
9.46833737569
8.33773134239
7.18572647954
5.76089427621
5.99969838661
7.97480926436
8.25340253079
8.67756999631
33.331304185
8.3655433214
7.43061289121
6.29701782525
5.35220986795
4.86191316786
6.58174434905
6.85495750165
7.80892740568
7.0609797212
6.06189457248
5.59996878553
4.8041085988
4.38965202711
5.81936118651
5.95691846214
6.29057836789
6.0561873211
5.40692301569
4.87807844083
25.5663562344
4.58635744621
5.46366043777
6.86967270533
7.15739570489
7.65103645902
7.07509761936
6.23713600797
5.60215760354
4.40545919139
5.97442567524
7.45029934256
7.73956151936
8.52317856014
8.15551763319
7.01987534494
6.29159062179
4.65173887719
5.81482611103
8.37299324472
18.9487568149
8.46078475742
9.19160975188
8.67931424517
7.74299787503
6.93603600124
5.28651035899
6.1011987495
9.00211670866
9.01302778282
10.1730285218
8.8276111503
7.81085909265
7.08498123186
5.59807755216
6.10490767587
8.97196451369
9.27504560745
10.1475430044
9.19959527551
33.0263319104
8.16573686142
7.15314219135
5.72893378311
5.83470141403
7.95847642004
8.2189246694
9.14939545598
8.07764944571
7.57842142893
6.3207694093
5.49329596306
4.94193109399
6.73654194206
6.85327596053
7.81083579391
7.3122129601
6.1285810643
5.55806551176
4.77276394371
28.0834278088
4.19818638072
5.50165031611
5.78874372329
6.22683441922
5.72517447941
5.25657696522
4.65027718128
4.24138948057
5.18620715535
6.59543052439
6.88460984987
7.67108639166
6.98057992662
6.2831549425
5.56267567546
4.57477503969
5.89571640825
7.31891803458
7.56123426061
19.7336873955
8.47734124097
8.11953231226
6.78296149699
6.16075007353
5.01126073823
6.26710888608
8.49725808641
8.65877623189
9.00114464393
8.53757941933
7.56780308994
6.64058306648
5.48021069818
6.23564614648
9.05393009724
9.22522767448
9.86402757954
9.01846756721
8.03816930272
30.0898572462
7.07166289047
5.56031678067
6.30640145609
8.53273290816
8.952320506
9.21638939255
8.95931112767
8.17310923643
6.9796735082
5.60867556757
5.87065618617
8.02197813158
8.2981257233
9.03306256285
8.07737176827
7.52239444127
6.35039671526
5.51750369004
5.1546614225
28.8494448672
6.46487588934
6.64800188528
7.31839483071
6.68186815158
6.01648344912
5.35231326314
4.46631371065
3.94879704847
5.46302955604
5.65760104616
6.27508143527
5.94621607158
5.14879768145
4.50447429249
4.22169596328
5.02873123829
6.29316404247
6.44511904246
7.04642231989
21.3609083797
6.67927837033
6.02263265243
5.30306378677
4.29190329137
5.59526277587
6.94209691166
7.31777593104
8.09266658433
7.4927199192
6.7449400271
5.95672151954
4.69583608397
5.86498173806
7.80937773741
8.13609275392
8.86983238319
7.99883257664
7.4215658876
6.3688400493
25.0510500392
5.3788489384
6.15859732439
8.42239963524
8.68648478174
9.40165423352
8.44537548756
7.79239486566
6.91517359998
5.67424181386
6.22391764896
8.54689637921
8.76292477435
9.17548255204
8.60583683999
8.10696000589
6.56331513165
5.7287574791
5.75142720432
7.54530644914
29.5030442906
7.33746801037
8.15559141205
7.8232316534
6.76632987488
5.94383228749
4.77287247999
4.15182623162
6.07006659477
6.14076438715
7.28954051022
6.5505945073
5.67413707645
4.8822725065
4.23610618073
3.37154960165
4.90755562931
5.1601881683
5.59673834474
5.25256747447
27.3911300371
4.84062348276
4.21625794271
3.99113856727
4.64214470777
5.85853141101
6.11632660652
6.49982275049
6.21109759125
5.55476287514
4.76846696385
4.24360080178
5.23738712709
6.56181602078
6.71784959559
7.44404657187
6.97043410023
6.26735082074
5.62799103711
4.63040993286
14.8005034327
5.58948034461
7.39226122263
7.54695496905
8.35151505758
8.1607442413
6.94827884566
6.31290047212
5.14416100431
5.95492769589
8.17808320788
8.39463304426
8.91118308092
8.2168381677
7.69474641521
6.28870984482
5.28022498172
5.62171983708
8.10616210698
8.22539855819
29.2455054461
8.98433431915
8.31216026864
7.44889482659
6.10480134356
5.03684043694
5.15993865916
6.95200499836
7.11477140748
7.74704387207
7.51407321899
6.66859780515
5.75718627808
4.83728025729
4.38819680672
5.8480093622
6.01758745995
6.48024739041
6.23006368684
5.50696360806
25.4884681288
5.06108142833
4.37086020567
3.85334580448
5.04178470864
5.14589921425
5.46039175773
5.30863838016
4.7616848647
4.22436589327
3.95256620085
4.78632097507
5.81340567857
5.94965073363
6.45704787007
6.11364706463
5.53199232593
4.77676602572
4.27759327383
5.0212627346
15.2299445256
6.40165819958
6.30950598718
6.92825358827
6.32320140674
5.93491899911
5.57184812858
4.64050646012
5.47359744434
6.67836565837
7.18999824785
7.72305315284
7.33229966212
6.43307407251
5.88563944125
4.91369335255
5.58784767239
7.49780780403
7.56846926066
8.58830898321
22.9346904083
7.70400417826
6.85669090252
6.08291957986
4.86685782359
5.42608793467
7.21484773224
7.44964649308
8.38347267688
7.36417193122
6.87087997945
6.06504586039
4.81125444944
4.89959140668
6.22896724932
6.52782711391
7.20529889354
7.07724430135
6.12299278367
5.32664158772
26.517389801
4.60425808558
4.18772025247
5.42452125542
5.69147043186
6.24210937039
5.97917134032
5.08113956136
4.65317171517
4.12150766026
3.56253376423
4.70148965942
4.85485443101
5.46164155818
5.00045919386
4.53679663643
4.26690395044
3.80899406191
4.36809642366
5.04076015522
17.0455583612
5.20771145267
5.62537107161
5.24111389284
4.73207158279
4.18789243258
3.55043824803
4.41388802299
5.50957186395
5.6521029666
6.06210549468
6.33423262885
5.87387674517
5.2452426042
4.51870833658
5.1629531436
6.41503013591
6.44792472112
7.27519721175
6.766715681
17.5917182947
6.09878659051
5.51213330045
4.41390509973
5.12239031333
6.67490091169
6.69132412129
7.62116571262
7.18099120009
6.3276042168
5.56824895615
4.80972452319
5.19428800953
6.58577595188
6.99047792675
7.61160079136
6.8285579786
6.1162544943
5.70117541221
4.63835259199
22.0102735378
4.82306746044
6.07007338166
6.31939266486
6.91910897453
6.62380946892
6.12244720826
5.19745396426
4.64521513908
3.97903907499
4.97789752483
5.07886441886
5.79037415656
5.5578425151
4.82263846073
4.23817879021
3.830759524
3.35687252311
4.51714239331
4.38451307441
20.0316172706
4.90652662639
4.47110117613
4.23596782534
3.73480547015
3.36722302033
3.70932104686
4.59228658122
4.62234742116
5.22511430224
4.58875847164
4.68813012801
4.40323285145
3.98208383171
4.62333674658
5.61388070923
5.52791186473
6.11637232471
5.74970061486
5.12362796813
14.7253417447
4.43459292859
3.87296354864
4.41517309282
5.66753558722
5.95496409696
6.23156921918
5.94208699075
5.54426716125
4.91099685648
4.11319764926
4.52070149387
6.10892214261
6.23575405291
6.68367661231
6.16283951666
5.86880839584
5.14096376911
4.21690811748
4.54740227417
19.0254783923
6.33622829546
6.08095096428
6.76339445481
6.05706435104
5.64190013471
5.03255914769
3.93603215563
4.07152004427
5.38791290862
5.60531556806
6.38975826984
6.02165099195
5.30751191815
4.69813044534
4.16935199302
3.95683743702
4.82674826432
5.14075414715
5.52351878588
20.8818252439
4.98633774282
4.44586631053
4.13610952953
3.72139069517
3.31632031436
4.01916122999
4.23691666544
4.59302053509
4.36393126695
4.01841880011
3.81233090631
3.21196531637
3.32814260973
4.58377513164
4.61872376738
5.06977487257
4.55513948037
4.46528567796
4.05456568911
11.740613793
3.31211180994
3.59402691445
5.01565284799
5.02091464741
5.51852434855
5.18188020884
4.55540540895
4.31786488377
3.82963036161
4.39392476013
5.32373491644
5.51668397498
5.91268048246
5.64151940196
5.07656340435
4.67835576833
3.84618355789
4.05435285713
5.68758927051
13.1737259177
6.24781785491
6.34359685399
5.7320281253
5.4706812464
4.77794698781
3.82730658289
3.84150525859
5.79473132175
5.78113103786
6.28286188642
5.89013297054
5.38937614302
4.63568659686
3.83750759193
3.81377584397
4.9052852615
5.37695330699
5.89644114698
5.22564184443
17.7050381916
5.27411267436
4.66919712344
4.29644171956
3.90691921216
4.84636625749
5.02306264536
5.30778948413
5.04130440385
4.66443892407
4.37194787948
3.21632348422
2.76133643045
3.50869358299
3.64552432726
3.54967761022
3.74552321466
3.28546968616
3.17466328418
2.95817177911
12.3588130001
