172.421740691
18.9581632124
18.723863342
20.2033724093
19.1599760363
18.0341735751
15.2406679612
13.0181934023
15.9745540453
20.772617228
21.1209533679
22.9137284511
21.8476936528
20.6603102332
17.2931430421
14.5493954693
16.9528530744
22.5342158134
22.9436338302
27.2761426719
25.5980090732
23.8483415424
22.0741198963
18.8925569948
15.9945579288
17.2223339806
23.9573979261
24.4218392741
26.674535668
25.5917835386
23.9225359689
19.7346781088
16.5697521036
17.570636246
24.0890674012
24.4825385612
26.9402840467
25.3741749838
23.9875009721
34.8739733766
20.0225654145
16.7261533981
15.7281566343
21.7700576425
22.1449876863
23.9100006481
23.337786779
22.0927733161
17.9400809061
15.4985126214
13.8104877102
18.7824893204
19.3421016839
21.0253264249
19.8486450777
18.6457590674
15.6218407767
13.5934715395
11.552106727
30.4021959766
15.6695423948
15.9894278317
17.259833657
16.5644278317
15.1755514563
13.0161694696
11.6236630013
15.5824148867
20.2629766839
20.8090194301
22.647014906
21.2200615285
19.9880498705
16.819620712
14.2542807245
17.7023436893
23.0382365522
23.3110142579
25.468081011
34.9945990903
25.2519753727
23.6893220998
19.5369948187
16.0805482201
19.0650582902
25.1344173688
26.7937380026
28.4986718547
27.66538262
25.9808715953
21.4477376943
17.8329203883
19.9346049223
27.2865233463
28.5339487678
30.8145879299
28.780195201
27.3046102464
22.9361023979
68.3378993464
18.6802014249
19.563607513
28.4457853437
29.1464915694
30.0605035691
29.0833547341
26.838195201
22.236588464
18.6186055699
17.9840453074
25.2036675308
26.3506601816
29.2417568093
26.9888054475
25.0738813999
21.4700012953
17.3634161812
15.8267877023
21.789613342
70.6940771242
22.7443918394
25.1875288399
23.7595068049
21.8063821244
18.1555223301
15.2676899676
12.7759877102
17.7320064725
18.4866912621
20.3759196891
18.8075533981
17.7071501618
14.805584466
13.0064269082
18.7752822006
23.8458172391
24.5974445885
26.9655797665
25.5810719844
53.7943963494
24.1976351264
19.6042240933
15.7864006472
20.6004494819
26.543076524
27.5642808042
30.5103913043
28.9656141375
27.3461686122
22.5533097861
18.5303471503
21.9166632124
29.8080603504
30.5029792343
34.4788642857
32.2602342635
30.3543887086
25.1665152301
20.5545453368
71.0058214519
23.6006150356
31.9416359507
32.8091168831
36.6356374269
35.1308506494
32.452743024
26.6397503243
21.8470796632
22.9175612443
31.6754250487
33.0423400389
36.6029519168
35.1709681818
32.1530674886
26.2110524951
21.8593678756
20.4424041451
27.8988281453
29.7041115435
102.589583169
32.4695438027
31.2068001298
29.1177153048
23.848419313
20.0132888601
17.251428479
23.3742514582
24.6226714193
27.4549928664
26.1468190661
24.055544394
20.0408860104
16.9977100324
14.4783624595
19.1934099741
20.0673121762
22.4452728451
21.5807836788
19.9174268135
77.0300837696
16.8561779935
14.6242724919
19.8527849741
25.7510317563
26.7960220493
29.4557944228
27.0555298314
26.1572263294
21.3581547927
17.6268880259
22.0217156736
28.8129818418
29.4863796236
33.4724681818
31.6763088903
29.59466061
24.497419313
19.9452312176
23.915712897
62.7185639687
32.4606911097
34.9042344156
38.1865653021
35.1579226771
33.6847538961
27.2187853437
22.4744951393
25.3442015554
35.2619590909
36.6892045455
41.1519635891
38.8605451592
34.7100551948
29.0213631647
23.9136305898
24.7142255347
34.7727012987
35.7826331169
40.821260078
112.553219882
38.5376530214
35.3069512987
28.569614786
23.90508814
22.2708626053
30.5967358858
31.5293815704
36.1324792208
34.8672571429
31.7822855289
25.9861464679
21.9925751295
18.7019332902
25.344698639
26.6150777706
30.2234996755
28.8315609598
26.4114880104
21.9776787565
104.448719921
18.954033657
15.3113165049
20.7780252591
21.7294371762
24.5401885936
23.5887303953
21.4305123057
17.5903508091
16.1377100324
21.0708795337
28.139733463
28.9813644617
31.4907222583
30.3853510707
28.0984857328
23.0750077771
18.6677765544
23.4610492547
30.8508403634
60.8658328982
32.37737573
36.2404385965
33.6538084416
31.6143406879
26.2641459144
21.5799721503
25.2893376539
35.1667519481
35.7949123377
41.9897074122
38.3337738791
35.5456042885
29.2366562905
24.2491944264
26.8537924773
38.358454191
39.1619525666
44.629129473
41.8541046814
113.68555497
38.3675042235
31.275064244
25.5283272845
26.5353618677
37.9342430149
38.4703606238
43.112346554
41.0902425228
38.5616094867
31.2853341986
25.6292618276
23.7069967596
33.0866469825
34.2119922078
39.3284161248
37.0392300195
33.3704558442
27.3796699092
23.5436830849
116.495024374
19.8017804404
27.4055622568
28.5728294423
32.4985171966
30.7977942894
27.4880038911
22.948198315
19.7131930052
15.7207132686
22.0829604922
23.2732592353
26.0155988334
24.7636312378
22.3044630829
18.4448239482
16.1637760518
22.5074384715
30.0142522698
31.0037923426
85.308853211
33.5573428571
31.8767994809
28.7774811933
24.0049513934
19.3832072539
25.0082119248
33.1799954545
33.9703376623
38.9080032489
37.0433671215
33.6037064935
28.0799487678
22.2557453014
26.5281219196
37.7708128655
37.9525776478
43.7075237476
40.4858777633
37.0438154646
101.96630572
31.6233783258
25.6664708171
28.2950285344
40.8837574772
41.9598719116
47.2634661458
44.7500448926
40.8035351105
33.2830635951
26.8422457847
28.0639896239
41.026213264
42.4960409623
46.5397586207
44.740575797
40.4030611183
32.989284231
27.0172224384
24.9770388853
126.981283168
35.9237474026
36.9423227273
41.6616371912
39.8213554256
35.8766772727
28.9944734112
24.199874919
20.42425
28.8366874189
30.4932024659
34.9459824675
33.2247001947
30.268076524
24.3119125081
20.8037305699
16.6070731392
23.4630116656
24.4977537265
28.1659980545
117.600034256
26.5477219702
24.2938392741
19.4355012953
16.5169300971
23.089117304
31.0543244646
31.8014386762
35.0767357143
33.6338202466
30.6834996755
25.0239591704
20.1162966321
25.987757615
35.5324084416
35.4221253247
39.585689857
38.2344606888
35.5434162338
29.1603566796
78.9431735429
23.8402896954
28.3003294423
40.2026660169
39.992583225
45.8697527651
43.8218939493
39.9122690058
32.3995801428
26.545693904
29.3079390402
43.4682054616
43.5594040338
48.9243352865
47.5229602865
43.0661241873
34.3697116883
28.3178216602
29.2766536965
43.5839356307
129.647551815
44.0443049415
49.5939667969
47.0173819128
43.0925188557
34.3140564935
27.7799967575
26.040022035
37.9706614685
39.2901520468
44.6117085231
41.4059564369
37.6585795971
30.2471602855
25.1084050551
21.7393445596
30.7343562622
31.7314393251
36.1706
34.1409941558
134.726861864
31.1542173913
25.2949429682
21.0956275907
16.9642834951
24.7261490603
25.9697827497
29.140423476
26.7934513619
24.3410550875
20.2872150259
17.2546893204
24.0232773817
32.4889325114
34.1300850097
37.1519733766
34.5651233766
31.7480992862
25.9799714841
20.837240285
78.06137852
27.3368307393
37.1147779221
36.794705653
41.9326144343
40.4645159194
36.5181298701
29.616423476
23.9010965651
28.7913832685
42.3238010403
41.983976593
47.6900351563
46.0535530254
40.7169486346
33.2397597403
26.9332671855
30.2245269306
45.7644710475
46.6662921275
122.021134653
51.994809772
48.806234375
44.1446616786
35.3976714286
28.2891841764
29.3994675746
44.9515445673
46.6712641509
51.2132599349
47.1003867187
42.8123829649
34.9876564935
27.9980473411
26.7793929961
38.9727836257
40.4448673602
46.5606506181
42.962496749
38.4165237167
147.913011266
31.9897560026
26.1385644848
22.2190738342
31.6422465931
33.7557722258
37.9559408707
34.7920045455
32.0361382219
26.16622035
21.730013601
16.8884906149
24.9830622165
26.4261523995
29.2139046693
27.5989079118
24.7866305898
20.833873057
17.4592213592
24.3946824368
100.867693824
33.1648825438
33.7614763141
36.767161039
34.6498175325
32.3584516548
26.2511769281
20.5368944301
26.5988146468
37.6112833008
38.6468180637
43.4860396619
40.6260513654
36.5167712801
30.3421083712
23.928213221
28.6553352789
42.9332828349
43.2193504551
49.1670794271
97.9881616294
45.6281990891
41.2553283485
33.9902181818
27.1900389105
29.944706035
45.5565061809
46.7039297332
52.185265798
48.5625410156
44.3630182173
35.9880188312
28.7004889754
30.4355496431
45.4803597918
46.1586772934
50.9304214984
48.4629973958
43.9918459038
34.9692545455
145.899963552
29.0257380026
26.8203858625
38.9099194282
40.7949921977
46.0791587508
43.0934460338
38.9668934373
31.5134918884
25.6699688918
22.2285919689
32.4545016223
33.2919169371
37.9092150747
35.3114233766
32.122027904
25.8983681141
21.5045459845
16.9621579288
25.7990486066
121.782717205
27.209676604
30.8027795071
28.2315629053
26.1451555412
21.4037253886
18.0323618123
24.473698639
33.2193815704
34.6846980519
37.4821896104
34.1777980519
31.7066560675
26.0493570966
20.5008147668
27.2280272374
37.3575152697
37.9920779727
42.945873212
40.6325019506
92.0048372703
36.6527381417
30.0726022064
23.8756344783
28.8117496757
41.7411020806
43.7291911573
47.9978066406
44.3151750163
41.1010006502
33.7728922078
27.0511945525
30.2934373783
46.1891288224
46.7575341574
51.9469472313
48.6117714844
44.5830982433
35.8070246753
29.3548553826
126.689844224
30.346312135
45.4969713728
46.560322056
51.543981759
48.4463528646
44.2641359792
35.3250798701
28.2701258106
26.5978106355
39.77491423
41.0312529259
45.6137800911
42.3391521456
38.9193105913
31.5787657365
25.8128567725
22.1005016202
32.3980493186
33.6359493835
139.689482143
38.6574204029
35.1915642857
32.3301343284
26.0811587816
21.4830816062
17.0818906149
25.5846377187
26.3564646792
29.5719306096
27.5722872892
25.0494510693
20.7644591969
17.2094582524
24.0756636423
32.2565567813
33.7778118105
36.3250577922
34.7877850649
32.323312135
96.4955738674
25.9102417369
20.465265544
26.7642788586
37.5475633528
38.503920078
42.4288602081
40.1993957115
36.8926103896
29.907344358
23.8865904083
29.3384189364
41.9899362809
42.2848205462
47.8314348958
45.1841086532
41.5513582575
33.1809435065
26.9585648508
30.3864520104
107.290068421
46.4375686402
46.3810832791
51.4141947883
48.1363333333
43.7143467794
36.1209551948
28.6853806744
30.2308384166
46.0602758621
46.7760553025
51.4157302932
49.1478157552
44.3113474301
35.2795149351
28.2260447471
26.8615518807
39.7222722547
40.1911814044
45.3144528302
152.377986065
43.5733654096
39.0251267057
31.4566807268
25.613235256
22.1048024611
32.754412719
33.4515989617
37.8010402859
35.5114123377
31.8178111616
25.4261937784
21.2788147668
16.9984724919
25.8492734932
26.5984147764
29.3756232166
27.6353359274
25.3349792612
20.9310233161
114.301798419
17.5947249191
23.8883370058
32.4842602206
33.3299707982
36.3458058442
34.3681227273
31.7581667748
25.6945580039
20.2547810881
26.7853560311
37.3870961663
38.3345594542
42.6977444733
42.2659727096
36.985237167
29.806767834
23.5519144524
28.6631854734
42.3496820546
85.0034528178
43.2192821847
48.3132838542
44.9108197788
41.0910409623
33.4481077223
26.6733041505
29.8829824789
45.4279980481
45.715928432
51.4498469055
48.0192851563
43.0691951854
35.520588961
28.1379818418
29.9587787151
45.3395465192
46.4419154196
51.5124423453
48.4615247396
150.739981432
44.4366183355
35.2193487013
28.259767834
26.5434348671
40.3627758285
40.7265877763
45.7443558881
42.1446241873
39.1110558804
31.7160220636
25.8816260531
22.1606670984
32.3605074627
33.1435756003
37.8596822612
35.5273
31.5342719014
25.8842832145
21.5148678756
126.23109967
17.1280724919
25.4852028516
26.4131263772
29.6081083009
27.3477600519
25.3669585224
20.7044203368
17.2782621359
23.1172469216
31.5294996755
32.5564101233
35.8978454545
33.6420324465
31.1195983128
25.1264977317
20.1468296632
26.1683324692
36.0965668831
37.4697166992
84.7824338139
41.8129414824
39.2182761533
35.3779220779
28.7540985733
23.0520894362
28.5942438392
41.7139336801
42.6160286086
46.893942095
44.3521099545
39.8698453541
32.3544834523
26.2737302205
29.2770389105
44.3974609883
45.4108061158
49.715764974
45.9193201041
43.4598472042
132.441624587
34.7006220779
27.8129370947
29.6413145266
44.0313396226
44.988964216
49.0383489583
47.1936922576
43.3588192458
34.1417772727
27.3977898833
26.0603493195
38.2872326186
40.0587153996
45.2245139883
41.3420305592
37.7276816114
30.6780317975
25.1203687622
21.7559248705
128.430898943
32.0042998053
32.4830123297
36.5909798701
33.6345201299
31.2315996106
25.1380972132
20.7551528497
16.5649313916
25.0069209332
25.7726876215
28.9970998703
27.0644876783
24.5508664938
20.1155161917
17.1276420712
22.2784540155
30.0197684825
30.812605451
33.9196584416
91.7098641732
32.7431499027
30.0443761349
24.1046759559
19.4813601036
25.3095917045
34.1354012987
35.4738448052
39.301871345
37.2763603896
34.2995149351
27.3559708171
22.2293195075
27.014766537
37.992697206
40.0816588694
44.6458471047
41.0512080624
38.0064873294
30.9834380273
104.381969737
25.4263959819
28.6402924773
41.1009395319
42.084739922
47.9995208333
44.0032361744
40.9411957087
33.1196683971
26.9872457847
28.5596549935
42.1340442133
42.9345247074
46.9787163305
44.5478848406
40.8262490247
32.424073329
26.4268858625
25.3222274789
36.4345428571
130.76747424
37.3877318182
42.5517659298
39.317531514
35.8440597403
29.0363197147
23.841066105
20.592011658
30.0078002594
30.5324548994
35.2146038961
32.7701427644
29.9753274968
24.0793246922
20.2845200777
15.8757669903
23.8641302657
24.7083512638
27.4718897536
26.0993519119
116.49698352
23.7634685677
19.3916690415
16.7286983819
20.7241023316
27.8938287938
28.9754513619
32.0142556781
30.5348385214
27.7957367056
22.6080071244
18.5932370466
23.7527077122
31.9361862427
33.0340045425
36.571774026
34.7308532468
31.9441842959
26.2635152301
21.2705123057
62.3287127937
25.3793208036
35.907488961
36.2485220779
41.552319896
39.1966465237
35.5972532468
29.3282996109
24.1000926766
27.0228761349
38.7362807018
40.1835276153
44.7406232921
41.8054453836
38.6632397661
31.2346353018
25.5714530136
26.2518327933
38.6643430799
39.784734243
124.435911609
44.8413693108
41.7479102731
38.3443073424
30.670101233
25.1549818535
23.47582372
33.617812987
34.7251246753
39.9125139701
37.3187784276
33.7857883117
27.6223365759
22.8145819831
19.4552143782
27.7400881971
28.6925946822
32.4723088903
30.917862427
27.7455687419
113.156124424
23.3076649384
19.2883361399
15.5869100324
22.3972253886
23.3388865846
26.0390803629
24.5794387557
22.6078134715
18.4960427184
15.8718711974
19.5711217617
25.8653758911
26.9887587549
29.7160817121
28.3841549935
25.5381814647
21.4468335492
17.5132556634
21.7423335492
65.332163292
29.5044776119
29.7825376135
33.0788481506
31.931780013
29.056112192
24.4184964355
20.1249520725
23.5787770577
32.2592959117
33.9023290071
38.384762833
35.9732512987
32.7032342635
27.3871309987
22.4717744653
24.7085301361
35.1536746753
36.5336720779
41.3185871261
100.324854796
38.2496738142
35.6993012987
29.2261057069
23.924331173
25.098360337
35.562624026
36.5334006494
41.2859031209
37.5280116959
35.7108753247
29.0689896239
23.4523272845
22.0849533679
30.7561038287
32.0712686567
36.2796285714
34.9455155844
31.7926365996
25.7256655865
109.366723684
21.5933316062
18.436597411
25.6894620868
26.606602722
30.6190694354
28.9688579767
25.6902832145
21.3226768135
18.3224349515
14.3929495146
20.7167273316
21.3307571244
24.4342514582
22.852294232
20.9402487047
17.6395546926
15.1727682848
18.1018511327
23.3003052495
73.5326984957
24.5383195075
26.3658929961
25.5164970836
23.5230596241
19.3430310881
16.1672647249
19.9456670984
26.2394173688
27.0144189364
30.5387209604
29.0612140078
27.1304584955
22.3177124352
18.524002589
21.7953322539
29.757920882
30.6259052563
34.8135
32.9338137573
72.2251045752
30.4974711226
25.1405437459
20.3297545337
22.9373590408
32.028109669
32.4414717716
37.1758383117
34.8828909091
32.3319182349
25.921051199
21.263994171
22.594132772
32.0109435432
33.2996048021
37.1799135802
34.1544207792
31.4435451006
26.1878768633
21.5646003886
95.1464750656
20.2908354922
27.9367548638
29.2849889754
33.2290564568
31.4084711226
28.7739396887
23.6428671419
19.9845433938
16.8889417476
23.2816014258
23.9627290992
27.1830330739
25.8200142579
23.4168269605
20.057128886
16.7964090615
13.507954075
18.8866003886
20.0136683938
86.3768932547
22.7796703368
21.2703147668
19.2096275907
16.5788459547
14.0803906856
16.3038718447
21.3985032383
21.8325226684
24.2363732988
22.115248057
21.2855725389
17.6669378641
14.7931262136
18.6813799353
24.3183480233
24.8117401167
27.7608553826
26.2164620868
23.905522359
58.0105048924
20.0556716321
16.7411042071
19.7512629534
26.6248339818
27.7433197147
30.2965496431
29.2533145266
27.055497406
22.3235090674
18.4726757282
20.6668290155
28.78061738
29.8685019455
33.0113348475
31.1553257625
28.8921608301
23.915213221
19.2505362694
20.8379876943
79.1841878272
28.9780278859
29.5320732815
33.0127884491
29.9067391304
28.5931290532
23.4478716785
18.9910763754
18.2594543689
25.0701088788
26.0394063513
29.6794357977
27.9364442283
25.4293434867
21.312859456
17.591194822
15.3516640777
21.1598963731
22.1475958549
24.8835068049
88.778572459
23.3725042126
21.049890544
18.0823029126
15.3356569579
11.564572445
17.425366343
18.0675915858
20.2995511658
19.0295941748
17.5131262136
15.0744485437
12.6981345408
13.2587082794
19.470240285
20.3084391192
22.2746800518
20.2521709845
19.4495284974
16.4204595469
46.8895390625
13.5106119017
15.4482822006
21.927640544
22.2958873057
24.9162378483
23.7719656513
21.8872221503
17.9402906149
15.2127177994
17.802836246
24.5835327285
25.2855657809
27.8165051881
26.2805437459
24.4153123785
20.2673484456
16.6985177994
18.2874427184
25.9887316915
48.8245442708
27.4488333333
29.5189721141
27.0795045396
25.8567965003
21.3838665803
17.2913579288
16.0161262136
26.0938425146
26.7705677252
29.7858644617
27.4529474708
25.6898101102
21.0358257772
17.3734472492
14.7571262136
22.8355340246
24.0298107583
26.6037965003
25.1605599482
67.2297674722
23.5601801685
19.1468024611
15.9997669903
12.7781772316
19.3576897668
20.1749028497
22.5626088083
21.0106755181
19.3124436528
16.4240381877
13.886465718
10.4726429495
15.9393799353
16.3436135922
17.579971521
16.8214886731
15.5631993528
12.1675258732
11.4100653299
46.1273461288
