499.0
402.0
473.0
592.0
405.0
724.0
433.0
450.0
378.0
430.0
518.0
390.0
725.0
531.0
597.0
443.0
589.0
417.0
479.0
257.561688312
241.0
254.0
233.0
156.0
169.0
214.0
150.0
218.0
159.0
166.0
317.0
283.0
222.0
147.0
248.0
170.0
210.0
148.0
158.0
276.145643693
279.0
198.0
199.0
262.0
252.0
192.0
215.0
287.0
283.0
264.0
197.0
186.0
215.0
289.0
201.0
202.0
168.0
192.0
232.0
296.933073424
223.0
370.0
345.0
369.0
677.0
142.0
254.0
197.0
286.0
306.0
219.0
174.0
305.0
533.0
236.0
244.0
222.0
1167.0
206.0
270.143786597
172.0
430.0
728.0
576.0
718.0
617.0
458.0
199.0
244.0
390.0
414.0
413.0
464.0
692.0
174.0
270.0
729.0
595.0
466.0
281.409685864
925.0
940.0
487.0
454.0
848.0
626.0
1155.0
837.0
811.0
1041.0
1021.0
1035.0
1377.0
838.0
902.0
1096.0
928.0
2083.0
622.0
273.157722513
448.0
576.0
610.0
900.0
1684.0
1016.0
868.0
422.0
4171.0
755.0
1179.0
525.0
596.0
2222.0
468.0
153.0
439.0
461.0
600.0
272.128590078
268.0
167.0
196.0
233.0
275.0
447.0
177.0
200.0
235.0
139.0
472.0
214.0
167.0
169.0
678.0
230.0
232.0
175.0
235.0
286.229862475
311.0
287.0
180.0
235.0
276.0
232.0
203.0
204.0
154.0
317.0
388.0
362.0
279.0
364.0
287.0
365.0
346.0
437.0
181.0
289.529953917
404.0
429.0
418.0
173.0
269.0
172.0
262.0
310.0
286.0
477.0
143.0
185.0
454.0
269.0
426.0
219.0
300.0
527.0
412.0
275.631061599
5689.0
4040.0
4427.0
4276.0
5105.0
823.0
4267.0
4163.0
4739.0
798.0
4363.0
4114.0
5751.0
5482.0
4128.0
4165.0
5326.0
5262.0
4295.0
283.584313725
5192.0
4963.0
5050.0
5126.0
5122.0
5431.0
5196.0
5053.0
4962.0
5178.0
1161.0
5326.0
4998.0
4920.0
5373.0
5210.0
4598.0
803.0
826.0
288.976268952
753.0
1294.0
964.0
1284.0
923.0
964.0
1361.0
1236.0
1297.0
1363.0
1023.0
1063.0
1012.0
1080.0
1255.0
1008.0
829.0
929.0
1097.0
281.200131666
4778.0
2700.0
2678.0
2954.0
2828.0
2803.0
2780.0
2640.0
2979.0
2828.0
2753.0
2569.0
2739.0
2766.0
2864.0
2545.0
1631.0
2661.0
2832.0
279.096078431
1466.0
1362.0
1927.0
3399.0
4927.0
5602.0
4810.0
6292.0
4711.0
1662.0
4910.0
4782.0
5003.0
5009.0
5637.0
5565.0
6461.0
5853.0
6096.0
292.394199077
5473.0
2105.0
5827.0
7089.0
5036.0
5144.0
5110.0
4972.0
1352.0
5198.0
2818.0
588.0
876.0
5020.0
4945.0
5115.0
4934.0
5099.0
6090.0
292.560686016
1583.0
1584.0
1273.0
1351.0
1441.0
2493.0
1254.0
1274.0
1488.0
1278.0
1355.0
1208.0
1301.0
1392.0
1451.0
4810.0
1237.0
1545.0
1365.0
276.334645669
249.0
230.0
165.0
473.0
261.0
178.0
196.0
212.0
550.0
469.0
396.0
257.0
241.0
282.0
443.0
161.0
190.0
258.0
450.0
301.430546412
149.0
174.0
170.0
199.0
190.0
177.0
169.0
167.0
138.0
176.0
703.0
190.0
182.0
218.0
703.0
207.0
201.0
221.0
183.0
302.298083278
2872.0
2248.0
1574.0
1809.0
1547.0
1984.0
1482.0
2213.0
2051.0
4799.0
1687.0
1748.0
1971.0
2186.0
2192.0
1727.0
1992.0
1433.0
2258.0
286.840369393
204.0
328.0
209.0
175.0
156.0
309.0
261.0
210.0
230.0
188.0
378.0
318.0
320.0
245.0
250.0
341.0
284.0
292.0
313.0
282.796721311
609.0
522.0
341.0
280.0
565.0
322.0
982.0
890.0
556.0
569.0
524.0
170.0
707.0
552.0
521.0
318.0
510.0
187.0
338.0
287.732319894
1329.0
1197.0
1314.0
884.0
1194.0
1084.0
1292.0
726.0
1122.0
1219.0
1203.0
1150.0
1295.0
1314.0
1225.0
874.0
1139.0
911.0
1056.0
288.489080079
624.0
695.0
980.0
708.0
1704.0
827.0
683.0
1296.0
840.0
553.0
997.0
586.0
840.0
515.0
692.0
638.0
852.0
674.0
545.0
285.34295082
294.0
210.0
226.0
272.0
217.0
170.0
197.0
272.0
265.0
267.0
243.0
295.0
340.0
171.0
263.0
299.0
315.0
323.0
331.0
314.827495043
300.0
394.0
292.0
226.0
261.0
399.0
319.0
662.0
203.0
234.0
384.0
198.0
219.0
251.0
293.0
197.0
226.0
271.0
387.0
288.842070338
462.0
422.0
410.0
235.0
201.0
406.0
188.0
391.0
232.0
236.0
183.0
239.0
196.0
193.0
199.0
230.0
213.0
222.0
160.0
317.222368421
1619.0
1861.0
1620.0
1628.0
1386.0
2107.0
4439.0
1504.0
1393.0
1376.0
1533.0
1933.0
1146.0
1786.0
1729.0
1558.0
1668.0
1465.0
1541.0
294.441447368
298.0
563.0
612.0
520.0
563.0
508.0
514.0
469.0
546.0
854.0
290.0
182.0
167.0
253.0
703.0
884.0
213.0
627.0
186.0
299.684804247
3700.0
3629.0
3778.0
3632.0
2520.0
3630.0
3659.0
2514.0
3803.0
3602.0
3616.0
3753.0
3660.0
3683.0
3692.0
3784.0
3809.0
3748.0
8042.0
291.500330033
338.0
549.0
464.0
159.0
200.0
345.0
1564.0
394.0
221.0
312.0
539.0
250.0
412.0
175.0
651.0
324.0
411.0
643.0
892.0
288.287122208
567.0
760.0
286.0
445.0
724.0
617.0
631.0
453.0
380.0
681.0
494.0
611.0
454.0
441.0
666.0
1210.0
806.0
170.0
733.0
291.947785856
438.0
370.0
378.0
456.0
425.0
462.0
503.0
524.0
438.0
349.0
697.0
313.0
352.0
227.0
699.0
331.0
481.0
276.0
630.0
292.425827815
342.0
320.0
249.0
145.0
206.0
233.0
193.0
162.0
242.0
334.0
191.0
225.0
166.0
220.0
359.0
277.0
188.0
253.0
348.0
288.731755424
2902.0
2832.0
3019.0
2754.0
2756.0
2616.0
6598.0
2727.0
3249.0
2966.0
3178.0
3176.0
3218.0
2811.0
2794.0
2756.0
3942.0
2801.0
3280.0
294.942687747
333.0
296.0
324.0
184.0
445.0
247.0
510.0
176.0
321.0
351.0
415.0
276.0
205.0
203.0
542.0
349.0
217.0
358.0
1532.0
286.717607973
1828.0
1822.0
1707.0
1036.0
1016.0
1023.0
1787.0
2331.0
998.0
1220.0
1061.0
1176.0
1286.0
1042.0
636.0
573.0
1661.0
1017.0
1123.0
270.947889182
439.0
399.0
422.0
421.0
442.0
386.0
415.0
430.0
356.0
490.0
310.0
186.0
232.0
207.0
296.0
145.0
864.0
192.0
748.0
336.566929134
1649.0
242.0
4160.0
1409.0
6304.0
6294.0
4282.0
1351.0
2122.0
156.0
4163.0
6943.0
4591.0
6240.0
4141.0
4127.0
4303.0
4054.0
4834.0
302.988711819
188.0
188.0
506.0
175.0
196.0
289.0
465.0
200.0
511.0
443.0
640.0
187.0
449.0
210.0
485.0
298.0
465.0
186.0
314.0
290.191672174
1469.0
2156.0
2359.0
4533.0
1985.0
1977.0
2194.0
1411.0
1486.0
1483.0
1536.0
1391.0
2116.0
2975.0
1717.0
2006.0
2410.0
2007.0
1671.0
291.591863517
807.0
908.0
592.0
950.0
623.0
575.0
574.0
735.0
658.0
789.0
781.0
760.0
779.0
1065.0
786.0
772.0
762.0
412.0
767.0
292.568497684
2600.0
3589.0
2880.0
3077.0
3060.0
2644.0
3628.0
3172.0
6572.0
3606.0
3571.0
3798.0
3612.0
2947.0
2800.0
3669.0
2824.0
3635.0
3109.0
286.16468254
1523.0
1606.0
1495.0
1646.0
1576.0
1789.0
5644.0
1673.0
1546.0
1646.0
1570.0
2434.0
1556.0
1544.0
1697.0
1657.0
1650.0
1658.0
2727.0
281.787779238
756.0
1256.0
1990.0
823.0
845.0
1615.0
6441.0
1323.0
4357.0
1323.0
6328.0
4740.0
4657.0
6331.0
6346.0
8034.0
6237.0
4292.0
4676.0
291.729907773
5053.0
7055.0
5302.0
2181.0
5229.0
1288.0
3304.0
5048.0
5185.0
5106.0
5278.0
1423.0
4961.0
5213.0
4946.0
2104.0
5216.0
5298.0
5135.0
287.676587302
282.0
207.0
237.0
356.0
390.0
285.0
283.0
197.0
164.0
152.0
160.0
337.0
198.0
260.0
230.0
316.0
205.0
349.0
232.0
297.196039604
5443.0
5317.0
1908.0
7042.0
1561.0
4192.0
5377.0
4152.0
5506.0
6412.0
5204.0
5129.0
5127.0
5163.0
5369.0
5534.0
4135.0
4392.0
5521.0
285.2
316.0
347.0
176.0
289.0
265.0
299.0
468.0
179.0
183.0
266.0
520.0
238.0
337.0
321.0
249.0
178.0
292.0
470.0
657.0
298.955085865
221.0
242.0
311.0
401.0
396.0
453.0
154.0
299.0
429.0
441.0
415.0
490.0
456.0
452.0
469.0
490.0
325.0
481.0
443.0
282.250494397
585.0
800.0
795.0
817.0
724.0
581.0
740.0
1245.0
1156.0
766.0
530.0
502.0
695.0
732.0
593.0
525.0
548.0
554.0
505.0
273.415958143
244.0
365.0
254.0
280.0
369.0
464.0
719.0
816.0
376.0
384.0
258.0
330.0
156.0
751.0
574.0
171.0
371.0
673.0
686.0
323.305263158
437.0
414.0
1356.0
355.0
579.0
395.0
266.0
961.0
1171.0
441.0
406.0
398.0
1130.0
924.0
368.0
572.0
747.0
1091.0
413.0
288.065876153
3760.0
3780.0
3590.0
4093.0
3386.0
3788.0
3652.0
5898.0
3758.0
3713.0
2608.0
3639.0
3703.0
2671.0
3660.0
3872.0
3670.0
3555.0
3696.0
279.768827767
164.0
242.0
351.0
255.0
175.0
264.0
230.0
166.0
288.0
193.0
308.0
259.0
377.0
379.0
295.0
275.0
258.0
367.0
320.0
289.876963351
5142.0
773.0
5206.0
5298.0
5252.0
5012.0
5267.0
5080.0
5030.0
3053.0
4957.0
6307.0
5142.0
4934.0
5224.0
4884.0
604.0
4924.0
5016.0
286.749014455
275.0
316.0
279.0
296.0
263.0
254.0
399.0
285.0
163.0
282.0
174.0
292.0
216.0
190.0
287.0
317.0
168.0
173.0
304.0
295.16852459
275.0
204.0
226.0
352.0
276.0
495.0
343.0
302.0
301.0
277.0
202.0
225.0
336.0
262.0
247.0
211.0
277.0
457.0
138.0
272.08883083
631.0
596.0
654.0
705.0
566.0
2724.0
1245.0
1241.0
1168.0
1232.0
1245.0
1214.0
666.0
1219.0
1206.0
1205.0
684.0
1154.0
1257.0
282.561598952
2457.0
3002.0
3182.0
2907.0
2896.0
3233.0
3270.0
3427.0
2796.0
2760.0
2864.0
2809.0
2794.0
2841.0
2776.0
3146.0
3319.0
2860.0
3147.0
282.60538411
819.0
517.0
610.0
867.0
224.0
221.0
155.0
564.0
863.0
529.0
865.0
473.0
574.0
233.0
194.0
190.0
596.0
222.0
877.0
275.358539765
620.0
705.0
476.0
476.0
309.0
438.0
478.0
592.0
535.0
568.0
158.0
578.0
442.0
501.0
592.0
839.0
404.0
324.0
520.0
275.632333768
616.0
574.0
248.0
514.0
587.0
952.0
153.0
624.0
283.0
257.0
648.0
345.0
599.0
250.0
594.0
234.0
214.0
280.0
556.0
279.556572923
211.0
153.0
191.0
170.0
245.0
148.0
192.0
242.0
191.0
170.0
185.0
458.0
488.0
182.0
449.0
447.0
205.0
207.0
426.0
296.768078176
